region,date,cases,cumulative_cases
AB,2020-03-05,1,1
AB,2020-03-06,0,1
AB,2020-03-07,1,2
AB,2020-03-08,1,3
AB,2020-03-09,4,7
AB,2020-03-10,9,16
AB,2020-03-11,7,23
AB,2020-03-12,3,26
AB,2020-03-13,8,34
AB,2020-03-14,22,56
AB,2020-03-15,11,67
AB,2020-03-16,24,91
AB,2020-03-17,11,102
AB,2020-03-18,29,131
AB,2020-03-19,32,163
AB,2020-03-20,46,209
AB,2020-03-21,35,244
AB,2020-03-22,47,291
AB,2020-03-23,52,343
AB,2020-03-24,68,411
AB,2020-03-25,63,474
AB,2020-03-26,53,527
AB,2020-03-27,85,612
AB,2020-03-28,54,666
AB,2020-03-29,34,700
AB,2020-03-30,40,740
AB,2020-03-31,132,872
AB,2020-04-01,108,980
AB,2020-04-02,122,1102
AB,2020-04-03,70,1172
AB,2020-04-04,60,1232
AB,2020-04-05,42,1274
AB,2020-04-06,34,1308
AB,2020-04-07,53,1361
AB,2020-04-08,33,1394
AB,2020-04-09,45,1439
AB,2020-04-10,49,1488
AB,2020-04-11,65,1553
AB,2020-04-12,68,1621
AB,2020-04-13,68,1689
AB,2020-04-14,127,1816
AB,2020-04-15,133,1949
AB,2020-04-16,146,2095
AB,2020-04-17,213,2308
AB,2020-04-18,187,2495
AB,2020-04-19,201,2696
AB,2020-04-20,183,2879
AB,2020-04-21,264,3143
AB,2020-04-22,294,3437
AB,2020-04-23,340,3777
AB,2020-04-24,232,4009
AB,2020-04-25,222,4231
AB,2020-04-26,203,4434
AB,2020-04-27,178,4612
AB,2020-04-28,249,4861
AB,2020-04-29,231,5092
AB,2020-04-30,222,5314
AB,2020-05-01,141,5455
AB,2020-05-02,112,5567
AB,2020-05-03,70,5637
AB,2020-05-04,79,5716
AB,2020-05-05,62,5778
AB,2020-05-06,65,5843
AB,2020-05-07,87,5930
AB,2020-05-08,77,6007
AB,2020-05-09,85,6092
AB,2020-05-10,71,6163
AB,2020-05-11,47,6210
AB,2020-05-12,70,6280
AB,2020-05-13,62,6342
AB,2020-05-14,61,6403
AB,2020-05-15,73,6476
AB,2020-05-16,54,6530
AB,2020-05-17,46,6576
AB,2020-05-18,38,6614
AB,2020-05-19,43,6657
AB,2020-05-20,27,6684
AB,2020-05-21,30,6714
AB,2020-05-22,27,6741
AB,2020-05-23,32,6773
AB,2020-05-24,29,6802
AB,2020-05-25,13,6815
AB,2020-05-26,19,6834
AB,2020-05-27,27,6861
AB,2020-05-28,28,6889
AB,2020-05-29,30,6919
AB,2020-05-30,20,6939
AB,2020-05-31,34,6973
AB,2020-06-01,21,6994
AB,2020-06-02,19,7013
AB,2020-06-03,18,7031
AB,2020-06-04,19,7050
AB,2020-06-05,37,7087
AB,2020-06-06,23,7110
AB,2020-06-07,33,7143
AB,2020-06-08,24,7167
AB,2020-06-09,38,7205
AB,2020-06-10,48,7253
AB,2020-06-11,43,7296
AB,2020-06-12,27,7323
AB,2020-06-13,35,7358
AB,2020-06-14,53,7411
AB,2020-06-15,36,7447
AB,2020-06-16,45,7492
AB,2020-06-17,46,7538
AB,2020-06-18,46,7584
AB,2020-06-19,47,7631
AB,2020-06-20,30,7661
AB,2020-06-21,33,7694
AB,2020-06-22,41,7735
AB,2020-06-23,45,7780
AB,2020-06-24,25,7805
AB,2020-06-25,36,7841
AB,2020-06-26,66,7907
AB,2020-06-27,37,7944
AB,2020-06-28,68,8012
AB,2020-06-29,44,8056
AB,2020-06-30,33,8089
AB,2020-07-01,64,8153
AB,2020-07-02,55,8208
AB,2020-07-03,30,8238
AB,2020-07-04,48,8286
AB,2020-07-05,48,8334
AB,2020-07-06,49,8383
AB,2020-07-07,44,8427
AB,2020-07-08,43,8470
AB,2020-07-09,74,8544
AB,2020-07-10,62,8606
AB,2020-07-11,90,8696
AB,2020-07-12,78,8774
AB,2020-07-13,87,8861
AB,2020-07-14,85,8946
AB,2020-07-15,115,9061
AB,2020-07-16,103,9164
AB,2020-07-17,168,9332
AB,2020-07-18,102,9434
AB,2020-07-19,88,9522
AB,2020-07-20,131,9653
AB,2020-07-21,136,9789
AB,2020-07-22,113,9902
AB,2020-07-23,116,10018
AB,2020-07-24,117,10135
AB,2020-07-25,98,10233
AB,2020-07-26,89,10322
AB,2020-07-27,81,10403
AB,2020-07-28,131,10534
AB,2020-07-29,118,10652
AB,2020-07-30,124,10776
AB,2020-07-31,99,10875
AB,2020-08-01,67,10942
AB,2020-08-02,73,11015
AB,2020-08-03,64,11079
AB,2020-08-04,94,11173
AB,2020-08-05,61,11234
AB,2020-08-06,128,11362
AB,2020-08-07,111,11473
AB,2020-08-08,97,11570
AB,2020-08-09,45,11615
AB,2020-08-10,86,11701
AB,2020-08-11,116,11817
AB,2020-08-12,72,11889
AB,2020-08-13,81,11970
AB,2020-08-14,104,12074
AB,2020-08-15,83,12157
AB,2020-08-16,95,12252
AB,2020-08-17,85,12337
AB,2020-08-18,81,12418
AB,2020-08-19,101,12519
AB,2020-08-20,140,12659
AB,2020-08-21,88,12747
AB,2020-08-22,103,12850
AB,2020-08-23,70,12920
AB,2020-08-24,73,12993
AB,2020-08-25,125,13118
AB,2020-08-26,104,13222
AB,2020-08-27,153,13375
AB,2020-08-28,142,13517
AB,2020-08-29,181,13698
AB,2020-08-30,109,13807
AB,2020-08-31,152,13959
AB,2020-09-01,109,14068
AB,2020-09-02,132,14200
AB,2020-09-03,157,14357
AB,2020-09-04,169,14526
AB,2020-09-05,168,14694
AB,2020-09-06,134,14828
AB,2020-09-07,147,14975
AB,2020-09-08,97,15072
AB,2020-09-09,113,15185
AB,2020-09-10,116,15301
AB,2020-09-11,115,15416
AB,2020-09-12,166,15582
AB,2020-09-13,137,15719
AB,2020-09-14,123,15842
AB,2020-09-15,170,16012
AB,2020-09-16,182,16194
AB,2020-09-17,125,16319
AB,2020-09-18,137,16456
AB,2020-09-19,120,16576
AB,2020-09-20,152,16728
AB,2020-09-21,156,16884
AB,2020-09-22,128,17012
AB,2020-09-23,129,17141
AB,2020-09-24,124,17265
AB,2020-09-25,175,17440
AB,2020-09-26,155,17595
AB,2020-09-27,121,17716
AB,2020-09-28,127,17843
AB,2020-09-29,175,18018
AB,2020-09-30,154,18172
AB,2020-10-01,147,18319
AB,2020-10-02,222,18541
AB,2020-10-03,195,18736
AB,2020-10-04,213,18949
AB,2020-10-05,206,19155
AB,2020-10-06,243,19398
AB,2020-10-07,218,19616
AB,2020-10-08,186,19802
AB,2020-10-09,258,20060
AB,2020-10-10,250,20310
AB,2020-10-11,241,20551
AB,2020-10-12,221,20772
AB,2020-10-13,242,21014
AB,2020-10-14,242,21256
AB,2020-10-15,319,21575
AB,2020-10-16,307,21882
AB,2020-10-17,225,22107
AB,2020-10-18,370,22477
AB,2020-10-19,324,22801
AB,2020-10-20,392,23193
AB,2020-10-21,436,23629
AB,2020-10-22,442,24071
AB,2020-10-23,390,24461
AB,2020-10-24,578,25039
AB,2020-10-25,500,25539
AB,2020-10-26,416,25955
AB,2020-10-27,407,26362
AB,2020-10-28,479,26841
AB,2020-10-29,614,27455
AB,2020-10-30,589,28044
AB,2020-10-31,524,28568
AB,2020-11-01,605,29173
AB,2020-11-02,571,29744
AB,2020-11-03,537,30281
AB,2020-11-04,771,31052
AB,2020-11-05,735,31787
AB,2020-11-06,825,32612
AB,2020-11-07,640,33252
AB,2020-11-08,630,33882
AB,2020-11-09,724,34606
AB,2020-11-10,676,35282
AB,2020-11-11,854,36136
AB,2020-11-12,896,37032
AB,2020-11-13,1017,38049
AB,2020-11-14,981,39030
AB,2020-11-15,852,39882
AB,2020-11-16,765,40647
AB,2020-11-17,729,41376
AB,2020-11-18,1102,42478
AB,2020-11-19,1140,43618
AB,2020-11-20,1333,44951
AB,2020-11-21,1562,46513
AB,2020-11-22,1528,48041
AB,2020-11-23,1120,49161
AB,2020-11-24,1271,50432
AB,2020-11-25,1084,51516
AB,2020-11-26,1228,52744
AB,2020-11-27,1714,54458
AB,2020-11-28,1593,56051
AB,2020-11-29,1709,57760
AB,2020-11-30,1317,59077
AB,2020-12-01,1695,60772
AB,2020-12-02,1851,62623
AB,2020-12-03,1794,64417
AB,2020-12-04,1880,66297
AB,2020-12-05,1828,68125
AB,2020-12-06,1725,69850
AB,2020-12-07,1794,71644
AB,2020-12-08,1494,73138
AB,2020-12-09,1596,74734
AB,2020-12-10,1745,76479
AB,2020-12-11,1597,78076
AB,2020-12-12,1709,79785
AB,2020-12-13,1865,81650
AB,2020-12-14,1342,82992
AB,2020-12-15,1287,84279
AB,2020-12-16,1592,85871
AB,2020-12-17,1461,87332
AB,2020-12-18,1369,88701
AB,2020-12-19,1307,90008
AB,2020-12-20,1251,91259
AB,2020-12-21,1052,92311
AB,2020-12-22,1336,93647
AB,2020-12-23,1130,94777
AB,2020-12-24,1240,96017
AB,2020-12-25,904,96921
AB,2020-12-26,486,97407
AB,2020-12-27,955,98362
AB,2020-12-28,897,99259
AB,2020-12-29,1364,100623
AB,2020-12-30,1263,101886
AB,2020-12-31,1360,103246
AB,2021-01-01,921,104167
AB,2021-01-02,466,104633
AB,2021-01-03,1138,105771
AB,2021-01-04,878,106649
AB,2021-01-05,1148,107797
AB,2021-01-06,966,108763
AB,2021-01-07,1177,109940
AB,2021-01-08,980,110920
AB,2021-01-09,809,111729
AB,2021-01-10,627,112356
AB,2021-01-11,675,113031
AB,2021-01-12,867,113898
AB,2021-01-13,966,114864
AB,2021-01-14,779,115643
AB,2021-01-15,702,116345
AB,2021-01-16,743,117088
AB,2021-01-17,461,117549
AB,2021-01-18,462,118011
AB,2021-01-19,670,118681
AB,2021-01-20,672,119353
AB,2021-01-21,642,119995
AB,2021-01-22,567,120562
AB,2021-01-23,451,121013
AB,2021-01-24,358,121371
AB,2021-01-25,362,121733
AB,2021-01-26,468,122201
AB,2021-01-27,473,122674
AB,2021-01-28,519,123193
AB,2021-01-29,388,123581
AB,2021-01-30,468,124049
AB,2021-01-31,351,124400
AB,2021-02-01,280,124680
AB,2021-02-02,456,125136
AB,2021-02-03,403,125539
AB,2021-02-04,394,125933
AB,2021-02-05,361,126294
AB,2021-02-06,352,126646
AB,2021-02-07,268,126914
AB,2021-02-08,220,127134
AB,2021-02-09,335,127469
AB,2021-02-10,348,127817
AB,2021-02-11,318,128135
AB,2021-02-12,301,128436
AB,2021-02-13,286,128722
AB,2021-02-14,244,128966
AB,2021-02-15,260,129226
AB,2021-02-16,286,129512
AB,2021-02-17,420,129932
AB,2021-02-18,331,130263
AB,2021-02-19,384,130647
AB,2021-02-20,327,130974
AB,2021-02-21,268,131242
AB,2021-02-22,277,131519
AB,2021-02-23,425,131944
AB,2021-02-24,404,132348
AB,2021-02-25,355,132703
AB,2021-02-26,413,133116
AB,2021-02-27,301,133417
AB,2021-02-28,287,133704
AB,2021-03-01,262,133966
AB,2021-03-02,400,134366
AB,2021-03-03,333,134699
AB,2021-03-04,408,135107
AB,2021-03-05,335,135442
AB,2021-03-06,306,135748
AB,2021-03-07,250,135998
AB,2021-03-08,250,136248
AB,2021-03-09,384,136632
AB,2021-03-10,405,137037
AB,2021-03-11,447,137484
AB,2021-03-12,426,137910
AB,2021-03-13,376,138286
AB,2021-03-14,364,138650
AB,2021-03-15,349,138999
AB,2021-03-16,507,139506
AB,2021-03-17,516,140022
AB,2021-03-18,669,140691
AB,2021-03-19,528,141219
AB,2021-03-20,544,141763
AB,2021-03-21,456,142219
AB,2021-03-22,481,142700
AB,2021-03-23,677,143377
AB,2021-03-24,762,144139
AB,2021-03-25,727,144866
AB,2021-03-26,655,145521
AB,2021-03-27,640,146161
AB,2021-03-28,540,146701
AB,2021-03-29,622,147323
AB,2021-03-30,895,148218
AB,2021-03-31,878,149096
AB,2021-04-01,1078,150174
AB,2021-04-02,1065,151239
AB,2021-04-03,936,152175
AB,2021-04-04,867,153042
AB,2021-04-05,930,153972
AB,2021-04-06,1365,155337
AB,2021-04-07,1414,156751
AB,2021-04-08,1533,158284
AB,2021-04-09,1281,159565
AB,2021-04-10,1171,160736
AB,2021-04-11,1096,161832
AB,2021-04-12,1052,162884
AB,2021-04-13,1433,164317
AB,2021-04-14,1649,165966
AB,2021-04-15,1606,167572
AB,2021-04-16,1501,169073
AB,2021-04-17,1474,170547
AB,2021-04-18,1355,171902
AB,2021-04-19,1349,173251
AB,2021-04-20,1729,174980
AB,2021-04-21,1841,176821
AB,2021-04-22,1672,178493
AB,2021-04-23,1512,180005
AB,2021-04-24,1446,181451
AB,2021-04-25,1492,182943
AB,2021-04-26,1547,184490
AB,2021-04-27,1835,186325
AB,2021-04-28,2069,188394
AB,2021-04-29,1996,190390
AB,2021-04-30,2411,192801
AB,2021-05-01,1701,194502
AB,2021-05-02,1971,196473
AB,2021-05-03,1792,198265
AB,2021-05-04,2282,200547
AB,2021-05-05,2183,202730
AB,2021-05-06,1943,204673
AB,2021-05-07,2050,206723
AB,2021-05-08,1583,208306
AB,2021-05-09,1570,209876
AB,2021-05-10,1511,211387
AB,2021-05-11,1813,213200
AB,2021-05-12,1591,214791
AB,2021-05-13,1485,216276
AB,2021-05-14,1238,217514
AB,2021-05-15,1132,218646
AB,2021-05-16,718,219364
AB,2021-05-17,918,220282
AB,2021-05-18,955,221237
AB,2021-05-19,829,222066
AB,2021-05-20,756,222822
AB,2021-05-21,635,223457
AB,2021-05-22,552,224009
AB,2021-05-23,447,224456
AB,2021-05-24,388,224844
AB,2021-05-25,407,225251
AB,2021-05-26,540,225791
AB,2021-05-27,537,226328
AB,2021-05-28,409,226737
AB,2021-05-29,397,227134
AB,2021-05-30,259,227393
AB,2021-05-31,213,227606
AB,2021-06-01,430,228036
AB,2021-06-02,309,228345
AB,2021-06-03,241,228586
AB,2021-06-04,298,228884
AB,2021-06-05,232,229116
AB,2021-06-06,159,229275
AB,2021-06-07,141,229416
AB,2021-06-08,319,229735
AB,2021-06-09,171,229906
AB,2021-06-10,178,230084
AB,2021-06-11,176,230260
AB,2021-06-12,163,230423
AB,2021-06-13,129,230552
AB,2021-06-14,129,230681
AB,2021-06-15,145,230826
AB,2021-06-16,141,230967
AB,2021-06-17,119,231086
AB,2021-06-18,123,231209
AB,2021-06-19,86,231295
AB,2021-06-20,53,231348
AB,2021-06-21,67,231415
AB,2021-06-22,100,231515
AB,2021-06-23,80,231595
AB,2021-06-24,93,231688
AB,2021-06-25,77,231765
AB,2021-06-26,45,231810
AB,2021-06-27,40,231850
AB,2021-06-28,56,231906
AB,2021-06-29,75,231981
AB,2021-06-30,60,232041
AB,2021-07-01,36,232077
AB,2021-07-02,34,232111
AB,2021-07-03,52,232163
AB,2021-07-04,39,232202
AB,2021-07-05,36,232238
AB,2021-07-06,57,232295
AB,2021-07-07,49,232344
AB,2021-07-08,57,232401
AB,2021-07-09,35,232436
AB,2021-07-10,31,232467
AB,2021-07-11,30,232497
AB,2021-07-12,32,232529
AB,2021-07-13,34,232563
AB,2021-07-14,49,232612
AB,2021-07-15,52,232664
AB,2021-07-16,51,232715
AB,2021-07-17,40,232755
AB,2021-07-18,41,232796
AB,2021-07-19,61,232857
AB,2021-07-20,89,232946
AB,2021-07-21,96,233042
AB,2021-07-22,167,233209
AB,2021-07-23,145,233354
AB,2021-07-24,138,233492
AB,2021-07-25,92,233584
AB,2021-07-26,134,233718
AB,2021-07-27,205,233923
AB,2021-07-28,222,234145
AB,2021-07-29,196,234341
AB,2021-07-30,231,234572
AB,2021-07-31,223,234795
AB,2021-08-01,143,234938
AB,2021-08-02,123,235061
AB,2021-08-03,203,235264
AB,2021-08-04,394,235658
AB,2021-08-05,365,236023
AB,2021-08-06,391,236414
AB,2021-08-07,376,236790
AB,2021-08-08,240,237030
AB,2021-08-09,285,237315
AB,2021-08-10,504,237819
AB,2021-08-11,547,238366
AB,2021-08-12,581,238947
AB,2021-08-13,567,239514
AB,2021-08-14,449,239963
AB,2021-08-15,389,240352
AB,2021-08-16,409,240761
AB,2021-08-17,691,241452
AB,2021-08-18,810,242262
AB,2021-08-19,740,243002
AB,2021-08-20,811,243813
AB,2021-08-21,679,244492
AB,2021-08-22,470,244962
AB,2021-08-23,641,245603
AB,2021-08-24,1077,246680
AB,2021-08-25,1102,247782
AB,2021-08-26,1172,248954
AB,2021-08-27,1226,250180
AB,2021-08-28,957,251137
AB,2021-08-29,867,252004
AB,2021-08-30,917,252921
AB,2021-08-31,1341,254262
AB,2021-09-01,1338,255600
AB,2021-09-02,1414,257014
AB,2021-09-03,1310,258324
AB,2021-09-04,1449,259773
AB,2021-09-05,811,260584
AB,2021-09-06,1296,261880
AB,2021-09-07,1219,263099
AB,2021-09-08,1498,264597
AB,2021-09-09,1475,266072
AB,2021-09-10,1649,267721
AB,2021-09-11,1492,269213
AB,2021-09-12,1592,270805
AB,2021-09-13,1413,272218
AB,2021-09-14,1630,273848
AB,2021-09-15,1726,275574
AB,2021-09-16,2003,277577
AB,2021-09-17,1595,279172
AB,2021-09-18,1589,280761
AB,2021-09-19,1434,282195
AB,2021-09-20,1519,283714
AB,2021-09-21,1312,285026
AB,2021-09-22,1686,286712
AB,2021-09-23,1670,288382
AB,2021-09-24,1873,290255
AB,2021-09-25,1525,291780
AB,2021-09-26,1755,293535
AB,2021-09-27,1271,294806
AB,2021-09-28,1704,296510
AB,2021-09-29,1721,298231
AB,2021-09-30,1649,299880
AB,2021-10-01,1606,301486
AB,2021-10-02,1285,302771
AB,2021-10-03,1129,303900
AB,2021-10-04,696,304596
AB,2021-10-05,1262,305858
AB,2021-10-06,1245,307103
AB,2021-10-07,1267,308370
AB,2021-10-08,1086,309456
AB,2021-10-09,1041,310497
AB,2021-10-10,637,311134
AB,2021-10-11,602,311736
AB,2021-10-12,652,312388
AB,2021-10-13,930,313318
AB,2021-10-14,1044,314362
AB,2021-10-15,772,315134
AB,2021-10-16,795,315929
AB,2021-10-17,608,316537
AB,2021-10-18,531,317068
AB,2021-10-19,807,317875
AB,2021-10-20,773,318648
AB,2021-10-21,666,319314
AB,2021-10-22,704,320018
AB,2021-10-23,522,320540
AB,2021-10-24,366,320906
AB,2021-10-25,458,321364
AB,2021-10-26,626,321990
AB,2021-10-27,541,322531
AB,2021-10-28,607,323138
AB,2021-10-29,530,323668
AB,2021-10-30,339,324007
AB,2021-10-31,341,324348
AB,2021-11-01,326,324674
AB,2021-11-02,489,325163
AB,2021-11-03,540,325703
AB,2021-11-04,468,326171
AB,2021-11-05,590,326761
AB,2021-11-06,433,327194
AB,2021-11-07,287,327481
AB,2021-11-08,426,327907
AB,2021-11-09,500,328407
AB,2021-11-10,468,328875
AB,2021-11-11,376,329251
AB,2021-11-12,435,329686
AB,2021-11-13,357,330043
AB,2021-11-14,289,330332
AB,2021-11-15,321,330653
AB,2021-11-16,416,331069
AB,2021-11-17,388,331457
AB,2021-11-18,417,331874
AB,2021-11-19,472,332346
AB,2021-11-20,379,332725
AB,2021-11-21,270,332995
AB,2021-11-22,271,333266
AB,2021-11-23,473,333739
AB,2021-11-24,397,334136
AB,2021-11-25,363,334499
AB,2021-11-26,323,334822
AB,2021-11-27,251,335073
AB,2021-11-28,231,335304
AB,2021-11-29,231,335535
AB,2021-11-30,433,335968
AB,2021-12-01,364,336332
AB,2021-12-02,342,336674
AB,2021-12-03,347,337021
AB,2021-12-04,247,337268
AB,2021-12-05,184,337452
AB,2021-12-06,234,337686
AB,2021-12-07,384,338070
AB,2021-12-08,354,338424
AB,2021-12-09,344,338768
AB,2021-12-10,312,339080
AB,2021-12-11,259,339339
AB,2021-12-12,201,339540
AB,2021-12-13,276,339816
AB,2021-12-14,444,340260
AB,2021-12-15,467,340727
AB,2021-12-16,546,341273
AB,2021-12-17,619,341892
AB,2021-12-18,710,342602
AB,2021-12-19,563,343165
AB,2021-12-20,790,343955
AB,2021-12-21,1354,345309
AB,2021-12-22,1573,346882
AB,2021-12-23,1969,348851
AB,2021-12-24,2450,351301
AB,2021-12-25,1571,352872
AB,2021-12-26,687,353559
AB,2021-12-27,1377,354936
AB,2021-12-28,2769,357705
AB,2021-12-29,3969,361674
AB,2021-12-30,4346,366020
AB,2021-12-31,4337,370357
AB,2022-01-01,3197,373554
AB,2022-01-02,1957,375511
AB,2022-01-03,2935,378446
AB,2022-01-04,4681,383127
AB,2022-01-05,4754,387881
AB,2022-01-06,6125,394006
AB,2022-01-07,6115,400121
AB,2022-01-08,6149,406270
AB,2022-01-09,5310,411580
AB,2022-01-10,4624,416204
AB,2022-01-11,6763,422967
AB,2022-01-12,5851,428818
AB,2022-01-13,6235,435053
AB,2022-01-14,6095,441148
AB,2022-01-15,5345,446493
AB,2022-01-16,4133,450626
AB,2022-01-17,3515,454141
AB,2022-01-18,3772,457913
AB,2022-01-19,3630,461543
AB,2022-01-20,3682,465225
AB,2022-01-21,3873,469098
AB,2022-01-22,2616,471714
AB,2022-01-23,1686,473400
AB,2022-01-24,2841,476241
AB,2022-01-25,3343,479584
AB,2022-01-26,3231,482815
AB,2022-01-27,3074,485889
AB,2022-01-28,2946,488835
AB,2022-01-29,1823,490658
AB,2022-01-30,1733,492391
AB,2022-01-31,2015,494406
AB,2022-02-01,3037,497443
AB,2022-02-02,2474,499917
AB,2022-02-03,2089,502006
AB,2022-02-04,2023,504029
AB,2022-02-05,1374,505403
AB,2022-02-06,1121,506524
AB,2022-02-07,1538,508062
AB,2022-02-08,1799,509861
AB,2022-02-09,1466,511327
AB,2022-02-10,1403,512730
AB,2022-02-11,1106,513836
AB,2022-02-12,851,514687
AB,2022-02-13,634,515321
AB,2022-02-14,858,516179
AB,2022-02-15,1048,517227
AB,2022-02-16,960,518187
AB,2022-02-17,799,518986
AB,2022-02-18,739,519725
AB,2022-02-19,472,520197
AB,2022-02-20,465,520662
AB,2022-02-21,454,521116
AB,2022-02-22,752,521868
AB,2022-02-23,737,522605
AB,2022-02-24,657,523262
AB,2022-02-25,599,523861
AB,2022-02-26,465,524326
AB,2022-02-27,376,524702
AB,2022-02-28,518,525220
AB,2022-03-01,548,525768
AB,2022-03-02,638,526406
AB,2022-03-03,493,526899
AB,2022-03-04,424,527323
AB,2022-03-05,397,527720
AB,2022-03-06,284,528004
AB,2022-03-07,472,528476
AB,2022-03-08,539,529015
AB,2022-03-09,580,529595
AB,2022-03-10,471,530066
AB,2022-03-11,503,530569
AB,2022-03-12,395,530964
AB,2022-03-13,438,531402
AB,2022-03-14,476,531878
AB,2022-03-15,578,532456
AB,2022-03-16,568,533024
AB,2022-03-17,605,533629
AB,2022-03-18,564,534193
AB,2022-03-19,479,534672
AB,2022-03-20,343,535015
AB,2022-03-21,485,535500
AB,2022-03-22,769,536269
AB,2022-03-23,740,537009
AB,2022-03-24,821,537830
AB,2022-03-25,691,538521
AB,2022-03-26,529,539050
AB,2022-03-27,459,539509
AB,2022-03-28,570,540079
AB,2022-03-29,873,540952
AB,2022-03-30,867,541819
AB,2022-03-31,909,542728
AB,2022-04-01,859,543587
AB,2022-04-02,664,544251
AB,2022-04-03,520,544771
AB,2022-04-04,823,545594
AB,2022-04-05,1031,546625
AB,2022-04-06,1010,547635
AB,2022-04-07,920,548555
AB,2022-04-08,932,549487
AB,2022-04-09,822,550309
AB,2022-04-10,591,550900
AB,2022-04-11,839,551739
AB,2022-04-12,1012,552751
AB,2022-04-13,1025,553776
AB,2022-04-14,1023,554799
AB,2022-04-15,846,555645
AB,2022-04-16,738,556383
AB,2022-04-17,637,557020
AB,2022-04-18,812,557832
AB,2022-04-19,1124,558956
AB,2022-04-20,1228,560184
AB,2022-04-21,1038,561222
AB,2022-04-22,968,562190
AB,2022-04-23,838,563028
AB,2022-04-24,677,563705
AB,2022-04-25,700,564405
AB,2022-04-26,1078,565483
AB,2022-04-27,942,566425
AB,2022-04-28,918,567343
AB,2022-04-29,756,568099
AB,2022-04-30,726,568825
AB,2022-05-01,609,569434
AB,2022-05-02,671,570105
AB,2022-05-03,756,570861
AB,2022-05-04,772,571633
AB,2022-05-05,777,572410
AB,2022-05-06,690,573100
AB,2022-05-07,590,573690
AB,2022-05-08,134,573824
AB,2022-05-09,822,574646
AB,2022-05-10,654,575300
AB,2022-05-11,585,575885
AB,2022-05-12,602,576487
AB,2022-05-13,470,576957
AB,2022-05-14,450,577407
AB,2022-05-15,354,577761
AB,2022-05-16,479,578240
AB,2022-05-17,546,578786
AB,2022-05-18,469,579255
AB,2022-05-19,492,579747
AB,2022-05-20,355,580102
AB,2022-05-21,291,580393
AB,2022-05-22,231,580624
AB,2022-05-23,320,580944
AB,2022-05-24,389,581333
AB,2022-05-25,453,581786
AB,2022-05-26,363,582149
AB,2022-05-27,341,582490
AB,2022-05-28,259,582749
AB,2022-05-29,88,582837
AB,2022-05-30,438,583275
AB,2022-05-31,357,583632
AB,2022-06-01,271,583903
AB,2022-06-02,298,584201
AB,2022-06-03,266,584467
AB,2022-06-04,195,584662
AB,2022-06-05,187,584849
AB,2022-06-06,232,585081
AB,2022-06-07,290,585371
AB,2022-06-08,263,585634
AB,2022-06-09,246,585880
AB,2022-06-10,183,586063
AB,2022-06-11,142,586205
AB,2022-06-12,146,586351
AB,2022-06-13,163,586514
AB,2022-06-14,206,586720
AB,2022-06-15,184,586904
AB,2022-06-16,146,587050
AB,2022-06-17,176,587226
AB,2022-06-18,162,587388
AB,2022-06-19,66,587454
AB,2022-06-20,138,587592
AB,2022-06-21,180,587772
AB,2022-06-22,153,587925
AB,2022-06-23,127,588052
AB,2022-06-24,132,588184
AB,2022-06-25,121,588305
AB,2022-06-26,92,588397
AB,2022-06-27,128,588525
AB,2022-06-28,168,588693
AB,2022-06-29,174,588867
AB,2022-06-30,197,589064
AB,2022-07-01,156,589220
AB,2022-07-02,125,589345
AB,2022-07-03,114,589459
AB,2022-07-04,180,589639
AB,2022-07-05,247,589886
AB,2022-07-06,188,590074
AB,2022-07-07,230,590304
AB,2022-07-08,190,590494
AB,2022-07-09,191,590685
AB,2022-07-10,131,590816
AB,2022-07-11,176,590992
AB,2022-07-12,250,591242
AB,2022-07-13,264,591506
AB,2022-07-14,235,591741
AB,2022-07-15,245,591986
AB,2022-07-16,205,592191
AB,2022-07-17,179,592370
AB,2022-07-18,304,592674
AB,2022-07-19,320,592994
AB,2022-07-20,264,593258
AB,2022-07-21,275,593533
AB,2022-07-22,217,593750
AB,2022-07-23,232,593982
AB,2022-07-24,162,594144
AB,2022-07-25,217,594361
AB,2022-07-26,297,594658
AB,2022-07-27,237,594895
AB,2022-07-28,252,595147
AB,2022-07-29,308,595455
AB,2022-07-30,198,595653
AB,2022-07-31,150,595803
AB,2022-08-01,212,596015
AB,2022-08-02,246,596261
AB,2022-08-03,332,596593
AB,2022-08-04,266,596859
AB,2022-08-05,257,597116
AB,2022-08-06,245,597361
AB,2022-08-07,212,597573
AB,2022-08-08,215,597788
AB,2022-08-09,277,598065
AB,2022-08-10,247,598312
AB,2022-08-11,271,598583
AB,2022-08-12,278,598861
AB,2022-08-13,233,599094
AB,2022-08-14,126,599220
AB,2022-08-15,202,599422
AB,2022-08-16,313,599735
AB,2022-08-17,231,599966
AB,2022-08-18,272,600238
AB,2022-08-19,192,600430
AB,2022-08-20,193,600623
AB,2022-08-21,205,600828
AB,2022-08-22,157,600985
AB,2022-08-23,260,601245
AB,2022-08-24,241,601486
AB,2022-08-25,187,601673
AB,2022-08-26,166,601839
AB,2022-08-27,184,602023
AB,2022-08-28,164,602187
AB,2022-08-29,141,602328
AB,2022-08-30,170,602498
AB,2022-08-31,199,602697
AB,2022-09-01,174,602871
AB,2022-09-02,149,603020
AB,2022-09-03,140,603160
AB,2022-09-04,118,603278
AB,2022-09-05,114,603392
AB,2022-09-06,116,603508
AB,2022-09-07,214,603722
AB,2022-09-08,175,603897
AB,2022-09-09,179,604076
AB,2022-09-10,129,604205
AB,2022-09-11,127,604332
AB,2022-09-12,142,604474
AB,2022-09-13,228,604702
AB,2022-09-14,190,604892
AB,2022-09-15,201,605093
AB,2022-09-16,169,605262
AB,2022-09-17,190,605452
AB,2022-09-18,134,605586
AB,2022-09-19,197,605783
AB,2022-09-20,175,605958
AB,2022-09-21,257,606215
AB,2022-09-22,246,606461
AB,2022-09-23,193,606654
AB,2022-09-24,208,606862
AB,2022-09-25,154,607016
AB,2022-09-26,175,607191
AB,2022-09-27,271,607462
AB,2022-09-28,206,607668
AB,2022-09-29,249,607917
AB,2022-09-30,168,608085
AB,2022-10-01,167,608252
AB,2022-10-02,169,608421
AB,2022-10-03,189,608610
AB,2022-10-04,268,608878
AB,2022-10-05,180,609058
AB,2022-10-06,212,609270
AB,2022-10-07,182,609452
AB,2022-10-08,168,609620
AB,2022-10-09,145,609765
AB,2022-10-10,135,609900
AB,2022-10-11,172,610072
AB,2022-10-12,225,610297
AB,2022-10-13,258,610555
AB,2022-10-14,220,610775
AB,2022-10-15,163,610938
AB,2022-10-16,183,611121
AB,2022-10-17,159,611280
AB,2022-10-18,234,611514
AB,2022-10-19,238,611752
AB,2022-10-20,234,611986
AB,2022-10-21,202,612188
AB,2022-10-22,158,612346
AB,2022-10-23,191,612537
AB,2022-10-24,191,612728
AB,2022-10-25,226,612954
AB,2022-10-26,148,613102
AB,2022-10-27,247,613349
AB,2022-10-28,145,613494
AB,2022-10-29,194,613688
AB,2022-10-30,155,613843
AB,2022-10-31,156,613999
AB,2022-11-01,264,614263
AB,2022-11-02,193,614456
AB,2022-11-03,236,614692
AB,2022-11-04,202,614894
AB,2022-11-05,190,615084
AB,2022-11-06,138,615222
AB,2022-11-07,175,615397
AB,2022-11-08,229,615626
AB,2022-11-09,181,615807
AB,2022-11-10,241,616048
AB,2022-11-11,150,616198
AB,2022-11-12,198,616396
AB,2022-11-13,160,616556
AB,2022-11-14,177,616733
AB,2022-11-15,260,616993
AB,2022-11-16,244,617237
AB,2022-11-17,174,617411
AB,2022-11-18,154,617565
AB,2022-11-19,207,617772
AB,2022-11-20,129,617901
AB,2022-11-21,187,618088
AB,2022-11-22,181,618269
AB,2022-11-23,274,618543
AB,2022-11-24,203,618746
AB,2022-11-25,205,618951
AB,2022-11-26,185,619136
AB,2022-11-27,131,619267
AB,2022-11-28,123,619390
AB,2022-11-29,213,619603
AB,2022-11-30,152,619755
AB,2022-12-01,227,619982
AB,2022-12-02,139,620121
AB,2022-12-03,168,620289
AB,2022-12-04,120,620409
AB,2022-12-05,117,620526
AB,2022-12-06,171,620697
AB,2022-12-07,166,620863
AB,2022-12-08,204,621067
AB,2022-12-09,166,621233
AB,2022-12-10,101,621334
AB,2022-12-11,26,621360
AB,2022-12-12,202,621562
AB,2022-12-13,185,621747
AB,2022-12-14,144,621891
AB,2022-12-15,156,622047
AB,2022-12-16,111,622158
AB,2022-12-17,139,622297
AB,2022-12-18,79,622376
AB,2022-12-19,107,622483
AB,2022-12-20,166,622649
AB,2022-12-21,112,622761
AB,2022-12-22,152,622913
AB,2022-12-23,97,623010
AB,2022-12-24,110,623120
AB,2022-12-25,81,623201
AB,2022-12-26,88,623289
AB,2022-12-27,128,623417
AB,2022-12-28,125,623542
AB,2022-12-29,201,623743
AB,2022-12-30,124,623867
AB,2022-12-31,123,623990
BC,2020-01-29,0,0
BC,2020-01-30,0,0
BC,2020-01-31,0,0
BC,2020-02-01,0,0
BC,2020-02-02,0,0
BC,2020-02-03,0,0
BC,2020-02-04,0,0
BC,2020-02-05,0,0
BC,2020-02-06,1,1
BC,2020-02-07,0,1
BC,2020-02-08,0,1
BC,2020-02-09,0,1
BC,2020-02-10,0,1
BC,2020-02-11,0,1
BC,2020-02-12,0,1
BC,2020-02-13,0,1
BC,2020-02-14,0,1
BC,2020-02-15,0,1
BC,2020-02-16,0,1
BC,2020-02-17,0,1
BC,2020-02-18,1,2
BC,2020-02-19,0,2
BC,2020-02-20,0,2
BC,2020-02-21,0,2
BC,2020-02-22,0,2
BC,2020-02-23,0,2
BC,2020-02-24,2,4
BC,2020-02-25,0,4
BC,2020-02-26,0,4
BC,2020-02-27,0,4
BC,2020-02-28,0,4
BC,2020-02-29,0,4
BC,2020-03-01,0,4
BC,2020-03-02,0,4
BC,2020-03-03,5,9
BC,2020-03-04,0,9
BC,2020-03-05,5,14
BC,2020-03-06,7,21
BC,2020-03-07,1,22
BC,2020-03-08,4,26
BC,2020-03-09,3,29
BC,2020-03-10,10,39
BC,2020-03-11,16,55
BC,2020-03-12,8,63
BC,2020-03-13,16,79
BC,2020-03-14,28,107
BC,2020-03-15,29,136
BC,2020-03-16,46,182
BC,2020-03-17,50,232
BC,2020-03-18,48,280
BC,2020-03-19,56,336
BC,2020-03-20,63,399
BC,2020-03-21,73,472
BC,2020-03-22,52,524
BC,2020-03-23,54,578
BC,2020-03-24,62,640
BC,2020-03-25,81,721
BC,2020-03-26,68,789
BC,2020-03-27,61,850
BC,2020-03-28,66,916
BC,2020-03-29,46,962
BC,2020-03-30,50,1012
BC,2020-03-31,57,1069
BC,2020-04-01,53,1122
BC,2020-04-02,46,1168
BC,2020-04-03,37,1205
BC,2020-04-04,29,1234
BC,2020-04-05,15,1249
BC,2020-04-06,49,1298
BC,2020-04-07,34,1332
BC,2020-04-08,32,1364
BC,2020-04-09,44,1408
BC,2020-04-10,30,1438
BC,2020-04-11,19,1457
BC,2020-04-12,18,1475
BC,2020-04-13,28,1503
BC,2020-04-14,40,1543
BC,2020-04-15,25,1568
BC,2020-04-16,39,1607
BC,2020-04-17,23,1630
BC,2020-04-18,25,1655
BC,2020-04-19,21,1676
BC,2020-04-20,44,1720
BC,2020-04-21,53,1773
BC,2020-04-22,31,1804
BC,2020-04-23,61,1865
BC,2020-04-24,68,1933
BC,2020-04-25,32,1965
BC,2020-04-26,26,1991
BC,2020-04-27,56,2047
BC,2020-04-28,29,2076
BC,2020-04-29,30,2106
BC,2020-04-30,29,2135
BC,2020-05-01,33,2168
BC,2020-05-02,23,2191
BC,2020-05-03,17,2208
BC,2020-05-04,23,2231
BC,2020-05-05,24,2255
BC,2020-05-06,16,2271
BC,2020-05-07,24,2295
BC,2020-05-08,13,2308
BC,2020-05-09,13,2321
BC,2020-05-10,13,2334
BC,2020-05-11,12,2346
BC,2020-05-12,10,2356
BC,2020-05-13,23,2379
BC,2020-05-14,8,2387
BC,2020-05-15,18,2405
BC,2020-05-16,11,2416
BC,2020-05-17,8,2424
BC,2020-05-18,9,2433
BC,2020-05-19,13,2446
BC,2020-05-20,12,2458
BC,2020-05-21,23,2481
BC,2020-05-22,8,2489
BC,2020-05-23,8,2497
BC,2020-05-24,8,2505
BC,2020-05-25,7,2512
BC,2020-05-26,5,2517
BC,2020-05-27,9,2526
BC,2020-05-28,9,2535
BC,2020-05-29,12,2547
BC,2020-05-30,13,2560
BC,2020-05-31,9,2569
BC,2020-06-01,13,2582
BC,2020-06-02,12,2594
BC,2020-06-03,3,2597
BC,2020-06-04,9,2606
BC,2020-06-05,5,2611
BC,2020-06-06,10,2621
BC,2020-06-07,8,2629
BC,2020-06-08,6,2635
BC,2020-06-09,15,2650
BC,2020-06-10,15,2665
BC,2020-06-11,10,2675
BC,2020-06-12,16,2691
BC,2020-06-13,14,2705
BC,2020-06-14,6,2711
BC,2020-06-15,8,2719
BC,2020-06-16,21,2740
BC,2020-06-17,5,2745
BC,2020-06-18,6,2751
BC,2020-06-19,7,2758
BC,2020-06-20,8,2766
BC,2020-06-21,18,2784
BC,2020-06-22,8,2792
BC,2020-06-23,19,2811
BC,2020-06-24,18,2829
BC,2020-06-25,7,2836
BC,2020-06-26,8,2844
BC,2020-06-27,11,2855
BC,2020-06-28,8,2863
BC,2020-06-29,8,2871
BC,2020-06-30,14,2885
BC,2020-07-01,10,2895
BC,2020-07-02,8,2903
BC,2020-07-03,13,2916
BC,2020-07-04,13,2929
BC,2020-07-05,6,2935
BC,2020-07-06,11,2946
BC,2020-07-07,18,2964
BC,2020-07-08,18,2982
BC,2020-07-09,21,3003
BC,2020-07-10,27,3030
BC,2020-07-11,22,3052
BC,2020-07-12,18,3070
BC,2020-07-13,12,3082
BC,2020-07-14,22,3104
BC,2020-07-15,33,3137
BC,2020-07-16,30,3167
BC,2020-07-17,33,3200
BC,2020-07-18,24,3224
BC,2020-07-19,30,3254
BC,2020-07-20,28,3282
BC,2020-07-21,30,3312
BC,2020-07-22,33,3345
BC,2020-07-23,32,3377
BC,2020-07-24,26,3403
BC,2020-07-25,21,3424
BC,2020-07-26,21,3445
BC,2020-07-27,20,3465
BC,2020-07-28,52,3517
BC,2020-07-29,21,3538
BC,2020-07-30,44,3582
BC,2020-07-31,44,3626
BC,2020-08-01,48,3674
BC,2020-08-02,40,3714
BC,2020-08-03,34,3748
BC,2020-08-04,35,3783
BC,2020-08-05,39,3822
BC,2020-08-06,55,3877
BC,2020-08-07,42,3919
BC,2020-08-08,43,3962
BC,2020-08-09,39,4001
BC,2020-08-10,63,4064
BC,2020-08-11,76,4140
BC,2020-08-12,82,4222
BC,2020-08-13,93,4315
BC,2020-08-14,110,4425
BC,2020-08-15,61,4486
BC,2020-08-16,79,4565
BC,2020-08-17,51,4616
BC,2020-08-18,73,4689
BC,2020-08-19,85,4774
BC,2020-08-20,108,4882
BC,2020-08-21,121,5003
BC,2020-08-22,74,5077
BC,2020-08-23,61,5138
BC,2020-08-24,61,5199
BC,2020-08-25,45,5244
BC,2020-08-26,99,5343
BC,2020-08-27,110,5453
BC,2020-08-28,106,5559
BC,2020-08-29,105,5664
BC,2020-08-30,86,5750
BC,2020-08-31,60,5810
BC,2020-09-01,98,5908
BC,2020-09-02,81,5989
BC,2020-09-03,150,6139
BC,2020-09-04,125,6264
BC,2020-09-05,109,6373
BC,2020-09-06,111,6484
BC,2020-09-07,92,6576
BC,2020-09-08,114,6690
BC,2020-09-09,122,6812
BC,2020-09-10,121,6933
BC,2020-09-11,149,7082
BC,2020-09-12,102,7184
BC,2020-09-13,84,7268
BC,2020-09-14,82,7350
BC,2020-09-15,154,7504
BC,2020-09-16,139,7643
BC,2020-09-17,153,7796
BC,2020-09-18,130,7926
BC,2020-09-19,108,8034
BC,2020-09-20,126,8160
BC,2020-09-21,98,8258
BC,2020-09-22,81,8339
BC,2020-09-23,148,8487
BC,2020-09-24,80,8567
BC,2020-09-25,98,8665
BC,2020-09-26,116,8781
BC,2020-09-27,88,8869
BC,2020-09-28,96,8965
BC,2020-09-29,110,9075
BC,2020-09-30,119,9194
BC,2020-10-01,144,9338
BC,2020-10-02,94,9432
BC,2020-10-03,125,9557
BC,2020-10-04,123,9680
BC,2020-10-05,90,9770
BC,2020-10-06,112,9882
BC,2020-10-07,122,10004
BC,2020-10-08,129,10133
BC,2020-10-09,182,10315
BC,2020-10-10,160,10475
BC,2020-10-11,112,10587
BC,2020-10-12,142,10729
BC,2020-10-13,158,10887
BC,2020-10-14,89,10976
BC,2020-10-15,152,11128
BC,2020-10-16,211,11339
BC,2020-10-17,137,11476
BC,2020-10-18,204,11680
BC,2020-10-19,140,11820
BC,2020-10-20,256,12076
BC,2020-10-21,298,12374
BC,2020-10-22,200,12574
BC,2020-10-23,274,12848
BC,2020-10-24,295,13143
BC,2020-10-25,229,13372
BC,2020-10-26,259,13631
BC,2020-10-27,265,13896
BC,2020-10-28,271,14167
BC,2020-10-29,340,14507
BC,2020-10-30,381,14888
BC,2020-10-31,381,15269
BC,2020-11-01,374,15643
BC,2020-11-02,336,15979
BC,2020-11-03,367,16346
BC,2020-11-04,591,16937
BC,2020-11-05,481,17418
BC,2020-11-06,449,17867
BC,2020-11-07,568,18435
BC,2020-11-08,503,18938
BC,2020-11-09,497,19435
BC,2020-11-10,699,20134
BC,2020-11-11,660,20794
BC,2020-11-12,585,21379
BC,2020-11-13,542,21921
BC,2020-11-14,945,22866
BC,2020-11-15,588,23454
BC,2020-11-16,550,24004
BC,2020-11-17,734,24738
BC,2020-11-18,860,25598
BC,2020-11-19,643,26241
BC,2020-11-20,936,27177
BC,2020-11-21,721,27898
BC,2020-11-22,656,28554
BC,2020-11-23,680,29234
BC,2020-11-24,843,30077
BC,2020-11-25,880,30957
BC,2020-11-26,757,31714
BC,2020-11-27,705,32419
BC,2020-11-28,818,33237
BC,2020-11-29,639,33876
BC,2020-11-30,541,34417
BC,2020-12-01,773,35190
BC,2020-12-02,757,35947
BC,2020-12-03,684,36631
BC,2020-12-04,587,37218
BC,2020-12-05,774,37992
BC,2020-12-06,572,38564
BC,2020-12-07,580,39144
BC,2020-12-08,660,39804
BC,2020-12-09,762,40566
BC,2020-12-10,774,41340
BC,2020-12-11,715,42055
BC,2020-12-12,737,42792
BC,2020-12-13,563,43355
BC,2020-12-14,515,43870
BC,2020-12-15,586,44456
BC,2020-12-16,635,45091
BC,2020-12-17,622,45713
BC,2020-12-18,640,46353
BC,2020-12-19,579,46932
BC,2020-12-20,503,47435
BC,2020-12-21,404,47839
BC,2020-12-22,514,48353
BC,2020-12-23,536,48889
BC,2020-12-24,554,49443
BC,2020-12-25,404,49847
BC,2020-12-26,331,50178
BC,2020-12-27,476,50654
BC,2020-12-28,404,51058
BC,2020-12-29,618,51676
BC,2020-12-30,594,52270
BC,2020-12-31,619,52889
BC,2021-01-01,596,53485
BC,2021-01-02,414,53899
BC,2021-01-03,537,54436
BC,2021-01-04,517,54953
BC,2021-01-05,565,55518
BC,2021-01-06,606,56124
BC,2021-01-07,546,56670
BC,2021-01-08,526,57196
BC,2021-01-09,531,57727
BC,2021-01-10,449,58176
BC,2021-01-11,407,58583
BC,2021-01-12,503,59086
BC,2021-01-13,521,59607
BC,2021-01-14,495,60102
BC,2021-01-15,572,60674
BC,2021-01-16,460,61134
BC,2021-01-17,316,61450
BC,2021-01-18,379,61829
BC,2021-01-19,512,62341
BC,2021-01-20,558,62899
BC,2021-01-21,520,63419
BC,2021-01-22,484,63903
BC,2021-01-23,494,64397
BC,2021-01-24,359,64756
BC,2021-01-25,334,65090
BC,2021-01-26,537,65627
BC,2021-01-27,502,66129
BC,2021-01-28,523,66652
BC,2021-01-29,418,67070
BC,2021-01-30,478,67548
BC,2021-01-31,295,67843
BC,2021-02-01,397,68240
BC,2021-02-02,402,68642
BC,2021-02-03,473,69115
BC,2021-02-04,475,69590
BC,2021-02-05,444,70034
BC,2021-02-06,483,70517
BC,2021-02-07,346,70863
BC,2021-02-08,393,71256
BC,2021-02-09,474,71730
BC,2021-02-10,447,72177
BC,2021-02-11,433,72610
BC,2021-02-12,450,73060
BC,2021-02-13,448,73508
BC,2021-02-14,360,73868
BC,2021-02-15,322,74190
BC,2021-02-16,392,74582
BC,2021-02-17,618,75200
BC,2021-02-18,542,75742
BC,2021-02-19,529,76271
BC,2021-02-20,492,76763
BC,2021-02-21,454,77217
BC,2021-02-22,498,77715
BC,2021-02-23,520,78235
BC,2021-02-24,506,78741
BC,2021-02-25,593,79334
BC,2021-02-26,517,79851
BC,2021-02-27,493,80344
BC,2021-02-28,450,80794
BC,2021-03-01,457,81251
BC,2021-03-02,557,81808
BC,2021-03-03,564,82372
BC,2021-03-04,626,82998
BC,2021-03-05,548,83546
BC,2021-03-06,556,84102
BC,2021-03-07,399,84501
BC,2021-03-08,497,84998
BC,2021-03-09,528,85526
BC,2021-03-10,580,86106
BC,2021-03-11,660,86766
BC,2021-03-12,550,87316
BC,2021-03-13,525,87841
BC,2021-03-14,483,88324
BC,2021-03-15,482,88806
BC,2021-03-16,511,89317
BC,2021-03-17,597,89914
BC,2021-03-18,735,90649
BC,2021-03-19,577,91226
BC,2021-03-20,614,91840
BC,2021-03-21,659,92499
BC,2021-03-22,583,93082
BC,2021-03-23,720,93802
BC,2021-03-24,806,94608
BC,2021-03-25,989,95597
BC,2021-03-26,884,96481
BC,2021-03-27,826,97307
BC,2021-03-28,802,98109
BC,2021-03-29,785,98894
BC,2021-03-30,1022,99916
BC,2021-03-31,879,100795
BC,2021-04-01,1074,101869
BC,2021-04-02,1106,102975
BC,2021-04-03,1028,104003
BC,2021-04-04,912,104915
BC,2021-04-05,928,105843
BC,2021-04-06,1036,106879
BC,2021-04-07,1314,108193
BC,2021-04-08,1217,109410
BC,2021-04-09,1301,110711
BC,2021-04-10,1064,111775
BC,2021-04-11,1040,112815
BC,2021-04-12,941,113756
BC,2021-04-13,1004,114760
BC,2021-04-14,1225,115985
BC,2021-04-15,929,116914
BC,2021-04-16,1086,118000
BC,2021-04-17,965,118965
BC,2021-04-18,1019,119984
BC,2021-04-19,744,120728
BC,2021-04-20,929,121657
BC,2021-04-21,960,122617
BC,2021-04-22,1014,123631
BC,2021-04-23,893,124524
BC,2021-04-24,871,125395
BC,2021-04-25,764,126159
BC,2021-04-26,773,126932
BC,2021-04-27,796,127728
BC,2021-04-28,872,128600
BC,2021-04-29,746,129346
BC,2021-04-30,892,130238
BC,2021-05-01,688,130926
BC,2021-05-02,646,131572
BC,2021-05-03,569,132141
BC,2021-05-04,627,132768
BC,2021-05-05,711,133479
BC,2021-05-06,650,134129
BC,2021-05-07,617,134746
BC,2021-05-08,623,135369
BC,2021-05-09,569,135938
BC,2021-05-10,516,136454
BC,2021-05-11,575,137029
BC,2021-05-12,604,137633
BC,2021-05-13,479,138112
BC,2021-05-14,452,138564
BC,2021-05-15,486,139050
BC,2021-05-16,442,139492
BC,2021-05-17,398,139890
BC,2021-05-18,522,140412
BC,2021-05-19,375,140787
BC,2021-05-20,433,141220
BC,2021-05-21,353,141573
BC,2021-05-22,334,141907
BC,2021-05-23,302,142209
BC,2021-05-24,252,142461
BC,2021-05-25,254,142715
BC,2021-05-26,392,143107
BC,2021-05-27,314,143421
BC,2021-05-28,251,143672
BC,2021-05-29,246,143918
BC,2021-05-30,218,144136
BC,2021-05-31,153,144289
BC,2021-06-01,198,144487
BC,2021-06-02,200,144687
BC,2021-06-03,178,144865
BC,2021-06-04,227,145092
BC,2021-06-05,137,145229
BC,2021-06-06,134,145363
BC,2021-06-07,154,145517
BC,2021-06-08,169,145686
BC,2021-06-09,156,145842
BC,2021-06-10,146,145988
BC,2021-06-11,109,146097
BC,2021-06-12,118,146215
BC,2021-06-13,72,146287
BC,2021-06-14,105,146392
BC,2021-06-15,110,146502
BC,2021-06-16,125,146627
BC,2021-06-17,117,146744
BC,2021-06-18,90,146834
BC,2021-06-19,90,146924
BC,2021-06-20,46,146970
BC,2021-06-21,57,147027
BC,2021-06-22,83,147110
BC,2021-06-23,76,147186
BC,2021-06-24,64,147250
BC,2021-06-25,55,147305
BC,2021-06-26,53,147358
BC,2021-06-27,40,147398
BC,2021-06-28,31,147429
BC,2021-06-29,47,147476
BC,2021-06-30,48,147524
BC,2021-07-01,32,147556
BC,2021-07-02,31,147587
BC,2021-07-03,37,147624
BC,2021-07-04,24,147648
BC,2021-07-05,44,147692
BC,2021-07-06,45,147737
BC,2021-07-07,60,147797
BC,2021-07-08,51,147848
BC,2021-07-09,51,147899
BC,2021-07-10,38,147937
BC,2021-07-11,29,147966
BC,2021-07-12,42,148008
BC,2021-07-13,31,148039
BC,2021-07-14,56,148095
BC,2021-07-15,47,148142
BC,2021-07-16,54,148196
BC,2021-07-17,66,148262
BC,2021-07-18,48,148310
BC,2021-07-19,65,148375
BC,2021-07-20,79,148454
BC,2021-07-21,97,148551
BC,2021-07-22,113,148664
BC,2021-07-23,90,148754
BC,2021-07-24,88,148842
BC,2021-07-25,96,148938
BC,2021-07-26,134,149072
BC,2021-07-27,196,149268
BC,2021-07-28,203,149471
BC,2021-07-29,240,149711
BC,2021-07-30,177,149888
BC,2021-07-31,206,150094
BC,2021-08-01,195,150289
BC,2021-08-02,213,150502
BC,2021-08-03,290,150792
BC,2021-08-04,368,151160
BC,2021-08-05,479,151639
BC,2021-08-06,432,152071
BC,2021-08-07,393,152464
BC,2021-08-08,304,152768
BC,2021-08-09,364,153132
BC,2021-08-10,538,153670
BC,2021-08-11,538,154208
BC,2021-08-12,708,154916
BC,2021-08-13,550,155466
BC,2021-08-14,427,155893
BC,2021-08-15,447,156340
BC,2021-08-16,394,156734
BC,2021-08-17,618,157352
BC,2021-08-18,771,158123
BC,2021-08-19,665,158788
BC,2021-08-20,696,159484
BC,2021-08-21,570,160054
BC,2021-08-22,469,160523
BC,2021-08-23,563,161086
BC,2021-08-24,710,161796
BC,2021-08-25,720,162516
BC,2021-08-26,887,163403
BC,2021-08-27,780,164183
BC,2021-08-28,611,164794
BC,2021-08-29,509,165303
BC,2021-08-30,593,165896
BC,2021-08-31,785,166681
BC,2021-09-01,822,167503
BC,2021-09-02,700,168203
BC,2021-09-03,690,168893
BC,2021-09-04,662,169555
BC,2021-09-05,578,170133
BC,2021-09-06,545,170678
BC,2021-09-07,695,171373
BC,2021-09-08,815,172188
BC,2021-09-09,840,173028
BC,2021-09-10,859,173887
BC,2021-09-11,663,174550
BC,2021-09-12,534,175084
BC,2021-09-13,567,175651
BC,2021-09-14,672,176323
BC,2021-09-15,731,177054
BC,2021-09-16,765,177819
BC,2021-09-17,673,178492
BC,2021-09-18,618,179110
BC,2021-09-19,444,179554
BC,2021-09-20,541,180095
BC,2021-09-21,687,180782
BC,2021-09-22,844,181626
BC,2021-09-23,755,182381
BC,2021-09-24,854,183235
BC,2021-09-25,692,183927
BC,2021-09-26,724,184651
BC,2021-09-27,595,185246
BC,2021-09-28,810,186056
BC,2021-09-29,787,186843
BC,2021-09-30,759,187602
BC,2021-10-01,639,188241
BC,2021-10-02,695,188936
BC,2021-10-03,687,189623
BC,2021-10-04,510,190133
BC,2021-10-05,759,190892
BC,2021-10-06,616,191508
BC,2021-10-07,768,192276
BC,2021-10-08,614,192890
BC,2021-10-09,672,193562
BC,2021-10-10,482,194044
BC,2021-10-11,407,194451
BC,2021-10-12,496,194947
BC,2021-10-13,584,195531
BC,2021-10-14,691,196222
BC,2021-10-15,756,196978
BC,2021-10-16,672,197650
BC,2021-10-17,462,198112
BC,2021-10-18,487,198599
BC,2021-10-19,703,199302
BC,2021-10-20,730,200032
BC,2021-10-21,669,200701
BC,2021-10-22,603,201304
BC,2021-10-23,550,201854
BC,2021-10-24,486,202340
BC,2021-10-25,417,202757
BC,2021-10-26,633,203390
BC,2021-10-27,757,204147
BC,2021-10-28,573,204720
BC,2021-10-29,579,205299
BC,2021-10-30,486,205785
BC,2021-10-31,341,206126
BC,2021-11-01,381,206507
BC,2021-11-02,443,206950
BC,2021-11-03,597,207547
BC,2021-11-04,543,208090
BC,2021-11-05,600,208690
BC,2021-11-06,495,209185
BC,2021-11-07,441,209626
BC,2021-11-08,383,210009
BC,2021-11-09,566,210575
BC,2021-11-10,511,211086
BC,2021-11-11,492,211578
BC,2021-11-12,470,212048
BC,2021-11-13,411,212459
BC,2021-11-14,394,212853
BC,2021-11-15,292,213145
BC,2021-11-16,336,213481
BC,2021-11-17,468,213949
BC,2021-11-18,490,214439
BC,2021-11-19,398,214837
BC,2021-11-20,353,215190
BC,2021-11-21,339,215529
BC,2021-11-22,287,215816
BC,2021-11-23,339,216155
BC,2021-11-24,422,216577
BC,2021-11-25,337,216914
BC,2021-11-26,399,217313
BC,2021-11-27,318,217631
BC,2021-11-28,287,217918
BC,2021-11-29,328,218246
BC,2021-11-30,387,218633
BC,2021-12-01,368,219001
BC,2021-12-02,404,219405
BC,2021-12-03,361,219766
BC,2021-12-04,324,220090
BC,2021-12-05,302,220392
BC,2021-12-06,280,220672
BC,2021-12-07,375,221047
BC,2021-12-08,341,221388
BC,2021-12-09,457,221845
BC,2021-12-10,461,222306
BC,2021-12-11,383,222689
BC,2021-12-12,361,223050
BC,2021-12-13,420,223470
BC,2021-12-14,597,224067
BC,2021-12-15,756,224823
BC,2021-12-16,800,225623
BC,2021-12-17,932,226555
BC,2021-12-18,873,227428
BC,2021-12-19,855,228283
BC,2021-12-20,1237,229520
BC,2021-12-21,1553,231073
BC,2021-12-22,2033,233106
BC,2021-12-23,2502,235608
BC,2021-12-24,2571,238179
BC,2021-12-25,2092,240271
BC,2021-12-26,1781,242052
BC,2021-12-27,1900,243952
BC,2021-12-28,3085,247037
BC,2021-12-29,3990,251027
BC,2021-12-30,3822,254849
BC,2021-12-31,4082,258931
BC,2022-01-01,3214,262145
BC,2022-01-02,2330,264475
BC,2022-01-03,2678,267153
BC,2022-01-04,3310,270463
BC,2022-01-05,3328,273791
BC,2022-01-06,3118,276909
BC,2022-01-07,2605,279514
BC,2022-01-08,2428,281942
BC,2022-01-09,2155,284097
BC,2022-01-10,2018,286115
BC,2022-01-11,2698,288813
BC,2022-01-12,2574,291387
BC,2022-01-13,2251,293638
BC,2022-01-14,2433,296071
BC,2022-01-15,1855,297926
BC,2022-01-16,1553,299479
BC,2022-01-17,1783,301262
BC,2022-01-18,2488,303750
BC,2022-01-19,2158,305908
BC,2022-01-20,2350,308258
BC,2022-01-21,2159,310417
BC,2022-01-22,1589,312006
BC,2022-01-23,1426,313432
BC,2022-01-24,1368,314800
BC,2022-01-25,1963,316763
BC,2022-01-26,1841,318604
BC,2022-01-27,2004,320608
BC,2022-01-28,1680,322288
BC,2022-01-29,1326,323614
BC,2022-01-30,1099,324713
BC,2022-01-31,1130,325843
BC,2022-02-01,1772,327615
BC,2022-02-02,1553,329168
BC,2022-02-03,1495,330663
BC,2022-02-04,1321,331984
BC,2022-02-05,1191,333175
BC,2022-02-06,881,334056
BC,2022-02-07,882,334938
BC,2022-02-08,1249,336187
BC,2022-02-09,1341,337528
BC,2022-02-10,1022,338550
BC,2022-02-11,925,339475
BC,2022-02-12,709,340184
BC,2022-02-13,603,340787
BC,2022-02-14,680,341467
BC,2022-02-15,722,342189
BC,2022-02-16,685,342874
BC,2022-02-17,723,343597
BC,2022-02-18,584,344181
BC,2022-02-19,468,344649
BC,2022-02-20,390,345039
BC,2022-02-21,392,345431
BC,2022-02-22,537,345968
BC,2022-02-23,627,346595
BC,2022-02-24,519,347114
BC,2022-02-25,435,347549
BC,2022-02-26,336,347885
BC,2022-02-27,313,348198
BC,2022-02-28,372,348570
BC,2022-03-01,468,349038
BC,2022-03-02,378,349416
BC,2022-03-03,336,349752
BC,2022-03-04,335,350087
BC,2022-03-05,288,350375
BC,2022-03-06,243,350618
BC,2022-03-07,278,350896
BC,2022-03-08,287,351183
BC,2022-03-09,327,351510
BC,2022-03-10,293,351803
BC,2022-03-11,235,352038
BC,2022-03-12,164,352202
BC,2022-03-13,189,352391
BC,2022-03-14,237,352628
BC,2022-03-15,246,352874
BC,2022-03-16,225,353099
BC,2022-03-17,217,353316
BC,2022-03-18,200,353516
BC,2022-03-19,182,353698
BC,2022-03-20,148,353846
BC,2022-03-21,242,354088
BC,2022-03-22,256,354344
BC,2022-03-23,267,354611
BC,2022-03-24,221,354832
BC,2022-03-25,216,355048
BC,2022-03-26,215,355263
BC,2022-03-27,171,355434
BC,2022-03-28,247,355681
BC,2022-03-29,296,355977
BC,2022-03-30,258,356235
BC,2022-03-31,291,356526
BC,2022-04-01,246,356772
BC,2022-04-02,197,356969
BC,2022-04-03,246,357215
BC,2022-04-04,268,357483
BC,2022-04-05,216,357699
BC,2022-04-06,280,357979
BC,2022-04-07,264,358243
BC,2022-04-08,258,358501
BC,2022-04-09,239,358740
BC,2022-04-10,263,359003
BC,2022-04-11,250,359253
BC,2022-04-12,341,359594
BC,2022-04-13,307,359901
BC,2022-04-14,330,360231
BC,2022-04-15,283,360514
BC,2022-04-16,262,360776
BC,2022-04-17,240,361016
BC,2022-04-18,265,361281
BC,2022-04-19,410,361691
BC,2022-04-20,371,362062
BC,2022-04-21,380,362442
BC,2022-04-22,364,362806
BC,2022-04-23,239,363045
BC,2022-04-24,248,363293
BC,2022-04-25,382,363675
BC,2022-04-26,420,364095
BC,2022-04-27,354,364449
BC,2022-04-28,363,364812
BC,2022-04-29,264,365076
BC,2022-04-30,253,365329
BC,2022-05-01,241,365570
BC,2022-05-02,294,365864
BC,2022-05-03,310,366174
BC,2022-05-04,314,366488
BC,2022-05-05,321,366809
BC,2022-05-06,286,367095
BC,2022-05-07,218,367313
BC,2022-05-08,179,367492
BC,2022-05-09,251,367743
BC,2022-05-10,285,368028
BC,2022-05-11,250,368278
BC,2022-05-12,268,368546
BC,2022-05-13,222,368768
BC,2022-05-14,188,368956
BC,2022-05-15,166,369122
BC,2022-05-16,215,369337
BC,2022-05-17,218,369555
BC,2022-05-18,209,369764
BC,2022-05-19,187,369951
BC,2022-05-20,184,370135
BC,2022-05-21,179,370314
BC,2022-05-22,165,370479
BC,2022-05-23,144,370623
BC,2022-05-24,212,370835
BC,2022-05-25,189,371024
BC,2022-05-26,170,371194
BC,2022-05-27,163,371357
BC,2022-05-28,118,371475
BC,2022-05-29,124,371599
BC,2022-05-30,136,371735
BC,2022-05-31,152,371887
BC,2022-06-01,140,372027
BC,2022-06-02,125,372152
BC,2022-06-03,124,372276
BC,2022-06-04,93,372369
BC,2022-06-05,106,372475
BC,2022-06-06,100,372575
BC,2022-06-07,130,372705
BC,2022-06-08,101,372806
BC,2022-06-09,98,372904
BC,2022-06-10,119,373023
BC,2022-06-11,72,373095
BC,2022-06-12,85,373180
BC,2022-06-13,128,373308
BC,2022-06-14,113,373421
BC,2022-06-15,84,373505
BC,2022-06-16,71,373576
BC,2022-06-17,103,373679
BC,2022-06-18,58,373737
BC,2022-06-19,70,373807
BC,2022-06-20,81,373888
BC,2022-06-21,105,373993
BC,2022-06-22,108,374101
BC,2022-06-23,100,374201
BC,2022-06-24,83,374284
BC,2022-06-25,74,374358
BC,2022-06-26,88,374446
BC,2022-06-27,106,374552
BC,2022-06-28,117,374669
BC,2022-06-29,107,374776
BC,2022-06-30,110,374886
BC,2022-07-01,136,375022
BC,2022-07-02,103,375125
BC,2022-07-03,113,375238
BC,2022-07-04,155,375393
BC,2022-07-05,152,375545
BC,2022-07-06,144,375689
BC,2022-07-07,152,375841
BC,2022-07-08,137,375978
BC,2022-07-09,120,376098
BC,2022-07-10,133,376231
BC,2022-07-11,147,376378
BC,2022-07-12,137,376515
BC,2022-07-13,171,376686
BC,2022-07-14,192,376878
BC,2022-07-15,125,377003
BC,2022-07-16,140,377143
BC,2022-07-17,128,377271
BC,2022-07-18,132,377403
BC,2022-07-19,152,377555
BC,2022-07-20,161,377716
BC,2022-07-21,122,377838
BC,2022-07-22,144,377982
BC,2022-07-23,82,378064
BC,2022-07-24,123,378187
BC,2022-07-25,156,378343
BC,2022-07-26,187,378530
BC,2022-07-27,149,378679
BC,2022-07-28,138,378817
BC,2022-07-29,131,378948
BC,2022-07-30,99,379047
BC,2022-07-31,113,379160
BC,2022-08-01,113,379273
BC,2022-08-02,171,379444
BC,2022-08-03,155,379599
BC,2022-08-04,127,379726
BC,2022-08-05,115,379841
BC,2022-08-06,105,379946
BC,2022-08-07,132,380078
BC,2022-08-08,94,380172
BC,2022-08-09,140,380312
BC,2022-08-10,147,380459
BC,2022-08-11,154,380613
BC,2022-08-12,116,380729
BC,2022-08-13,98,380827
BC,2022-08-14,90,380917
BC,2022-08-15,106,381023
BC,2022-08-16,134,381157
BC,2022-08-17,102,381259
BC,2022-08-18,112,381371
BC,2022-08-19,118,381489
BC,2022-08-20,75,381564
BC,2022-08-21,78,381642
BC,2022-08-22,112,381754
BC,2022-08-23,84,381838
BC,2022-08-24,107,381945
BC,2022-08-25,112,382057
BC,2022-08-26,75,382132
BC,2022-08-27,83,382215
BC,2022-08-28,76,382291
BC,2022-08-29,89,382380
BC,2022-08-30,105,382485
BC,2022-08-31,109,382594
BC,2022-09-01,85,382679
BC,2022-09-02,85,382764
BC,2022-09-03,68,382832
BC,2022-09-04,73,382905
BC,2022-09-05,67,382972
BC,2022-09-06,85,383057
BC,2022-09-07,93,383150
BC,2022-09-08,110,383260
BC,2022-09-09,75,383335
BC,2022-09-10,70,383405
BC,2022-09-11,85,383490
BC,2022-09-12,100,383590
BC,2022-09-13,92,383682
BC,2022-09-14,89,383771
BC,2022-09-15,103,383874
BC,2022-09-16,91,383965
BC,2022-09-17,75,384040
BC,2022-09-18,69,384109
BC,2022-09-19,100,384209
BC,2022-09-20,71,384280
BC,2022-09-21,87,384367
BC,2022-09-22,136,384503
BC,2022-09-23,88,384591
BC,2022-09-24,84,384675
BC,2022-09-25,98,384773
BC,2022-09-26,107,384880
BC,2022-09-27,123,385003
BC,2022-09-28,99,385102
BC,2022-09-29,114,385216
BC,2022-09-30,76,385292
BC,2022-10-01,79,385371
BC,2022-10-02,85,385456
BC,2022-10-03,95,385551
BC,2022-10-04,123,385674
BC,2022-10-05,117,385791
BC,2022-10-06,94,385885
BC,2022-10-07,91,385976
BC,2022-10-08,90,386066
BC,2022-10-09,95,386161
BC,2022-10-10,90,386251
BC,2022-10-11,91,386342
BC,2022-10-12,125,386467
BC,2022-10-13,77,386544
BC,2022-10-14,72,386616
BC,2022-10-15,78,386694
BC,2022-10-16,72,386766
BC,2022-10-17,63,386829
BC,2022-10-18,92,386921
BC,2022-10-19,85,387006
BC,2022-10-20,80,387086
BC,2022-10-21,75,387161
BC,2022-10-22,66,387227
BC,2022-10-23,63,387290
BC,2022-10-24,70,387360
BC,2022-10-25,56,387416
BC,2022-10-26,81,387497
BC,2022-10-27,77,387574
BC,2022-10-28,82,387656
BC,2022-10-29,56,387712
BC,2022-10-30,53,387765
BC,2022-10-31,55,387820
BC,2022-11-01,63,387883
BC,2022-11-02,82,387965
BC,2022-11-03,35,388000
BC,2022-11-04,61,388061
BC,2022-11-05,60,388121
BC,2022-11-06,64,388185
BC,2022-11-07,70,388255
BC,2022-11-08,74,388329
BC,2022-11-09,78,388407
BC,2022-11-10,77,388484
BC,2022-11-11,63,388547
BC,2022-11-12,60,388607
BC,2022-11-13,63,388670
BC,2022-11-14,55,388725
BC,2022-11-15,91,388816
BC,2022-11-16,72,388888
BC,2022-11-17,64,388952
BC,2022-11-18,91,389043
BC,2022-11-19,65,389108
BC,2022-11-20,75,389183
BC,2022-11-21,106,389289
BC,2022-11-22,82,389371
BC,2022-11-23,72,389443
BC,2022-11-24,108,389551
BC,2022-11-25,87,389638
BC,2022-11-26,76,389714
BC,2022-11-27,69,389783
BC,2022-11-28,80,389863
BC,2022-11-29,98,389961
BC,2022-11-30,79,390040
BC,2022-12-01,79,390119
BC,2022-12-02,76,390195
BC,2022-12-03,59,390254
BC,2022-12-04,61,390315
BC,2022-12-05,93,390408
BC,2022-12-06,95,390503
BC,2022-12-07,109,390612
BC,2022-12-08,99,390711
BC,2022-12-09,103,390814
BC,2022-12-10,100,390914
BC,2022-12-11,87,391001
BC,2022-12-12,99,391100
BC,2022-12-13,89,391189
BC,2022-12-14,87,391276
BC,2022-12-15,85,391361
BC,2022-12-16,90,391451
BC,2022-12-17,72,391523
BC,2022-12-18,70,391593
BC,2022-12-19,85,391678
BC,2022-12-20,82,391760
BC,2022-12-21,80,391840
BC,2022-12-22,97,391937
BC,2022-12-23,51,391988
BC,2022-12-24,97,392085
BC,2022-12-25,82,392167
BC,2022-12-26,85,392252
BC,2022-12-27,101,392353
BC,2022-12-28,84,392437
BC,2022-12-29,130,392567
BC,2022-12-30,122,392689
BC,2022-12-31,89,392778
MB,2020-03-14,2,2
MB,2020-03-15,1,3
MB,2020-03-16,0,3
MB,2020-03-17,3,6
MB,2020-03-18,1,7
MB,2020-03-19,7,14
MB,2020-03-20,1,15
MB,2020-03-21,1,16
MB,2020-03-22,0,16
MB,2020-03-23,1,17
MB,2020-03-24,3,20
MB,2020-03-25,1,21
MB,2020-03-26,6,27
MB,2020-03-27,9,36
MB,2020-03-28,27,63
MB,2020-03-29,10,73
MB,2020-03-30,23,96
MB,2020-03-31,9,105
MB,2020-04-01,27,132
MB,2020-04-02,33,165
MB,2020-04-03,16,181
MB,2020-04-04,10,191
MB,2020-04-05,11,202
MB,2020-04-06,1,203
MB,2020-04-07,13,216
MB,2020-04-08,3,219
MB,2020-04-09,2,221
MB,2020-04-10,6,227
MB,2020-04-11,12,239
MB,2020-04-12,0,239
MB,2020-04-13,2,241
MB,2020-04-14,0,241
MB,2020-04-15,3,244
MB,2020-04-16,4,248
MB,2020-04-17,1,249
MB,2020-04-18,5,254
MB,2020-04-19,2,256
MB,2020-04-20,1,257
MB,2020-04-21,1,258
MB,2020-04-22,0,258
MB,2020-04-23,3,261
MB,2020-04-24,2,263
MB,2020-04-25,3,266
MB,2020-04-26,4,270
MB,2020-04-27,1,271
MB,2020-04-28,2,273
MB,2020-04-29,0,273
MB,2020-04-30,1,274
MB,2020-05-01,4,278
MB,2020-05-02,1,279
MB,2020-05-03,1,280
MB,2020-05-04,0,280
MB,2020-05-05,1,281
MB,2020-05-06,2,283
MB,2020-05-07,0,283
MB,2020-05-08,1,284
MB,2020-05-09,1,285
MB,2020-05-10,2,287
MB,2020-05-11,2,289
MB,2020-05-12,0,289
MB,2020-05-13,0,289
MB,2020-05-14,0,289
MB,2020-05-15,0,289
MB,2020-05-16,0,289
MB,2020-05-17,0,289
MB,2020-05-18,1,290
MB,2020-05-19,0,290
MB,2020-05-20,0,290
MB,2020-05-21,0,290
MB,2020-05-22,2,292
MB,2020-05-23,0,292
MB,2020-05-24,0,292
MB,2020-05-25,0,292
MB,2020-05-26,0,292
MB,2020-05-27,2,294
MB,2020-05-28,0,294
MB,2020-05-29,0,294
MB,2020-05-30,0,294
MB,2020-05-31,1,295
MB,2020-06-01,0,295
MB,2020-06-02,3,298
MB,2020-06-03,0,298
MB,2020-06-04,2,300
MB,2020-06-05,0,300
MB,2020-06-06,0,300
MB,2020-06-07,0,300
MB,2020-06-08,0,300
MB,2020-06-09,0,300
MB,2020-06-10,0,300
MB,2020-06-11,0,300
MB,2020-06-12,1,301
MB,2020-06-13,2,303
MB,2020-06-14,1,304
MB,2020-06-15,0,304
MB,2020-06-16,0,304
MB,2020-06-17,2,306
MB,2020-06-18,2,308
MB,2020-06-19,1,309
MB,2020-06-20,4,313
MB,2020-06-21,0,313
MB,2020-06-22,1,314
MB,2020-06-23,1,315
MB,2020-06-24,0,315
MB,2020-06-25,1,316
MB,2020-06-26,2,318
MB,2020-06-27,4,322
MB,2020-06-28,0,322
MB,2020-06-29,2,324
MB,2020-06-30,1,325
MB,2020-07-01,0,325
MB,2020-07-02,0,325
MB,2020-07-03,0,325
MB,2020-07-04,0,325
MB,2020-07-05,0,325
MB,2020-07-06,0,325
MB,2020-07-07,0,325
MB,2020-07-08,0,325
MB,2020-07-09,0,325
MB,2020-07-10,0,325
MB,2020-07-11,0,325
MB,2020-07-12,0,325
MB,2020-07-13,0,325
MB,2020-07-14,5,330
MB,2020-07-15,0,330
MB,2020-07-16,1,331
MB,2020-07-17,5,336
MB,2020-07-18,1,337
MB,2020-07-19,5,342
MB,2020-07-20,13,355
MB,2020-07-21,12,367
MB,2020-07-22,7,374
MB,2020-07-23,6,380
MB,2020-07-24,5,385
MB,2020-07-25,6,391
MB,2020-07-26,5,396
MB,2020-07-27,5,401
MB,2020-07-28,3,404
MB,2020-07-29,3,407
MB,2020-07-30,3,410
MB,2020-07-31,6,416
MB,2020-08-01,6,422
MB,2020-08-02,14,436
MB,2020-08-03,5,441
MB,2020-08-04,2,443
MB,2020-08-05,3,446
MB,2020-08-06,29,475
MB,2020-08-07,17,492
MB,2020-08-08,16,508
MB,2020-08-09,35,543
MB,2020-08-10,17,560
MB,2020-08-11,3,563
MB,2020-08-12,15,578
MB,2020-08-13,25,603
MB,2020-08-14,38,641
MB,2020-08-15,19,660
MB,2020-08-16,36,696
MB,2020-08-17,40,736
MB,2020-08-18,13,749
MB,2020-08-19,15,764
MB,2020-08-20,33,797
MB,2020-08-21,35,832
MB,2020-08-22,42,874
MB,2020-08-23,98,972
MB,2020-08-24,28,1000
MB,2020-08-25,28,1028
MB,2020-08-26,26,1054
MB,2020-08-27,33,1087
MB,2020-08-28,27,1114
MB,2020-08-29,47,1161
MB,2020-08-30,36,1197
MB,2020-08-31,25,1222
MB,2020-09-01,18,1240
MB,2020-09-02,7,1247
MB,2020-09-03,20,1267
MB,2020-09-04,9,1276
MB,2020-09-05,33,1309
MB,2020-09-06,16,1325
MB,2020-09-07,16,1341
MB,2020-09-08,10,1351
MB,2020-09-09,16,1367
MB,2020-09-10,14,1381
MB,2020-09-11,15,1396
MB,2020-09-12,17,1413
MB,2020-09-13,20,1433
MB,2020-09-14,19,1452
MB,2020-09-15,17,1469
MB,2020-09-16,23,1492
MB,2020-09-17,11,1503
MB,2020-09-18,40,1543
MB,2020-09-19,17,1560
MB,2020-09-20,29,1589
MB,2020-09-21,22,1611
MB,2020-09-22,24,1635
MB,2020-09-23,42,1677
MB,2020-09-24,40,1717
MB,2020-09-25,58,1775
MB,2020-09-26,66,1841
MB,2020-09-27,42,1883
MB,2020-09-28,44,1927
MB,2020-09-29,35,1962
MB,2020-09-30,38,2000
MB,2020-10-01,33,2033
MB,2020-10-02,40,2073
MB,2020-10-03,45,2118
MB,2020-10-04,44,2162
MB,2020-10-05,28,2190
MB,2020-10-06,56,2246
MB,2020-10-07,45,2291
MB,2020-10-08,58,2349
MB,2020-10-09,97,2446
MB,2020-10-10,86,2532
MB,2020-10-11,130,2662
MB,2020-10-12,90,2752
MB,2020-10-13,67,2819
MB,2020-10-14,127,2946
MB,2020-10-15,160,3106
MB,2020-10-16,76,3182
MB,2020-10-17,106,3288
MB,2020-10-18,35,3323
MB,2020-10-19,68,3391
MB,2020-10-20,136,3527
MB,2020-10-21,168,3695
MB,2020-10-22,160,3855
MB,2020-10-23,178,4033
MB,2020-10-24,164,4197
MB,2020-10-25,164,4361
MB,2020-10-26,126,4487
MB,2020-10-27,200,4687
MB,2020-10-28,174,4861
MB,2020-10-29,289,5150
MB,2020-10-30,373,5523
MB,2020-10-31,231,5754
MB,2020-11-01,402,6156
MB,2020-11-02,141,6297
MB,2020-11-03,197,6494
MB,2020-11-04,285,6779
MB,2020-11-05,449,7228
MB,2020-11-06,227,7455
MB,2020-11-07,314,7769
MB,2020-11-08,450,8219
MB,2020-11-09,343,8562
MB,2020-11-10,344,8906
MB,2020-11-11,508,9414
MB,2020-11-12,434,9848
MB,2020-11-13,409,10257
MB,2020-11-14,369,10626
MB,2020-11-15,443,11069
MB,2020-11-16,350,11419
MB,2020-11-17,306,11725
MB,2020-11-18,417,12142
MB,2020-11-19,442,12584
MB,2020-11-20,431,13015
MB,2020-11-21,352,13367
MB,2020-11-22,247,13614
MB,2020-11-23,593,14207
MB,2020-11-24,432,14639
MB,2020-11-25,340,14979
MB,2020-11-26,381,15360
MB,2020-11-27,320,15680
MB,2020-11-28,492,16172
MB,2020-11-29,341,16513
MB,2020-11-30,353,16866
MB,2020-12-01,256,17122
MB,2020-12-02,292,17414
MB,2020-12-03,369,17783
MB,2020-12-04,322,18105
MB,2020-12-05,402,18507
MB,2020-12-06,368,18875
MB,2020-12-07,272,19147
MB,2020-12-08,260,19407
MB,2020-12-09,257,19664
MB,2020-12-10,309,19973
MB,2020-12-11,449,20422
MB,2020-12-12,373,20795
MB,2020-12-13,246,21041
MB,2020-12-14,244,21285
MB,2020-12-15,260,21545
MB,2020-12-16,285,21830
MB,2020-12-17,224,22054
MB,2020-12-18,348,22402
MB,2020-12-19,240,22642
MB,2020-12-20,223,22865
MB,2020-12-21,168,23033
MB,2020-12-22,153,23186
MB,2020-12-23,202,23388
MB,2020-12-24,241,23629
MB,2020-12-25,176,23805
MB,2020-12-26,198,24003
MB,2020-12-27,146,24149
MB,2020-12-28,116,24265
MB,2020-12-29,124,24389
MB,2020-12-30,125,24514
MB,2020-12-31,185,24699
MB,2021-01-01,154,24853
MB,2021-01-02,180,25033
MB,2021-01-03,94,25127
MB,2021-01-04,122,25249
MB,2021-01-05,131,25380
MB,2021-01-06,185,25565
MB,2021-01-07,179,25744
MB,2021-01-08,226,25970
MB,2021-01-09,200,26170
MB,2021-01-10,140,26310
MB,2021-01-11,135,26445
MB,2021-01-12,103,26548
MB,2021-01-13,149,26697
MB,2021-01-14,257,26954
MB,2021-01-15,189,27143
MB,2021-01-16,179,27322
MB,2021-01-17,183,27505
MB,2021-01-18,121,27626
MB,2021-01-19,113,27739
MB,2021-01-20,161,27900
MB,2021-01-21,216,28116
MB,2021-01-22,183,28299
MB,2021-01-23,212,28511
MB,2021-01-24,224,28735
MB,2021-01-25,131,28866
MB,2021-01-26,64,28930
MB,2021-01-27,88,29018
MB,2021-01-28,133,29151
MB,2021-01-29,167,29318
MB,2021-01-30,161,29479
MB,2021-01-31,104,29583
MB,2021-02-01,89,29672
MB,2021-02-02,100,29772
MB,2021-02-03,113,29885
MB,2021-02-04,96,29981
MB,2021-02-05,101,30082
MB,2021-02-06,86,30168
MB,2021-02-07,78,30246
MB,2021-02-08,50,30296
MB,2021-02-09,73,30369
MB,2021-02-10,52,30421
MB,2021-02-11,86,30507
MB,2021-02-12,83,30590
MB,2021-02-13,97,30687
MB,2021-02-14,79,30766
MB,2021-02-15,78,30844
MB,2021-02-16,115,30959
MB,2021-02-17,78,31037
MB,2021-02-18,110,31147
MB,2021-02-19,93,31240
MB,2021-02-20,91,31331
MB,2021-02-21,54,31385
MB,2021-02-22,104,31489
MB,2021-02-23,61,31550
MB,2021-02-24,39,31589
MB,2021-02-25,66,31655
MB,2021-02-26,69,31724
MB,2021-02-27,79,31803
MB,2021-02-28,52,31855
MB,2021-03-01,38,31893
MB,2021-03-02,52,31945
MB,2021-03-03,52,31997
MB,2021-03-04,49,32046
MB,2021-03-05,54,32100
MB,2021-03-06,66,32166
MB,2021-03-07,59,32225
MB,2021-03-08,65,32290
MB,2021-03-09,67,32357
MB,2021-03-10,75,32432
MB,2021-03-11,87,32519
MB,2021-03-12,101,32620
MB,2021-03-13,88,32708
MB,2021-03-14,39,32747
MB,2021-03-15,60,32807
MB,2021-03-16,121,32928
MB,2021-03-17,93,33021
MB,2021-03-18,70,33091
MB,2021-03-19,95,33186
MB,2021-03-20,85,33271
MB,2021-03-21,89,33360
MB,2021-03-22,70,33430
MB,2021-03-23,101,33531
MB,2021-03-24,69,33600
MB,2021-03-25,117,33717
MB,2021-03-26,103,33820
MB,2021-03-27,51,33871
MB,2021-03-28,59,33930
MB,2021-03-29,58,33988
MB,2021-03-30,64,34052
MB,2021-03-31,74,34126
MB,2021-04-01,58,34184
MB,2021-04-02,108,34292
MB,2021-04-03,67,34359
MB,2021-04-04,68,34427
MB,2021-04-05,67,34494
MB,2021-04-06,64,34558
MB,2021-04-07,128,34686
MB,2021-04-08,120,34806
MB,2021-04-09,180,34986
MB,2021-04-10,122,35108
MB,2021-04-11,115,35223
MB,2021-04-12,129,35352
MB,2021-04-13,109,35461
MB,2021-04-14,93,35554
MB,2021-04-15,150,35704
MB,2021-04-16,108,35812
MB,2021-04-17,178,35990
MB,2021-04-18,169,36159
MB,2021-04-19,109,36268
MB,2021-04-20,203,36471
MB,2021-04-21,163,36634
MB,2021-04-22,262,36896
MB,2021-04-23,177,37073
MB,2021-04-24,275,37348
MB,2021-04-25,265,37613
MB,2021-04-26,208,37821
MB,2021-04-27,207,38028
MB,2021-04-28,204,38232
MB,2021-04-29,219,38451
MB,2021-04-30,291,38742
MB,2021-05-01,285,39027
MB,2021-05-02,275,39302
MB,2021-05-03,240,39542
MB,2021-05-04,300,39842
MB,2021-05-05,269,40111
MB,2021-05-06,372,40483
MB,2021-05-07,473,40956
MB,2021-05-08,501,41457
MB,2021-05-09,495,41952
MB,2021-05-10,522,42474
MB,2021-05-11,353,42827
MB,2021-05-12,338,43165
MB,2021-05-13,586,43751
MB,2021-05-14,457,44208
MB,2021-05-15,447,44655
MB,2021-05-16,530,45185
MB,2021-05-17,421,45606
MB,2021-05-18,380,45986
MB,2021-05-19,383,46369
MB,2021-05-20,601,46970
MB,2021-05-21,585,47555
MB,2021-05-22,470,48025
MB,2021-05-23,413,48438
MB,2021-05-24,368,48806
MB,2021-05-25,244,49050
MB,2021-05-26,312,49362
MB,2021-05-27,310,49672
MB,2021-05-28,488,50160
MB,2021-05-29,348,50508
MB,2021-05-30,276,50784
MB,2021-05-31,310,51094
MB,2021-06-01,226,51320
MB,2021-06-02,276,51596
MB,2021-06-03,349,51945
MB,2021-06-04,323,52268
MB,2021-06-05,266,52534
MB,2021-06-06,226,52760
MB,2021-06-07,177,52937
MB,2021-06-08,227,53164
MB,2021-06-09,251,53415
MB,2021-06-10,249,53664
MB,2021-06-11,230,53894
MB,2021-06-12,273,54167
MB,2021-06-13,201,54368
MB,2021-06-14,125,54493
MB,2021-06-15,132,54625
MB,2021-06-16,131,54756
MB,2021-06-17,172,54928
MB,2021-06-18,171,55099
MB,2021-06-19,139,55238
MB,2021-06-20,92,55330
MB,2021-06-21,80,55410
MB,2021-06-22,74,55484
MB,2021-06-23,122,55606
MB,2021-06-24,99,55705
MB,2021-06-25,82,55787
MB,2021-06-26,93,55880
MB,2021-06-27,96,55976
MB,2021-06-28,64,56040
MB,2021-06-29,63,56103
MB,2021-06-30,73,56176
MB,2021-07-01,79,56255
MB,2021-07-02,51,56306
MB,2021-07-03,44,56350
MB,2021-07-04,62,56412
MB,2021-07-05,68,56480
MB,2021-07-06,42,56522
MB,2021-07-07,69,56591
MB,2021-07-08,71,56662
MB,2021-07-09,72,56734
MB,2021-07-10,80,56814
MB,2021-07-11,63,56877
MB,2021-07-12,32,56909
MB,2021-07-13,23,56932
MB,2021-07-14,51,56983
MB,2021-07-15,40,57023
MB,2021-07-16,39,57062
MB,2021-07-17,62,57124
MB,2021-07-18,50,57174
MB,2021-07-19,26,57200
MB,2021-07-20,30,57230
MB,2021-07-21,38,57268
MB,2021-07-22,49,57317
MB,2021-07-23,36,57353
MB,2021-07-24,62,57415
MB,2021-07-25,27,57442
MB,2021-07-26,15,57457
MB,2021-07-27,16,57473
MB,2021-07-28,28,57501
MB,2021-07-29,54,57555
MB,2021-07-30,40,57595
MB,2021-07-31,20,57615
MB,2021-08-01,33,57648
MB,2021-08-02,20,57668
MB,2021-08-03,21,57689
MB,2021-08-04,13,57702
MB,2021-08-05,34,57736
MB,2021-08-06,25,57761
MB,2021-08-07,29,57790
MB,2021-08-08,46,57836
MB,2021-08-09,24,57860
MB,2021-08-10,24,57884
MB,2021-08-11,36,57920
MB,2021-08-12,29,57949
MB,2021-08-13,22,57971
MB,2021-08-14,23,57994
MB,2021-08-15,29,58023
MB,2021-08-16,30,58053
MB,2021-08-17,16,58069
MB,2021-08-18,37,58106
MB,2021-08-19,27,58133
MB,2021-08-20,44,58177
MB,2021-08-21,40,58217
MB,2021-08-22,38,58255
MB,2021-08-23,33,58288
MB,2021-08-24,36,58324
MB,2021-08-25,100,58424
MB,2021-08-26,47,58471
MB,2021-08-27,34,58505
MB,2021-08-28,94,58599
MB,2021-08-29,48,58647
MB,2021-08-30,29,58676
MB,2021-08-31,31,58707
MB,2021-09-01,50,58757
MB,2021-09-02,39,58796
MB,2021-09-03,50,58846
MB,2021-09-04,41,58887
MB,2021-09-05,43,58930
MB,2021-09-06,32,58962
MB,2021-09-07,33,58995
MB,2021-09-08,54,59049
MB,2021-09-09,55,59104
MB,2021-09-10,98,59202
MB,2021-09-11,70,59272
MB,2021-09-12,59,59331
MB,2021-09-13,38,59369
MB,2021-09-14,50,59419
MB,2021-09-15,47,59466
MB,2021-09-16,69,59535
MB,2021-09-17,76,59611
MB,2021-09-18,46,59657
MB,2021-09-19,61,59718
MB,2021-09-20,40,59758
MB,2021-09-21,60,59818
MB,2021-09-22,54,59872
MB,2021-09-23,71,59943
MB,2021-09-24,61,60004
MB,2021-09-25,94,60098
MB,2021-09-26,126,60224
MB,2021-09-27,71,60295
MB,2021-09-28,40,60335
MB,2021-09-29,113,60448
MB,2021-09-30,105,60553
MB,2021-10-01,82,60635
MB,2021-10-02,103,60738
MB,2021-10-03,127,60865
MB,2021-10-04,109,60974
MB,2021-10-05,73,61047
MB,2021-10-06,84,61131
MB,2021-10-07,131,61262
MB,2021-10-08,131,61393
MB,2021-10-09,89,61482
MB,2021-10-10,106,61588
MB,2021-10-11,76,61664
MB,2021-10-12,60,61724
MB,2021-10-13,112,61836
MB,2021-10-14,60,61896
MB,2021-10-15,108,62004
MB,2021-10-16,101,62105
MB,2021-10-17,73,62178
MB,2021-10-18,52,62230
MB,2021-10-19,111,62341
MB,2021-10-20,38,62379
MB,2021-10-21,88,62467
MB,2021-10-22,123,62590
MB,2021-10-23,99,62689
MB,2021-10-24,153,62842
MB,2021-10-25,68,62910
MB,2021-10-26,81,62991
MB,2021-10-27,116,63107
MB,2021-10-28,124,63231
MB,2021-10-29,135,63366
MB,2021-10-30,105,63471
MB,2021-10-31,122,63593
MB,2021-11-01,105,63698
MB,2021-11-02,119,63817
MB,2021-11-03,124,63941
MB,2021-11-04,149,64090
MB,2021-11-05,124,64214
MB,2021-11-06,177,64391
MB,2021-11-07,147,64538
MB,2021-11-08,180,64718
MB,2021-11-09,162,64880
MB,2021-11-10,139,65019
MB,2021-11-11,179,65198
MB,2021-11-12,167,65365
MB,2021-11-13,136,65501
MB,2021-11-14,105,65606
MB,2021-11-15,155,65761
MB,2021-11-16,114,65875
MB,2021-11-17,130,66005
MB,2021-11-18,193,66198
MB,2021-11-19,194,66392
MB,2021-11-20,172,66564
MB,2021-11-21,129,66693
MB,2021-11-22,144,66837
MB,2021-11-23,131,66968
MB,2021-11-24,131,67099
MB,2021-11-25,212,67311
MB,2021-11-26,125,67436
MB,2021-11-27,155,67591
MB,2021-11-28,91,67682
MB,2021-11-29,88,67770
MB,2021-11-30,124,67894
MB,2021-12-01,143,68037
MB,2021-12-02,153,68190
MB,2021-12-03,137,68327
MB,2021-12-04,185,68512
MB,2021-12-05,204,68716
MB,2021-12-06,141,68857
MB,2021-12-07,127,68984
MB,2021-12-08,155,69139
MB,2021-12-09,182,69321
MB,2021-12-10,202,69523
MB,2021-12-11,159,69682
MB,2021-12-12,165,69847
MB,2021-12-13,152,69999
MB,2021-12-14,172,70171
MB,2021-12-15,174,70345
MB,2021-12-16,244,70589
MB,2021-12-17,226,70815
MB,2021-12-18,251,71066
MB,2021-12-19,335,71401
MB,2021-12-20,211,71612
MB,2021-12-21,311,71923
MB,2021-12-22,409,72332
MB,2021-12-23,523,72855
MB,2021-12-24,769,73624
MB,2021-12-25,835,74459
MB,2021-12-26,590,75049
MB,2021-12-27,692,75741
MB,2021-12-28,877,76618
MB,2021-12-29,972,77590
MB,2021-12-30,1231,78821
MB,2021-12-31,1646,80467
MB,2022-01-01,1770,82237
MB,2022-01-02,1833,84070
MB,2022-01-03,1555,85625
MB,2022-01-04,2060,87685
MB,2022-01-05,2212,89897
MB,2022-01-06,2901,92798
MB,2022-01-07,2356,95154
MB,2022-01-08,2791,97945
MB,2022-01-09,2047,99992
MB,2022-01-10,2320,102312
MB,2022-01-11,2048,104360
MB,2022-01-12,1236,105596
MB,2022-01-13,1345,106941
MB,2022-01-14,1165,108106
MB,2022-01-15,1074,109180
MB,2022-01-16,815,109995
MB,2022-01-17,642,110637
MB,2022-01-18,913,111550
MB,2022-01-19,1048,112598
MB,2022-01-20,744,113342
MB,2022-01-21,892,114234
MB,2022-01-22,886,115120
MB,2022-01-23,548,115668
MB,2022-01-24,610,116278
MB,2022-01-25,643,116921
MB,2022-01-26,665,117586
MB,2022-01-27,1050,118636
MB,2022-01-28,1171,119807
MB,2022-01-29,752,120559
MB,2022-01-30,464,121023
MB,2022-01-31,434,121457
MB,2022-02-01,564,122021
MB,2022-02-02,567,122588
MB,2022-02-03,382,122970
MB,2022-02-04,721,123691
MB,2022-02-05,541,124232
MB,2022-02-06,335,124567
MB,2022-02-07,289,124856
MB,2022-02-08,490,125346
MB,2022-02-09,427,125773
MB,2022-02-10,337,126110
MB,2022-02-11,429,126539
MB,2022-02-12,415,126954
MB,2022-02-13,243,127197
MB,2022-02-14,136,127333
MB,2022-02-15,401,127734
MB,2022-02-16,301,128035
MB,2022-02-17,428,128463
MB,2022-02-18,308,128771
MB,2022-02-19,272,129043
MB,2022-02-20,104,129147
MB,2022-02-21,108,129255
MB,2022-02-22,372,129627
MB,2022-02-23,197,129824
MB,2022-02-24,232,130056
MB,2022-02-25,278,130334
MB,2022-02-26,274,130608
MB,2022-02-27,127,130735
MB,2022-02-28,110,130845
MB,2022-03-01,214,131059
MB,2022-03-02,163,131222
MB,2022-03-03,150,131372
MB,2022-03-04,194,131566
MB,2022-03-05,214,131780
MB,2022-03-06,94,131874
MB,2022-03-07,94,131968
MB,2022-03-08,152,132120
MB,2022-03-09,193,132313
MB,2022-03-10,177,132490
MB,2022-03-11,234,132724
MB,2022-03-12,151,132875
MB,2022-03-13,115,132990
MB,2022-03-14,107,133097
MB,2022-03-15,218,133315
MB,2022-03-16,204,133519
MB,2022-03-17,229,133748
MB,2022-03-18,187,133935
MB,2022-03-19,205,134140
MB,2022-03-20,93,134233
MB,2022-03-21,78,134311
MB,2022-03-22,113,134424
MB,2022-03-23,149,134573
MB,2022-03-24,193,134766
MB,2022-03-25,141,134907
MB,2022-03-26,307,135214
MB,2022-03-27,0,135214
MB,2022-03-28,0,135214
MB,2022-03-29,0,135214
MB,2022-03-30,0,135214
MB,2022-03-31,0,135214
MB,2022-04-01,0,135214
MB,2022-04-02,1359,136573
MB,2022-04-03,0,136573
MB,2022-04-04,0,136573
MB,2022-04-05,0,136573
MB,2022-04-06,0,136573
MB,2022-04-07,0,136573
MB,2022-04-08,0,136573
MB,2022-04-09,1698,138271
MB,2022-04-10,0,138271
MB,2022-04-11,0,138271
MB,2022-04-12,0,138271
MB,2022-04-13,0,138271
MB,2022-04-14,0,138271
MB,2022-04-15,0,138271
MB,2022-04-16,1194,139465
MB,2022-04-17,0,139465
MB,2022-04-18,0,139465
MB,2022-04-19,0,139465
MB,2022-04-20,0,139465
MB,2022-04-21,0,139465
MB,2022-04-22,0,139465
MB,2022-04-23,1466,140931
MB,2022-04-24,0,140931
MB,2022-04-25,0,140931
MB,2022-04-26,0,140931
MB,2022-04-27,0,140931
MB,2022-04-28,0,140931
MB,2022-04-29,0,140931
MB,2022-04-30,1042,141973
MB,2022-05-01,0,141973
MB,2022-05-02,0,141973
MB,2022-05-03,0,141973
MB,2022-05-04,0,141973
MB,2022-05-05,0,141973
MB,2022-05-06,0,141973
MB,2022-05-07,902,142875
MB,2022-05-08,0,142875
MB,2022-05-09,0,142875
MB,2022-05-10,0,142875
MB,2022-05-11,0,142875
MB,2022-05-12,0,142875
MB,2022-05-13,0,142875
MB,2022-05-14,728,143603
MB,2022-05-15,0,143603
MB,2022-05-16,0,143603
MB,2022-05-17,0,143603
MB,2022-05-18,0,143603
MB,2022-05-19,0,143603
MB,2022-05-20,0,143603
MB,2022-05-21,537,144140
MB,2022-05-22,0,144140
MB,2022-05-23,0,144140
MB,2022-05-24,0,144140
MB,2022-05-25,0,144140
MB,2022-05-26,0,144140
MB,2022-05-27,0,144140
MB,2022-05-28,416,144556
MB,2022-05-29,0,144556
MB,2022-05-30,0,144556
MB,2022-05-31,0,144556
MB,2022-06-01,0,144556
MB,2022-06-02,0,144556
MB,2022-06-03,0,144556
MB,2022-06-04,339,144895
MB,2022-06-05,0,144895
MB,2022-06-06,0,144895
MB,2022-06-07,0,144895
MB,2022-06-08,0,144895
MB,2022-06-09,0,144895
MB,2022-06-10,0,144895
MB,2022-06-11,228,145123
MB,2022-06-12,0,145123
MB,2022-06-13,0,145123
MB,2022-06-14,0,145123
MB,2022-06-15,0,145123
MB,2022-06-16,0,145123
MB,2022-06-17,0,145123
MB,2022-06-18,203,145326
MB,2022-06-19,0,145326
MB,2022-06-20,0,145326
MB,2022-06-21,0,145326
MB,2022-06-22,0,145326
MB,2022-06-23,0,145326
MB,2022-06-24,0,145326
MB,2022-06-25,172,145498
MB,2022-06-26,0,145498
MB,2022-06-27,0,145498
MB,2022-06-28,0,145498
MB,2022-06-29,0,145498
MB,2022-06-30,0,145498
MB,2022-07-01,0,145498
MB,2022-07-02,125,145623
MB,2022-07-03,0,145623
MB,2022-07-04,0,145623
MB,2022-07-05,0,145623
MB,2022-07-06,0,145623
MB,2022-07-07,0,145623
MB,2022-07-08,0,145623
MB,2022-07-09,230,145853
MB,2022-07-10,0,145853
MB,2022-07-11,0,145853
MB,2022-07-12,0,145853
MB,2022-07-13,0,145853
MB,2022-07-14,0,145853
MB,2022-07-15,0,145853
MB,2022-07-16,171,146024
MB,2022-07-17,0,146024
MB,2022-07-18,0,146024
MB,2022-07-19,0,146024
MB,2022-07-20,0,146024
MB,2022-07-21,0,146024
MB,2022-07-22,0,146024
MB,2022-07-23,242,146266
MB,2022-07-24,0,146266
MB,2022-07-25,0,146266
MB,2022-07-26,0,146266
MB,2022-07-27,0,146266
MB,2022-07-28,0,146266
MB,2022-07-29,0,146266
MB,2022-07-30,258,146524
MB,2022-07-31,0,146524
MB,2022-08-01,0,146524
MB,2022-08-02,0,146524
MB,2022-08-03,0,146524
MB,2022-08-04,0,146524
MB,2022-08-05,0,146524
MB,2022-08-06,350,146874
MB,2022-08-07,0,146874
MB,2022-08-08,0,146874
MB,2022-08-09,0,146874
MB,2022-08-10,0,146874
MB,2022-08-11,0,146874
MB,2022-08-12,0,146874
MB,2022-08-13,455,147329
MB,2022-08-14,0,147329
MB,2022-08-15,0,147329
MB,2022-08-16,0,147329
MB,2022-08-17,0,147329
MB,2022-08-18,0,147329
MB,2022-08-19,0,147329
MB,2022-08-20,477,147806
MB,2022-08-21,0,147806
MB,2022-08-22,0,147806
MB,2022-08-23,0,147806
MB,2022-08-24,0,147806
MB,2022-08-25,0,147806
MB,2022-08-26,0,147806
MB,2022-08-27,622,148428
MB,2022-08-28,0,148428
MB,2022-08-29,0,148428
MB,2022-08-30,0,148428
MB,2022-08-31,0,148428
MB,2022-09-01,0,148428
MB,2022-09-02,0,148428
MB,2022-09-03,475,148903
MB,2022-09-04,0,148903
MB,2022-09-05,0,148903
MB,2022-09-06,0,148903
MB,2022-09-07,0,148903
MB,2022-09-08,0,148903
MB,2022-09-09,0,148903
MB,2022-09-10,342,149245
MB,2022-09-11,0,149245
MB,2022-09-12,0,149245
MB,2022-09-13,0,149245
MB,2022-09-14,0,149245
MB,2022-09-15,0,149245
MB,2022-09-16,0,149245
MB,2022-09-17,377,149622
MB,2022-09-18,0,149622
MB,2022-09-19,0,149622
MB,2022-09-20,0,149622
MB,2022-09-21,0,149622
MB,2022-09-22,0,149622
MB,2022-09-23,0,149622
MB,2022-09-24,286,149908
MB,2022-09-25,0,149908
MB,2022-09-26,0,149908
MB,2022-09-27,0,149908
MB,2022-09-28,0,149908
MB,2022-09-29,0,149908
MB,2022-09-30,0,149908
MB,2022-10-01,305,150213
MB,2022-10-02,0,150213
MB,2022-10-03,0,150213
MB,2022-10-04,0,150213
MB,2022-10-05,0,150213
MB,2022-10-06,0,150213
MB,2022-10-07,0,150213
MB,2022-10-08,341,150554
MB,2022-10-09,0,150554
MB,2022-10-10,0,150554
MB,2022-10-11,0,150554
MB,2022-10-12,0,150554
MB,2022-10-13,0,150554
MB,2022-10-14,0,150554
MB,2022-10-15,403,150957
MB,2022-10-16,0,150957
MB,2022-10-17,0,150957
MB,2022-10-18,0,150957
MB,2022-10-19,0,150957
MB,2022-10-20,0,150957
MB,2022-10-21,0,150957
MB,2022-10-22,362,151319
MB,2022-10-23,0,151319
MB,2022-10-24,0,151319
MB,2022-10-25,0,151319
MB,2022-10-26,0,151319
MB,2022-10-27,0,151319
MB,2022-10-28,0,151319
MB,2022-10-29,411,151730
MB,2022-10-30,0,151730
MB,2022-10-31,0,151730
MB,2022-11-01,0,151730
MB,2022-11-02,0,151730
MB,2022-11-03,0,151730
MB,2022-11-04,0,151730
MB,2022-11-05,342,152072
MB,2022-11-06,0,152072
MB,2022-11-07,0,152072
MB,2022-11-08,0,152072
MB,2022-11-09,0,152072
MB,2022-11-10,0,152072
MB,2022-11-11,0,152072
MB,2022-11-12,273,152345
MB,2022-11-13,0,152345
MB,2022-11-14,0,152345
MB,2022-11-15,0,152345
MB,2022-11-16,0,152345
MB,2022-11-17,0,152345
MB,2022-11-18,0,152345
MB,2022-11-19,312,152657
MB,2022-11-20,0,152657
MB,2022-11-21,0,152657
MB,2022-11-22,0,152657
MB,2022-11-23,0,152657
MB,2022-11-24,0,152657
MB,2022-11-25,0,152657
MB,2022-11-26,282,152939
MB,2022-11-27,0,152939
MB,2022-11-28,0,152939
MB,2022-11-29,0,152939
MB,2022-11-30,0,152939
MB,2022-12-01,0,152939
MB,2022-12-02,0,152939
MB,2022-12-03,252,153191
MB,2022-12-04,0,153191
MB,2022-12-05,0,153191
MB,2022-12-06,0,153191
MB,2022-12-07,0,153191
MB,2022-12-08,0,153191
MB,2022-12-09,0,153191
MB,2022-12-10,155,153346
MB,2022-12-11,0,153346
MB,2022-12-12,0,153346
MB,2022-12-13,0,153346
MB,2022-12-14,0,153346
MB,2022-12-15,0,153346
MB,2022-12-16,0,153346
MB,2022-12-17,158,153504
MB,2022-12-18,0,153504
MB,2022-12-19,0,153504
MB,2022-12-20,0,153504
MB,2022-12-21,0,153504
MB,2022-12-22,0,153504
MB,2022-12-23,0,153504
MB,2022-12-24,142,153646
MB,2022-12-25,0,153646
MB,2022-12-26,0,153646
MB,2022-12-27,0,153646
MB,2022-12-28,0,153646
MB,2022-12-29,0,153646
MB,2022-12-30,0,153646
MB,2022-12-31,134,153780
NB,2020-01-25,0,0
NB,2020-01-26,0,0
NB,2020-01-27,0,0
NB,2020-01-28,0,0
NB,2020-01-29,0,0
NB,2020-01-30,0,0
NB,2020-01-31,0,0
NB,2020-02-01,0,0
NB,2020-02-02,0,0
NB,2020-02-03,0,0
NB,2020-02-04,0,0
NB,2020-02-05,0,0
NB,2020-02-06,0,0
NB,2020-02-07,0,0
NB,2020-02-08,0,0
NB,2020-02-09,0,0
NB,2020-02-10,0,0
NB,2020-02-11,0,0
NB,2020-02-12,0,0
NB,2020-02-13,0,0
NB,2020-02-14,0,0
NB,2020-02-15,0,0
NB,2020-02-16,0,0
NB,2020-02-17,0,0
NB,2020-02-18,0,0
NB,2020-02-19,0,0
NB,2020-02-20,0,0
NB,2020-02-21,0,0
NB,2020-02-22,0,0
NB,2020-02-23,0,0
NB,2020-02-24,0,0
NB,2020-02-25,0,0
NB,2020-02-26,0,0
NB,2020-02-27,0,0
NB,2020-02-28,0,0
NB,2020-02-29,0,0
NB,2020-03-01,0,0
NB,2020-03-02,0,0
NB,2020-03-03,0,0
NB,2020-03-04,0,0
NB,2020-03-05,0,0
NB,2020-03-06,0,0
NB,2020-03-07,0,0
NB,2020-03-08,0,0
NB,2020-03-09,0,0
NB,2020-03-10,0,0
NB,2020-03-11,0,0
NB,2020-03-12,1,1
NB,2020-03-13,0,1
NB,2020-03-14,1,2
NB,2020-03-15,4,6
NB,2020-03-16,1,7
NB,2020-03-17,1,8
NB,2020-03-18,3,11
NB,2020-03-19,0,11
NB,2020-03-20,0,11
NB,2020-03-21,6,17
NB,2020-03-22,0,17
NB,2020-03-23,0,17
NB,2020-03-24,1,18
NB,2020-03-25,8,26
NB,2020-03-26,7,33
NB,2020-03-27,12,45
NB,2020-03-28,6,51
NB,2020-03-29,15,66
NB,2020-03-30,2,68
NB,2020-03-31,2,70
NB,2020-04-01,11,81
NB,2020-04-02,10,91
NB,2020-04-03,4,95
NB,2020-04-04,3,98
NB,2020-04-05,3,101
NB,2020-04-06,2,103
NB,2020-04-07,2,105
NB,2020-04-08,3,108
NB,2020-04-09,3,111
NB,2020-04-10,1,112
NB,2020-04-11,0,112
NB,2020-04-12,2,114
NB,2020-04-13,2,116
NB,2020-04-14,0,116
NB,2020-04-15,1,117
NB,2020-04-16,0,117
NB,2020-04-17,0,117
NB,2020-04-18,1,118
NB,2020-04-19,0,118
NB,2020-04-20,0,118
NB,2020-04-21,0,118
NB,2020-04-22,0,118
NB,2020-04-23,0,118
NB,2020-04-24,0,118
NB,2020-04-25,0,118
NB,2020-04-26,0,118
NB,2020-04-27,0,118
NB,2020-04-28,0,118
NB,2020-04-29,0,118
NB,2020-04-30,0,118
NB,2020-05-01,0,118
NB,2020-05-02,0,118
NB,2020-05-03,0,118
NB,2020-05-04,0,118
NB,2020-05-05,1,119
NB,2020-05-06,1,120
NB,2020-05-07,0,120
NB,2020-05-08,0,120
NB,2020-05-09,0,120
NB,2020-05-10,0,120
NB,2020-05-11,0,120
NB,2020-05-12,0,120
NB,2020-05-13,0,120
NB,2020-05-14,0,120
NB,2020-05-15,0,120
NB,2020-05-16,0,120
NB,2020-05-17,0,120
NB,2020-05-18,0,120
NB,2020-05-19,0,120
NB,2020-05-20,0,120
NB,2020-05-21,1,121
NB,2020-05-22,0,121
NB,2020-05-23,0,121
NB,2020-05-24,0,121
NB,2020-05-25,0,121
NB,2020-05-26,1,122
NB,2020-05-27,1,123
NB,2020-05-28,3,126
NB,2020-05-29,2,128
NB,2020-05-30,1,129
NB,2020-05-31,3,132
NB,2020-06-01,0,132
NB,2020-06-02,1,133
NB,2020-06-03,2,135
NB,2020-06-04,1,136
NB,2020-06-05,0,136
NB,2020-06-06,0,136
NB,2020-06-07,1,137
NB,2020-06-08,9,146
NB,2020-06-09,1,147
NB,2020-06-10,4,151
NB,2020-06-11,2,153
NB,2020-06-12,1,154
NB,2020-06-13,3,157
NB,2020-06-14,0,157
NB,2020-06-15,3,160
NB,2020-06-16,3,163
NB,2020-06-17,0,163
NB,2020-06-18,0,163
NB,2020-06-19,0,163
NB,2020-06-20,1,164
NB,2020-06-21,0,164
NB,2020-06-22,0,164
NB,2020-06-23,1,165
NB,2020-06-24,0,165
NB,2020-06-25,0,165
NB,2020-06-26,0,165
NB,2020-06-27,0,165
NB,2020-06-28,0,165
NB,2020-06-29,0,165
NB,2020-06-30,0,165
NB,2020-07-01,0,165
NB,2020-07-02,0,165
NB,2020-07-03,0,165
NB,2020-07-04,0,165
NB,2020-07-05,0,165
NB,2020-07-06,0,165
NB,2020-07-07,0,165
NB,2020-07-08,0,165
NB,2020-07-09,1,166
NB,2020-07-10,0,166
NB,2020-07-11,0,166
NB,2020-07-12,0,166
NB,2020-07-13,0,166
NB,2020-07-14,1,167
NB,2020-07-15,1,168
NB,2020-07-16,0,168
NB,2020-07-17,0,168
NB,2020-07-18,0,168
NB,2020-07-19,1,169
NB,2020-07-20,1,170
NB,2020-07-21,0,170
NB,2020-07-22,0,170
NB,2020-07-23,0,170
NB,2020-07-24,0,170
NB,2020-07-25,0,170
NB,2020-07-26,0,170
NB,2020-07-27,0,170
NB,2020-07-28,0,170
NB,2020-07-29,0,170
NB,2020-07-30,0,170
NB,2020-07-31,0,170
NB,2020-08-01,0,170
NB,2020-08-02,0,170
NB,2020-08-03,0,170
NB,2020-08-04,0,170
NB,2020-08-05,4,174
NB,2020-08-06,2,176
NB,2020-08-07,0,176
NB,2020-08-08,0,176
NB,2020-08-09,0,176
NB,2020-08-10,0,176
NB,2020-08-11,1,177
NB,2020-08-12,1,178
NB,2020-08-13,2,180
NB,2020-08-14,0,180
NB,2020-08-15,4,184
NB,2020-08-16,2,186
NB,2020-08-17,0,186
NB,2020-08-18,0,186
NB,2020-08-19,0,186
NB,2020-08-20,0,186
NB,2020-08-21,2,188
NB,2020-08-22,0,188
NB,2020-08-23,1,189
NB,2020-08-24,0,189
NB,2020-08-25,1,190
NB,2020-08-26,0,190
NB,2020-08-27,0,190
NB,2020-08-28,1,191
NB,2020-08-29,0,191
NB,2020-08-30,0,191
NB,2020-08-31,0,191
NB,2020-09-01,0,191
NB,2020-09-02,1,192
NB,2020-09-03,0,192
NB,2020-09-04,0,192
NB,2020-09-05,0,192
NB,2020-09-06,0,192
NB,2020-09-07,0,192
NB,2020-09-08,0,192
NB,2020-09-09,0,192
NB,2020-09-10,1,193
NB,2020-09-11,0,193
NB,2020-09-12,0,193
NB,2020-09-13,0,193
NB,2020-09-14,1,194
NB,2020-09-15,0,194
NB,2020-09-16,0,194
NB,2020-09-17,0,194
NB,2020-09-18,0,194
NB,2020-09-19,0,194
NB,2020-09-20,0,194
NB,2020-09-21,2,196
NB,2020-09-22,0,196
NB,2020-09-23,1,197
NB,2020-09-24,2,199
NB,2020-09-25,1,200
NB,2020-09-26,0,200
NB,2020-09-27,0,200
NB,2020-09-28,0,200
NB,2020-09-29,0,200
NB,2020-09-30,0,200
NB,2020-10-01,0,200
NB,2020-10-02,0,200
NB,2020-10-03,1,201
NB,2020-10-04,0,201
NB,2020-10-05,2,203
NB,2020-10-06,2,205
NB,2020-10-07,17,222
NB,2020-10-08,3,225
NB,2020-10-09,13,238
NB,2020-10-10,20,258
NB,2020-10-11,14,272
NB,2020-10-12,6,278
NB,2020-10-13,6,284
NB,2020-10-14,8,292
NB,2020-10-15,0,292
NB,2020-10-16,5,297
NB,2020-10-17,8,305
NB,2020-10-18,5,310
NB,2020-10-19,3,313
NB,2020-10-20,0,313
NB,2020-10-21,6,319
NB,2020-10-22,3,322
NB,2020-10-23,2,324
NB,2020-10-24,2,326
NB,2020-10-25,2,328
NB,2020-10-26,3,331
NB,2020-10-27,3,334
NB,2020-10-28,3,337
NB,2020-10-29,4,341
NB,2020-10-30,1,342
NB,2020-10-31,1,343
NB,2020-11-01,1,344
NB,2020-11-02,0,344
NB,2020-11-03,0,344
NB,2020-11-04,3,347
NB,2020-11-05,2,349
NB,2020-11-06,1,350
NB,2020-11-07,3,353
NB,2020-11-08,1,354
NB,2020-11-09,1,355
NB,2020-11-10,0,355
NB,2020-11-11,0,355
NB,2020-11-12,1,356
NB,2020-11-13,2,358
NB,2020-11-14,6,364
NB,2020-11-15,3,367
NB,2020-11-16,8,375
NB,2020-11-17,4,379
NB,2020-11-18,9,388
NB,2020-11-19,4,392
NB,2020-11-20,9,401
NB,2020-11-21,23,424
NB,2020-11-22,6,430
NB,2020-11-23,15,445
NB,2020-11-24,5,450
NB,2020-11-25,3,453
NB,2020-11-26,12,465
NB,2020-11-27,12,477
NB,2020-11-28,4,481
NB,2020-11-29,14,495
NB,2020-11-30,6,501
NB,2020-12-01,7,508
NB,2020-12-02,6,514
NB,2020-12-03,6,520
NB,2020-12-04,8,528
NB,2020-12-05,2,530
NB,2020-12-06,4,534
NB,2020-12-07,2,536
NB,2020-12-08,5,541
NB,2020-12-09,1,542
NB,2020-12-10,4,546
NB,2020-12-11,8,554
NB,2020-12-12,1,555
NB,2020-12-13,2,557
NB,2020-12-14,1,558
NB,2020-12-15,1,559
NB,2020-12-16,8,567
NB,2020-12-17,6,573
NB,2020-12-18,0,573
NB,2020-12-19,1,574
NB,2020-12-20,0,574
NB,2020-12-21,4,578
NB,2020-12-22,2,580
NB,2020-12-23,5,585
NB,2020-12-24,2,587
NB,2020-12-25,1,588
NB,2020-12-26,2,590
NB,2020-12-27,2,592
NB,2020-12-28,1,593
NB,2020-12-29,2,595
NB,2020-12-30,1,596
NB,2020-12-31,3,599
NB,2021-01-01,2,601
NB,2021-01-02,10,611
NB,2021-01-03,7,618
NB,2021-01-04,17,635
NB,2021-01-05,27,662
NB,2021-01-06,31,693
NB,2021-01-07,24,717
NB,2021-01-08,18,735
NB,2021-01-09,30,765
NB,2021-01-10,14,779
NB,2021-01-11,21,800
NB,2021-01-12,17,817
NB,2021-01-13,19,836
NB,2021-01-14,23,859
NB,2021-01-15,25,884
NB,2021-01-16,27,911
NB,2021-01-17,36,947
NB,2021-01-18,26,973
NB,2021-01-19,31,1004
NB,2021-01-20,21,1025
NB,2021-01-21,32,1057
NB,2021-01-22,30,1087
NB,2021-01-23,17,1104
NB,2021-01-24,20,1124
NB,2021-01-25,27,1151
NB,2021-01-26,10,1161
NB,2021-01-27,14,1175
NB,2021-01-28,27,1202
NB,2021-01-29,16,1218
NB,2021-01-30,12,1230
NB,2021-01-31,25,1255
NB,2021-02-01,8,1263
NB,2021-02-02,25,1288
NB,2021-02-03,14,1302
NB,2021-02-04,16,1318
NB,2021-02-05,7,1325
NB,2021-02-06,12,1337
NB,2021-02-07,7,1344
NB,2021-02-08,2,1346
NB,2021-02-09,15,1361
NB,2021-02-10,13,1374
NB,2021-02-11,2,1376
NB,2021-02-12,5,1381
NB,2021-02-13,16,1397
NB,2021-02-14,2,1399
NB,2021-02-15,1,1400
NB,2021-02-16,3,1403
NB,2021-02-17,3,1406
NB,2021-02-18,4,1410
NB,2021-02-19,6,1416
NB,2021-02-20,3,1419
NB,2021-02-21,4,1423
NB,2021-02-22,1,1424
NB,2021-02-23,0,1424
NB,2021-02-24,2,1426
NB,2021-02-25,1,1427
NB,2021-02-26,1,1428
NB,2021-02-27,2,1430
NB,2021-02-28,0,1430
NB,2021-03-01,1,1431
NB,2021-03-02,4,1435
NB,2021-03-03,3,1438
NB,2021-03-04,5,1443
NB,2021-03-05,4,1447
NB,2021-03-06,6,1453
NB,2021-03-07,1,1454
NB,2021-03-08,6,1460
NB,2021-03-09,0,1460
NB,2021-03-10,0,1460
NB,2021-03-11,2,1462
NB,2021-03-12,3,1465
NB,2021-03-13,0,1465
NB,2021-03-14,5,1470
NB,2021-03-15,1,1471
NB,2021-03-16,5,1476
NB,2021-03-17,1,1477
NB,2021-03-18,7,1484
NB,2021-03-19,2,1486
NB,2021-03-20,3,1489
NB,2021-03-21,1,1490
NB,2021-03-22,8,1498
NB,2021-03-23,7,1505
NB,2021-03-24,12,1517
NB,2021-03-25,29,1546
NB,2021-03-26,13,1559
NB,2021-03-27,12,1571
NB,2021-03-28,6,1577
NB,2021-03-29,11,1588
NB,2021-03-30,13,1601
NB,2021-03-31,12,1613
NB,2021-04-01,10,1623
NB,2021-04-02,9,1632
NB,2021-04-03,9,1641
NB,2021-04-04,11,1652
NB,2021-04-05,10,1662
NB,2021-04-06,3,1665
NB,2021-04-07,14,1679
NB,2021-04-08,7,1686
NB,2021-04-09,8,1694
NB,2021-04-10,19,1713
NB,2021-04-11,9,1722
NB,2021-04-12,10,1732
NB,2021-04-13,4,1736
NB,2021-04-14,16,1752
NB,2021-04-15,8,1760
NB,2021-04-16,7,1767
NB,2021-04-17,11,1778
NB,2021-04-18,10,1788
NB,2021-04-19,9,1797
NB,2021-04-20,0,1797
NB,2021-04-21,7,1804
NB,2021-04-22,19,1823
NB,2021-04-23,16,1839
NB,2021-04-24,8,1847
NB,2021-04-25,4,1851
NB,2021-04-26,7,1858
NB,2021-04-27,24,1882
NB,2021-04-28,8,1890
NB,2021-04-29,10,1900
NB,2021-04-30,15,1915
NB,2021-05-01,18,1933
NB,2021-05-02,6,1939
NB,2021-05-03,15,1954
NB,2021-05-04,4,1958
NB,2021-05-05,11,1969
NB,2021-05-06,11,1980
NB,2021-05-07,8,1988
NB,2021-05-08,8,1996
NB,2021-05-09,6,2002
NB,2021-05-10,11,2013
NB,2021-05-11,2,2015
NB,2021-05-12,9,2024
NB,2021-05-13,16,2040
NB,2021-05-14,5,2045
NB,2021-05-15,7,2052
NB,2021-05-16,11,2063
NB,2021-05-17,10,2073
NB,2021-05-18,10,2083
NB,2021-05-19,8,2091
NB,2021-05-20,7,2098
NB,2021-05-21,15,2113
NB,2021-05-22,2,2115
NB,2021-05-23,14,2129
NB,2021-05-24,15,2144
NB,2021-05-25,9,2153
NB,2021-05-26,10,2163
NB,2021-05-27,9,2172
NB,2021-05-28,9,2181
NB,2021-05-29,10,2191
NB,2021-05-30,9,2200
NB,2021-05-31,12,2212
NB,2021-06-01,3,2215
NB,2021-06-02,12,2227
NB,2021-06-03,16,2243
NB,2021-06-04,10,2253
NB,2021-06-05,9,2262
NB,2021-06-06,3,2265
NB,2021-06-07,1,2266
NB,2021-06-08,1,2267
NB,2021-06-09,13,2280
NB,2021-06-10,3,2283
NB,2021-06-11,1,2284
NB,2021-06-12,7,2291
NB,2021-06-13,7,2298
NB,2021-06-14,1,2299
NB,2021-06-15,3,2302
NB,2021-06-16,3,2305
NB,2021-06-17,4,2309
NB,2021-06-18,2,2311
NB,2021-06-19,5,2316
NB,2021-06-20,2,2318
NB,2021-06-21,0,2318
NB,2021-06-22,1,2319
NB,2021-06-23,1,2320
NB,2021-06-24,2,2322
NB,2021-06-25,1,2323
NB,2021-06-26,1,2324
NB,2021-06-27,1,2325
NB,2021-06-28,1,2326
NB,2021-06-29,3,2329
NB,2021-06-30,3,2332
NB,2021-07-01,0,2332
NB,2021-07-02,4,2336
NB,2021-07-03,0,2336
NB,2021-07-04,1,2337
NB,2021-07-05,1,2338
NB,2021-07-06,-2,2336
NB,2021-07-07,0,2336
NB,2021-07-08,0,2336
NB,2021-07-09,0,2336
NB,2021-07-10,0,2336
NB,2021-07-11,0,2336
NB,2021-07-12,0,2336
NB,2021-07-13,0,2336
NB,2021-07-14,0,2336
NB,2021-07-15,7,2343
NB,2021-07-16,2,2345
NB,2021-07-17,0,2345
NB,2021-07-18,1,2346
NB,2021-07-19,0,2346
NB,2021-07-20,0,2346
NB,2021-07-21,0,2346
NB,2021-07-22,1,2347
NB,2021-07-23,3,2350
NB,2021-07-24,0,2350
NB,2021-07-25,0,2350
NB,2021-07-26,1,2351
NB,2021-07-27,1,2352
NB,2021-07-28,2,2354
NB,2021-07-29,4,2358
NB,2021-07-30,7,2365
NB,2021-07-31,0,2365
NB,2021-08-01,18,2383
NB,2021-08-02,0,2383
NB,2021-08-03,11,2394
NB,2021-08-04,2,2396
NB,2021-08-05,13,2409
NB,2021-08-06,5,2414
NB,2021-08-07,0,2414
NB,2021-08-08,20,2434
NB,2021-08-09,5,2439
NB,2021-08-10,8,2447
NB,2021-08-11,13,2460
NB,2021-08-12,11,2471
NB,2021-08-13,19,2490
NB,2021-08-14,0,2490
NB,2021-08-15,0,2490
NB,2021-08-16,40,2530
NB,2021-08-17,13,2543
NB,2021-08-18,16,2559
NB,2021-08-19,23,2582
NB,2021-08-20,32,2614
NB,2021-08-21,0,2614
NB,2021-08-22,0,2614
NB,2021-08-23,58,2672
NB,2021-08-24,15,2687
NB,2021-08-25,10,2697
NB,2021-08-26,8,2705
NB,2021-08-27,16,2721
NB,2021-08-28,0,2721
NB,2021-08-29,0,2721
NB,2021-08-30,39,2760
NB,2021-08-31,3,2763
NB,2021-09-01,11,2774
NB,2021-09-02,10,2784
NB,2021-09-03,14,2798
NB,2021-09-04,0,2798
NB,2021-09-05,0,2798
NB,2021-09-06,0,2798
NB,2021-09-07,54,2852
NB,2021-09-08,16,2868
NB,2021-09-09,17,2885
NB,2021-09-10,24,2909
NB,2021-09-11,0,2909
NB,2021-09-12,0,2909
NB,2021-09-13,122,3031
NB,2021-09-14,35,3066
NB,2021-09-15,63,3129
NB,2021-09-16,51,3180
NB,2021-09-17,57,3237
NB,2021-09-18,0,3237
NB,2021-09-19,0,3237
NB,2021-09-20,199,3436
NB,2021-09-21,65,3501
NB,2021-09-22,76,3577
NB,2021-09-23,52,3629
NB,2021-09-24,78,3707
NB,2021-09-25,61,3768
NB,2021-09-26,82,3850
NB,2021-09-27,86,3936
NB,2021-09-28,68,4004
NB,2021-09-29,84,4088
NB,2021-09-30,99,4187
NB,2021-10-01,85,4272
NB,2021-10-02,140,4412
NB,2021-10-03,93,4505
NB,2021-10-04,75,4580
NB,2021-10-05,90,4670
NB,2021-10-06,71,4741
NB,2021-10-07,116,4857
NB,2021-10-08,130,4987
NB,2021-10-09,100,5087
NB,2021-10-10,73,5160
NB,2021-10-11,98,5258
NB,2021-10-12,109,5367
NB,2021-10-13,82,5449
NB,2021-10-14,133,5582
NB,2021-10-15,87,5669
NB,2021-10-16,66,5735
NB,2021-10-17,58,5793
NB,2021-10-18,53,5846
NB,2021-10-19,50,5896
NB,2021-10-20,69,5965
NB,2021-10-21,67,6032
NB,2021-10-22,40,6072
NB,2021-10-23,40,6112
NB,2021-10-24,51,6163
NB,2021-10-25,22,6185
NB,2021-10-26,21,6206
NB,2021-10-27,57,6263
NB,2021-10-28,69,6332
NB,2021-10-29,48,6380
NB,2021-10-30,33,6413
NB,2021-10-31,32,6445
NB,2021-11-01,31,6476
NB,2021-11-02,40,6516
NB,2021-11-03,60,6576
NB,2021-11-04,39,6615
NB,2021-11-05,51,6666
NB,2021-11-06,50,6716
NB,2021-11-07,53,6769
NB,2021-11-08,44,6813
NB,2021-11-09,52,6865
NB,2021-11-10,69,6934
NB,2021-11-11,70,7004
NB,2021-11-12,65,7069
NB,2021-11-13,60,7129
NB,2021-11-14,65,7194
NB,2021-11-15,40,7234
NB,2021-11-16,34,7268
NB,2021-11-17,82,7350
NB,2021-11-18,72,7422
NB,2021-11-19,90,7512
NB,2021-11-20,67,7579
NB,2021-11-21,90,7669
NB,2021-11-22,62,7731
NB,2021-11-23,75,7806
NB,2021-11-24,87,7893
NB,2021-11-25,95,7988
NB,2021-11-26,99,8087
NB,2021-11-27,85,8172
NB,2021-11-28,45,8217
NB,2021-11-29,46,8263
NB,2021-11-30,55,8318
NB,2021-12-01,93,8411
NB,2021-12-02,95,8506
NB,2021-12-03,97,8603
NB,2021-12-04,77,8680
NB,2021-12-05,118,8798
NB,2021-12-06,71,8869
NB,2021-12-07,69,8938
NB,2021-12-08,111,9049
NB,2021-12-09,174,9223
NB,2021-12-10,143,9366
NB,2021-12-11,126,9492
NB,2021-12-12,112,9604
NB,2021-12-13,100,9704
NB,2021-12-14,109,9813
NB,2021-12-15,160,9973
NB,2021-12-16,177,10150
NB,2021-12-17,163,10313
NB,2021-12-18,133,10446
NB,2021-12-19,108,10554
NB,2021-12-20,118,10672
NB,2021-12-21,156,10828
NB,2021-12-22,237,11065
NB,2021-12-23,257,11322
NB,2021-12-24,265,11587
NB,2021-12-25,0,11587
NB,2021-12-26,0,11587
NB,2021-12-27,639,12226
NB,2021-12-28,306,12532
NB,2021-12-29,486,13018
NB,2021-12-30,572,13590
NB,2021-12-31,682,14272
NB,2022-01-01,0,14272
NB,2022-01-02,0,14272
NB,2022-01-03,2548,16820
NB,2022-01-04,746,17566
NB,2022-01-05,779,18345
NB,2022-01-06,672,19017
NB,2022-01-07,840,19857
NB,2022-01-08,421,20278
NB,2022-01-09,201,20479
NB,2022-01-10,220,20699
NB,2022-01-11,191,20890
NB,2022-01-12,359,21249
NB,2022-01-13,304,21553
NB,2022-01-14,426,21979
NB,2022-01-15,409,22388
NB,2022-01-16,380,22768
NB,2022-01-17,405,23173
NB,2022-01-18,330,23503
NB,2022-01-19,498,24001
NB,2022-01-20,488,24489
NB,2022-01-21,514,25003
NB,2022-01-22,462,25465
NB,2022-01-23,545,26010
NB,2022-01-24,381,26391
NB,2022-01-25,350,26741
NB,2022-01-26,520,27261
NB,2022-01-27,388,27649
NB,2022-01-28,396,28045
NB,2022-01-29,397,28442
NB,2022-01-30,274,28716
NB,2022-01-31,169,28885
NB,2022-02-01,228,29113
NB,2022-02-02,381,29494
NB,2022-02-03,411,29905
NB,2022-02-04,401,30306
NB,2022-02-05,296,30602
NB,2022-02-06,154,30756
NB,2022-02-07,261,31017
NB,2022-02-08,259,31276
NB,2022-02-09,321,31597
NB,2022-02-10,351,31948
NB,2022-02-11,359,32307
NB,2022-02-12,303,32610
NB,2022-02-13,266,32876
NB,2022-02-14,190,33066
NB,2022-02-15,276,33342
NB,2022-02-16,305,33647
NB,2022-02-17,321,33968
NB,2022-02-18,254,34222
NB,2022-02-19,0,34222
NB,2022-02-20,0,34222
NB,2022-02-21,0,34222
NB,2022-02-22,1148,35370
NB,2022-02-23,300,35670
NB,2022-02-24,365,36035
NB,2022-02-25,382,36417
NB,2022-02-26,0,36417
NB,2022-02-27,0,36417
NB,2022-02-28,1065,37482
NB,2022-03-01,287,37769
NB,2022-03-02,386,38155
NB,2022-03-03,391,38546
NB,2022-03-04,391,38937
NB,2022-03-05,0,38937
NB,2022-03-06,0,38937
NB,2022-03-07,1133,40070
NB,2022-03-08,242,40312
NB,2022-03-09,342,40654
NB,2022-03-10,455,41109
NB,2022-03-11,403,41512
NB,2022-03-12,0,41512
NB,2022-03-13,0,41512
NB,2022-03-14,0,41512
NB,2022-03-15,808,42320
NB,2022-03-16,0,42320
NB,2022-03-17,0,42320
NB,2022-03-18,0,42320
NB,2022-03-19,0,42320
NB,2022-03-20,0,42320
NB,2022-03-21,0,42320
NB,2022-03-22,2781,45101
NB,2022-03-23,0,45101
NB,2022-03-24,0,45101
NB,2022-03-25,0,45101
NB,2022-03-26,0,45101
NB,2022-03-27,0,45101
NB,2022-03-28,0,45101
NB,2022-03-29,3096,48197
NB,2022-03-30,0,48197
NB,2022-03-31,0,48197
NB,2022-04-01,0,48197
NB,2022-04-02,3657,51854
NB,2022-04-03,0,51854
NB,2022-04-04,0,51854
NB,2022-04-05,0,51854
NB,2022-04-06,0,51854
NB,2022-04-07,0,51854
NB,2022-04-08,0,51854
NB,2022-04-09,3958,55812
NB,2022-04-10,0,55812
NB,2022-04-11,0,55812
NB,2022-04-12,0,55812
NB,2022-04-13,0,55812
NB,2022-04-14,0,55812
NB,2022-04-15,0,55812
NB,2022-04-16,2956,58768
NB,2022-04-17,0,58768
NB,2022-04-18,0,58768
NB,2022-04-19,0,58768
NB,2022-04-20,0,58768
NB,2022-04-21,0,58768
NB,2022-04-22,0,58768
NB,2022-04-23,1988,60756
NB,2022-04-24,0,60756
NB,2022-04-25,0,60756
NB,2022-04-26,0,60756
NB,2022-04-27,0,60756
NB,2022-04-28,0,60756
NB,2022-04-29,0,60756
NB,2022-04-30,1392,62148
NB,2022-05-01,0,62148
NB,2022-05-02,0,62148
NB,2022-05-03,0,62148
NB,2022-05-04,0,62148
NB,2022-05-05,0,62148
NB,2022-05-06,0,62148
NB,2022-05-07,1338,63486
NB,2022-05-08,0,63486
NB,2022-05-09,0,63486
NB,2022-05-10,0,63486
NB,2022-05-11,0,63486
NB,2022-05-12,0,63486
NB,2022-05-13,0,63486
NB,2022-05-14,1004,64490
NB,2022-05-15,0,64490
NB,2022-05-16,0,64490
NB,2022-05-17,0,64490
NB,2022-05-18,0,64490
NB,2022-05-19,0,64490
NB,2022-05-20,0,64490
NB,2022-05-21,768,65258
NB,2022-05-22,0,65258
NB,2022-05-23,0,65258
NB,2022-05-24,0,65258
NB,2022-05-25,0,65258
NB,2022-05-26,0,65258
NB,2022-05-27,0,65258
NB,2022-05-28,554,65812
NB,2022-05-29,0,65812
NB,2022-05-30,0,65812
NB,2022-05-31,0,65812
NB,2022-06-01,0,65812
NB,2022-06-02,0,65812
NB,2022-06-03,0,65812
NB,2022-06-04,533,66345
NB,2022-06-05,0,66345
NB,2022-06-06,0,66345
NB,2022-06-07,0,66345
NB,2022-06-08,0,66345
NB,2022-06-09,0,66345
NB,2022-06-10,0,66345
NB,2022-06-11,471,66816
NB,2022-06-12,0,66816
NB,2022-06-13,0,66816
NB,2022-06-14,0,66816
NB,2022-06-15,0,66816
NB,2022-06-16,0,66816
NB,2022-06-17,0,66816
NB,2022-06-18,425,67241
NB,2022-06-19,0,67241
NB,2022-06-20,0,67241
NB,2022-06-21,0,67241
NB,2022-06-22,0,67241
NB,2022-06-23,0,67241
NB,2022-06-24,0,67241
NB,2022-06-25,484,67725
NB,2022-06-26,0,67725
NB,2022-06-27,0,67725
NB,2022-06-28,0,67725
NB,2022-06-29,0,67725
NB,2022-06-30,0,67725
NB,2022-07-01,0,67725
NB,2022-07-02,768,68493
NB,2022-07-03,0,68493
NB,2022-07-04,0,68493
NB,2022-07-05,0,68493
NB,2022-07-06,0,68493
NB,2022-07-07,0,68493
NB,2022-07-08,0,68493
NB,2022-07-09,1044,69537
NB,2022-07-10,0,69537
NB,2022-07-11,0,69537
NB,2022-07-12,0,69537
NB,2022-07-13,0,69537
NB,2022-07-14,0,69537
NB,2022-07-15,0,69537
NB,2022-07-16,1004,70541
NB,2022-07-17,0,70541
NB,2022-07-18,0,70541
NB,2022-07-19,0,70541
NB,2022-07-20,0,70541
NB,2022-07-21,0,70541
NB,2022-07-22,0,70541
NB,2022-07-23,938,71479
NB,2022-07-24,0,71479
NB,2022-07-25,0,71479
NB,2022-07-26,0,71479
NB,2022-07-27,0,71479
NB,2022-07-28,0,71479
NB,2022-07-29,0,71479
NB,2022-07-30,747,72226
NB,2022-07-31,0,72226
NB,2022-08-01,0,72226
NB,2022-08-02,0,72226
NB,2022-08-03,0,72226
NB,2022-08-04,0,72226
NB,2022-08-05,0,72226
NB,2022-08-06,742,72968
NB,2022-08-07,0,72968
NB,2022-08-08,0,72968
NB,2022-08-09,0,72968
NB,2022-08-10,0,72968
NB,2022-08-11,0,72968
NB,2022-08-12,0,72968
NB,2022-08-13,675,73643
NB,2022-08-14,0,73643
NB,2022-08-15,0,73643
NB,2022-08-16,0,73643
NB,2022-08-17,0,73643
NB,2022-08-18,0,73643
NB,2022-08-19,0,73643
NB,2022-08-20,797,74440
NB,2022-08-21,0,74440
NB,2022-08-22,0,74440
NB,2022-08-23,0,74440
NB,2022-08-24,0,74440
NB,2022-08-25,0,74440
NB,2022-08-26,0,74440
NB,2022-08-27,712,75152
NB,2022-08-28,0,75152
NB,2022-08-29,0,75152
NB,2022-08-30,0,75152
NB,2022-08-31,0,75152
NB,2022-09-01,0,75152
NB,2022-09-02,0,75152
NB,2022-09-03,589,75741
NB,2022-09-04,0,75741
NB,2022-09-05,0,75741
NB,2022-09-06,0,75741
NB,2022-09-07,0,75741
NB,2022-09-08,0,75741
NB,2022-09-09,0,75741
NB,2022-09-10,575,76316
NB,2022-09-11,0,76316
NB,2022-09-12,0,76316
NB,2022-09-13,0,76316
NB,2022-09-14,0,76316
NB,2022-09-15,0,76316
NB,2022-09-16,0,76316
NB,2022-09-17,586,76902
NB,2022-09-18,0,76902
NB,2022-09-19,0,76902
NB,2022-09-20,0,76902
NB,2022-09-21,0,76902
NB,2022-09-22,0,76902
NB,2022-09-23,0,76902
NB,2022-09-24,558,77460
NB,2022-09-25,0,77460
NB,2022-09-26,0,77460
NB,2022-09-27,0,77460
NB,2022-09-28,0,77460
NB,2022-09-29,0,77460
NB,2022-09-30,0,77460
NB,2022-10-01,596,78056
NB,2022-10-02,0,78056
NB,2022-10-03,0,78056
NB,2022-10-04,0,78056
NB,2022-10-05,0,78056
NB,2022-10-06,0,78056
NB,2022-10-07,0,78056
NB,2022-10-08,631,78687
NB,2022-10-09,0,78687
NB,2022-10-10,0,78687
NB,2022-10-11,0,78687
NB,2022-10-12,0,78687
NB,2022-10-13,0,78687
NB,2022-10-14,0,78687
NB,2022-10-15,747,79434
NB,2022-10-16,0,79434
NB,2022-10-17,0,79434
NB,2022-10-18,0,79434
NB,2022-10-19,0,79434
NB,2022-10-20,0,79434
NB,2022-10-21,0,79434
NB,2022-10-22,692,80126
NB,2022-10-23,0,80126
NB,2022-10-24,0,80126
NB,2022-10-25,0,80126
NB,2022-10-26,0,80126
NB,2022-10-27,0,80126
NB,2022-10-28,0,80126
NB,2022-10-29,589,80715
NB,2022-10-30,0,80715
NB,2022-10-31,0,80715
NB,2022-11-01,0,80715
NB,2022-11-02,0,80715
NB,2022-11-03,0,80715
NB,2022-11-04,0,80715
NB,2022-11-05,554,81269
NB,2022-11-06,0,81269
NB,2022-11-07,0,81269
NB,2022-11-08,0,81269
NB,2022-11-09,0,81269
NB,2022-11-10,0,81269
NB,2022-11-11,0,81269
NB,2022-11-12,518,81787
NB,2022-11-13,0,81787
NB,2022-11-14,0,81787
NB,2022-11-15,0,81787
NB,2022-11-16,0,81787
NB,2022-11-17,0,81787
NB,2022-11-18,0,81787
NB,2022-11-19,436,82223
NB,2022-11-20,0,82223
NB,2022-11-21,0,82223
NB,2022-11-22,0,82223
NB,2022-11-23,0,82223
NB,2022-11-24,0,82223
NB,2022-11-25,0,82223
NB,2022-11-26,596,82819
NB,2022-11-27,0,82819
NB,2022-11-28,0,82819
NB,2022-11-29,0,82819
NB,2022-11-30,0,82819
NB,2022-12-01,0,82819
NB,2022-12-02,0,82819
NB,2022-12-03,606,83425
NB,2022-12-04,0,83425
NB,2022-12-05,0,83425
NB,2022-12-06,0,83425
NB,2022-12-07,0,83425
NB,2022-12-08,0,83425
NB,2022-12-09,0,83425
NB,2022-12-10,819,84244
NB,2022-12-11,0,84244
NB,2022-12-12,0,84244
NB,2022-12-13,0,84244
NB,2022-12-14,0,84244
NB,2022-12-15,0,84244
NB,2022-12-16,0,84244
NB,2022-12-17,647,84891
NB,2022-12-18,0,84891
NB,2022-12-19,0,84891
NB,2022-12-20,0,84891
NB,2022-12-21,0,84891
NB,2022-12-22,0,84891
NB,2022-12-23,0,84891
NB,2022-12-24,0,84891
NB,2022-12-25,0,84891
NB,2022-12-26,0,84891
NB,2022-12-27,0,84891
NB,2022-12-28,0,84891
NB,2022-12-29,0,84891
NB,2022-12-30,0,84891
NB,2022-12-31,1006,85897
NL,2020-01-25,0,0
NL,2020-01-26,0,0
NL,2020-01-27,0,0
NL,2020-01-28,0,0
NL,2020-01-29,0,0
NL,2020-01-30,0,0
NL,2020-01-31,0,0
NL,2020-02-01,0,0
NL,2020-02-02,0,0
NL,2020-02-03,0,0
NL,2020-02-04,0,0
NL,2020-02-05,0,0
NL,2020-02-06,0,0
NL,2020-02-07,0,0
NL,2020-02-08,0,0
NL,2020-02-09,0,0
NL,2020-02-10,0,0
NL,2020-02-11,0,0
NL,2020-02-12,0,0
NL,2020-02-13,0,0
NL,2020-02-14,0,0
NL,2020-02-15,0,0
NL,2020-02-16,0,0
NL,2020-02-17,0,0
NL,2020-02-18,0,0
NL,2020-02-19,0,0
NL,2020-02-20,0,0
NL,2020-02-21,0,0
NL,2020-02-22,0,0
NL,2020-02-23,0,0
NL,2020-02-24,0,0
NL,2020-02-25,0,0
NL,2020-02-26,0,0
NL,2020-02-27,0,0
NL,2020-02-28,0,0
NL,2020-02-29,0,0
NL,2020-03-01,0,0
NL,2020-03-02,0,0
NL,2020-03-03,0,0
NL,2020-03-04,0,0
NL,2020-03-05,0,0
NL,2020-03-06,0,0
NL,2020-03-07,0,0
NL,2020-03-08,0,0
NL,2020-03-09,0,0
NL,2020-03-10,0,0
NL,2020-03-11,0,0
NL,2020-03-12,0,0
NL,2020-03-13,0,0
NL,2020-03-14,1,1
NL,2020-03-15,0,1
NL,2020-03-16,0,1
NL,2020-03-17,2,3
NL,2020-03-18,0,3
NL,2020-03-19,0,3
NL,2020-03-20,1,4
NL,2020-03-21,2,6
NL,2020-03-22,3,9
NL,2020-03-23,15,24
NL,2020-03-24,11,35
NL,2020-03-25,32,67
NL,2020-03-26,15,82
NL,2020-03-27,20,102
NL,2020-03-28,18,120
NL,2020-03-29,15,135
NL,2020-03-30,13,148
NL,2020-03-31,4,152
NL,2020-04-01,23,175
NL,2020-04-02,8,183
NL,2020-04-03,12,195
NL,2020-04-04,8,203
NL,2020-04-05,14,217
NL,2020-04-06,9,226
NL,2020-04-07,2,228
NL,2020-04-08,4,232
NL,2020-04-09,4,236
NL,2020-04-10,3,239
NL,2020-04-11,2,241
NL,2020-04-12,1,242
NL,2020-04-13,2,244
NL,2020-04-14,0,244
NL,2020-04-15,3,247
NL,2020-04-16,5,252
NL,2020-04-17,4,256
NL,2020-04-18,0,256
NL,2020-04-19,0,256
NL,2020-04-20,0,256
NL,2020-04-21,0,256
NL,2020-04-22,0,256
NL,2020-04-23,0,256
NL,2020-04-24,0,256
NL,2020-04-25,1,257
NL,2020-04-26,1,258
NL,2020-04-27,0,258
NL,2020-04-28,0,258
NL,2020-04-29,0,258
NL,2020-04-30,0,258
NL,2020-05-01,1,259
NL,2020-05-02,0,259
NL,2020-05-03,0,259
NL,2020-05-04,0,259
NL,2020-05-05,0,259
NL,2020-05-06,0,259
NL,2020-05-07,1,260
NL,2020-05-08,0,260
NL,2020-05-09,0,260
NL,2020-05-10,0,260
NL,2020-05-11,0,260
NL,2020-05-12,0,260
NL,2020-05-13,0,260
NL,2020-05-14,0,260
NL,2020-05-15,0,260
NL,2020-05-16,0,260
NL,2020-05-17,0,260
NL,2020-05-18,0,260
NL,2020-05-19,0,260
NL,2020-05-20,0,260
NL,2020-05-21,0,260
NL,2020-05-22,0,260
NL,2020-05-23,0,260
NL,2020-05-24,0,260
NL,2020-05-25,0,260
NL,2020-05-26,0,260
NL,2020-05-27,0,260
NL,2020-05-28,1,261
NL,2020-05-29,0,261
NL,2020-05-30,0,261
NL,2020-05-31,0,261
NL,2020-06-01,0,261
NL,2020-06-02,0,261
NL,2020-06-03,0,261
NL,2020-06-04,0,261
NL,2020-06-05,0,261
NL,2020-06-06,0,261
NL,2020-06-07,0,261
NL,2020-06-08,0,261
NL,2020-06-09,0,261
NL,2020-06-10,0,261
NL,2020-06-11,0,261
NL,2020-06-12,0,261
NL,2020-06-13,0,261
NL,2020-06-14,0,261
NL,2020-06-15,0,261
NL,2020-06-16,0,261
NL,2020-06-17,0,261
NL,2020-06-18,0,261
NL,2020-06-19,0,261
NL,2020-06-20,0,261
NL,2020-06-21,0,261
NL,2020-06-22,0,261
NL,2020-06-23,0,261
NL,2020-06-24,0,261
NL,2020-06-25,0,261
NL,2020-06-26,0,261
NL,2020-06-27,0,261
NL,2020-06-28,0,261
NL,2020-06-29,0,261
NL,2020-06-30,0,261
NL,2020-07-01,0,261
NL,2020-07-02,0,261
NL,2020-07-03,0,261
NL,2020-07-04,0,261
NL,2020-07-05,0,261
NL,2020-07-06,0,261
NL,2020-07-07,0,261
NL,2020-07-08,0,261
NL,2020-07-09,0,261
NL,2020-07-10,1,262
NL,2020-07-11,0,262
NL,2020-07-12,0,262
NL,2020-07-13,0,262
NL,2020-07-14,0,262
NL,2020-07-15,0,262
NL,2020-07-16,0,262
NL,2020-07-17,0,262
NL,2020-07-18,0,262
NL,2020-07-19,0,262
NL,2020-07-20,0,262
NL,2020-07-21,1,263
NL,2020-07-22,1,264
NL,2020-07-23,0,264
NL,2020-07-24,1,265
NL,2020-07-25,0,265
NL,2020-07-26,1,266
NL,2020-07-27,0,266
NL,2020-07-28,0,266
NL,2020-07-29,0,266
NL,2020-07-30,0,266
NL,2020-07-31,0,266
NL,2020-08-01,0,266
NL,2020-08-02,0,266
NL,2020-08-03,0,266
NL,2020-08-04,0,266
NL,2020-08-05,0,266
NL,2020-08-06,0,266
NL,2020-08-07,1,267
NL,2020-08-08,0,267
NL,2020-08-09,0,267
NL,2020-08-10,1,268
NL,2020-08-11,0,268
NL,2020-08-12,0,268
NL,2020-08-13,0,268
NL,2020-08-14,0,268
NL,2020-08-15,0,268
NL,2020-08-16,0,268
NL,2020-08-17,0,268
NL,2020-08-18,0,268
NL,2020-08-19,0,268
NL,2020-08-20,0,268
NL,2020-08-21,0,268
NL,2020-08-22,0,268
NL,2020-08-23,0,268
NL,2020-08-24,0,268
NL,2020-08-25,0,268
NL,2020-08-26,0,268
NL,2020-08-27,0,268
NL,2020-08-28,1,269
NL,2020-08-29,0,269
NL,2020-08-30,0,269
NL,2020-08-31,0,269
NL,2020-09-01,0,269
NL,2020-09-02,0,269
NL,2020-09-03,0,269
NL,2020-09-04,0,269
NL,2020-09-05,1,270
NL,2020-09-06,0,270
NL,2020-09-07,0,270
NL,2020-09-08,0,270
NL,2020-09-09,0,270
NL,2020-09-10,0,270
NL,2020-09-11,0,270
NL,2020-09-12,1,271
NL,2020-09-13,0,271
NL,2020-09-14,0,271
NL,2020-09-15,0,271
NL,2020-09-16,0,271
NL,2020-09-17,0,271
NL,2020-09-18,1,272
NL,2020-09-19,0,272
NL,2020-09-20,0,272
NL,2020-09-21,0,272
NL,2020-09-22,0,272
NL,2020-09-23,0,272
NL,2020-09-24,0,272
NL,2020-09-25,0,272
NL,2020-09-26,0,272
NL,2020-09-27,1,273
NL,2020-09-28,0,273
NL,2020-09-29,0,273
NL,2020-09-30,1,274
NL,2020-10-01,1,275
NL,2020-10-02,0,275
NL,2020-10-03,1,276
NL,2020-10-04,1,277
NL,2020-10-05,0,277
NL,2020-10-06,0,277
NL,2020-10-07,0,277
NL,2020-10-08,0,277
NL,2020-10-09,2,279
NL,2020-10-10,3,282
NL,2020-10-11,0,282
NL,2020-10-12,1,283
NL,2020-10-13,0,283
NL,2020-10-14,0,283
NL,2020-10-15,1,284
NL,2020-10-16,3,287
NL,2020-10-17,0,287
NL,2020-10-18,0,287
NL,2020-10-19,0,287
NL,2020-10-20,0,287
NL,2020-10-21,0,287
NL,2020-10-22,1,288
NL,2020-10-23,0,288
NL,2020-10-24,1,289
NL,2020-10-25,1,290
NL,2020-10-26,1,291
NL,2020-10-27,0,291
NL,2020-10-28,0,291
NL,2020-10-29,0,291
NL,2020-10-30,0,291
NL,2020-10-31,0,291
NL,2020-11-01,0,291
NL,2020-11-02,0,291
NL,2020-11-03,0,291
NL,2020-11-04,1,292
NL,2020-11-05,2,294
NL,2020-11-06,0,294
NL,2020-11-07,2,296
NL,2020-11-08,0,296
NL,2020-11-09,0,296
NL,2020-11-10,0,296
NL,2020-11-11,2,298
NL,2020-11-12,0,298
NL,2020-11-13,1,299
NL,2020-11-14,2,301
NL,2020-11-15,2,303
NL,2020-11-16,0,303
NL,2020-11-17,2,305
NL,2020-11-18,2,307
NL,2020-11-19,1,308
NL,2020-11-20,3,311
NL,2020-11-21,5,316
NL,2020-11-22,3,319
NL,2020-11-23,2,321
NL,2020-11-24,2,323
NL,2020-11-25,1,324
NL,2020-11-26,3,327
NL,2020-11-27,4,331
NL,2020-11-28,2,333
NL,2020-11-29,4,337
NL,2020-11-30,1,338
NL,2020-12-01,1,339
NL,2020-12-02,1,340
NL,2020-12-03,0,340
NL,2020-12-04,3,343
NL,2020-12-05,4,347
NL,2020-12-06,4,351
NL,2020-12-07,0,351
NL,2020-12-08,1,352
NL,2020-12-09,1,353
NL,2020-12-10,1,354
NL,2020-12-11,1,355
NL,2020-12-12,2,357
NL,2020-12-13,0,357
NL,2020-12-14,1,358
NL,2020-12-15,1,359
NL,2020-12-16,5,364
NL,2020-12-17,3,367
NL,2020-12-18,5,372
NL,2020-12-19,8,380
NL,2020-12-20,2,382
NL,2020-12-21,0,382
NL,2020-12-22,1,383
NL,2020-12-23,1,384
NL,2020-12-24,0,384
NL,2020-12-25,0,384
NL,2020-12-26,0,384
NL,2020-12-27,3,387
NL,2020-12-28,2,389
NL,2020-12-29,1,390
NL,2020-12-30,0,390
NL,2020-12-31,0,390
NL,2021-01-01,0,390
NL,2021-01-02,0,390
NL,2021-01-03,0,390
NL,2021-01-04,1,391
NL,2021-01-05,1,392
NL,2021-01-06,0,392
NL,2021-01-07,0,392
NL,2021-01-08,0,392
NL,2021-01-09,0,392
NL,2021-01-10,1,393
NL,2021-01-11,0,393
NL,2021-01-12,0,393
NL,2021-01-13,0,393
NL,2021-01-14,1,394
NL,2021-01-15,1,395
NL,2021-01-16,0,395
NL,2021-01-17,1,396
NL,2021-01-18,0,396
NL,2021-01-19,0,396
NL,2021-01-20,0,396
NL,2021-01-21,1,397
NL,2021-01-22,1,398
NL,2021-01-23,0,398
NL,2021-01-24,0,398
NL,2021-01-25,0,398
NL,2021-01-26,0,398
NL,2021-01-27,2,400
NL,2021-01-28,4,404
NL,2021-01-29,4,408
NL,2021-01-30,0,408
NL,2021-01-31,0,408
NL,2021-02-01,0,408
NL,2021-02-02,0,408
NL,2021-02-03,2,410
NL,2021-02-04,1,411
NL,2021-02-05,1,412
NL,2021-02-06,3,415
NL,2021-02-07,1,416
NL,2021-02-08,11,427
NL,2021-02-09,30,457
NL,2021-02-10,53,510
NL,2021-02-11,100,610
NL,2021-02-12,50,660
NL,2021-02-13,26,686
NL,2021-02-14,11,697
NL,2021-02-15,7,704
NL,2021-02-16,7,711
NL,2021-02-17,44,755
NL,2021-02-18,48,803
NL,2021-02-19,60,863
NL,2021-02-20,38,901
NL,2021-02-21,25,926
NL,2021-02-22,13,939
NL,2021-02-23,15,954
NL,2021-02-24,8,962
NL,2021-02-25,10,972
NL,2021-02-26,4,976
NL,2021-02-27,4,980
NL,2021-02-28,7,987
NL,2021-03-01,2,989
NL,2021-03-02,5,994
NL,2021-03-03,3,997
NL,2021-03-04,5,1002
NL,2021-03-05,1,1003
NL,2021-03-06,2,1005
NL,2021-03-07,1,1006
NL,2021-03-08,3,1009
NL,2021-03-09,1,1010
NL,2021-03-10,0,1010
NL,2021-03-11,1,1011
NL,2021-03-12,1,1012
NL,2021-03-13,0,1012
NL,2021-03-14,0,1012
NL,2021-03-15,0,1012
NL,2021-03-16,1,1013
NL,2021-03-17,0,1013
NL,2021-03-18,1,1014
NL,2021-03-19,0,1014
NL,2021-03-20,0,1014
NL,2021-03-21,0,1014
NL,2021-03-22,0,1014
NL,2021-03-23,0,1014
NL,2021-03-24,1,1015
NL,2021-03-25,0,1015
NL,2021-03-26,0,1015
NL,2021-03-27,0,1015
NL,2021-03-28,1,1016
NL,2021-03-29,0,1016
NL,2021-03-30,2,1018
NL,2021-03-31,1,1019
NL,2021-04-01,1,1020
NL,2021-04-02,0,1020
NL,2021-04-03,0,1020
NL,2021-04-04,0,1020
NL,2021-04-05,0,1020
NL,2021-04-06,0,1020
NL,2021-04-07,1,1021
NL,2021-04-08,1,1022
NL,2021-04-09,3,1025
NL,2021-04-10,4,1029
NL,2021-04-11,1,1030
NL,2021-04-12,0,1030
NL,2021-04-13,1,1031
NL,2021-04-14,3,1034
NL,2021-04-15,2,1036
NL,2021-04-16,3,1039
NL,2021-04-17,0,1039
NL,2021-04-18,4,1043
NL,2021-04-19,3,1046
NL,2021-04-20,2,1048
NL,2021-04-21,1,1049
NL,2021-04-22,3,1052
NL,2021-04-23,1,1053
NL,2021-04-24,3,1056
NL,2021-04-25,2,1058
NL,2021-04-26,4,1062
NL,2021-04-27,0,1062
NL,2021-04-28,4,1066
NL,2021-04-29,2,1068
NL,2021-04-30,8,1076
NL,2021-05-01,5,1081
NL,2021-05-02,18,1099
NL,2021-05-03,5,1104
NL,2021-05-04,4,1108
NL,2021-05-05,6,1114
NL,2021-05-06,6,1120
NL,2021-05-07,7,1127
NL,2021-05-08,6,1133
NL,2021-05-09,5,1138
NL,2021-05-10,3,1141
NL,2021-05-11,15,1156
NL,2021-05-12,10,1166
NL,2021-05-13,7,1173
NL,2021-05-14,6,1179
NL,2021-05-15,5,1184
NL,2021-05-16,9,1193
NL,2021-05-17,10,1203
NL,2021-05-18,6,1209
NL,2021-05-19,1,1210
NL,2021-05-20,6,1216
NL,2021-05-21,10,1226
NL,2021-05-22,4,1230
NL,2021-05-23,23,1253
NL,2021-05-24,5,1258
NL,2021-05-25,11,1269
NL,2021-05-26,4,1273
NL,2021-05-27,6,1279
NL,2021-05-28,14,1293
NL,2021-05-29,9,1302
NL,2021-05-30,7,1309
NL,2021-05-31,2,1311
NL,2021-06-01,6,1317
NL,2021-06-02,17,1334
NL,2021-06-03,6,1340
NL,2021-06-04,2,1342
NL,2021-06-05,5,1347
NL,2021-06-06,5,1352
NL,2021-06-07,2,1354
NL,2021-06-08,3,1357
NL,2021-06-09,3,1360
NL,2021-06-10,5,1365
NL,2021-06-11,3,1368
NL,2021-06-12,6,1374
NL,2021-06-13,1,1375
NL,2021-06-14,4,1379
NL,2021-06-15,2,1381
NL,2021-06-16,1,1382
NL,2021-06-17,1,1383
NL,2021-06-18,0,1383
NL,2021-06-19,0,1383
NL,2021-06-20,0,1383
NL,2021-06-21,0,1383
NL,2021-06-22,1,1384
NL,2021-06-23,0,1384
NL,2021-06-24,0,1384
NL,2021-06-25,0,1384
NL,2021-06-26,0,1384
NL,2021-06-27,0,1384
NL,2021-06-28,1,1385
NL,2021-06-29,0,1385
NL,2021-06-30,1,1386
NL,2021-07-01,0,1386
NL,2021-07-02,1,1387
NL,2021-07-03,0,1387
NL,2021-07-04,0,1387
NL,2021-07-05,13,1400
NL,2021-07-06,0,1400
NL,2021-07-07,0,1400
NL,2021-07-08,0,1400
NL,2021-07-09,2,1402
NL,2021-07-10,0,1402
NL,2021-07-11,0,1402
NL,2021-07-12,0,1402
NL,2021-07-13,5,1407
NL,2021-07-14,3,1410
NL,2021-07-15,23,1433
NL,2021-07-16,0,1433
NL,2021-07-17,0,1433
NL,2021-07-18,0,1433
NL,2021-07-19,4,1437
NL,2021-07-20,0,1437
NL,2021-07-21,0,1437
NL,2021-07-22,0,1437
NL,2021-07-23,0,1437
NL,2021-07-24,0,1437
NL,2021-07-25,0,1437
NL,2021-07-26,0,1437
NL,2021-07-27,0,1437
NL,2021-07-28,0,1437
NL,2021-07-29,0,1437
NL,2021-07-30,0,1437
NL,2021-07-31,0,1437
NL,2021-08-01,0,1437
NL,2021-08-02,3,1440
NL,2021-08-03,0,1440
NL,2021-08-04,1,1441
NL,2021-08-05,0,1441
NL,2021-08-06,2,1443
NL,2021-08-07,0,1443
NL,2021-08-08,0,1443
NL,2021-08-09,0,1443
NL,2021-08-10,0,1443
NL,2021-08-11,0,1443
NL,2021-08-12,0,1443
NL,2021-08-13,4,1447
NL,2021-08-14,0,1447
NL,2021-08-15,0,1447
NL,2021-08-16,3,1450
NL,2021-08-17,0,1450
NL,2021-08-18,6,1456
NL,2021-08-19,0,1456
NL,2021-08-20,2,1458
NL,2021-08-21,0,1458
NL,2021-08-22,0,1458
NL,2021-08-23,2,1460
NL,2021-08-24,0,1460
NL,2021-08-25,2,1462
NL,2021-08-26,0,1462
NL,2021-08-27,7,1469
NL,2021-08-28,0,1469
NL,2021-08-29,0,1469
NL,2021-08-30,9,1478
NL,2021-08-31,0,1478
NL,2021-09-01,8,1486
NL,2021-09-02,0,1486
NL,2021-09-03,5,1491
NL,2021-09-04,0,1491
NL,2021-09-05,0,1491
NL,2021-09-06,15,1506
NL,2021-09-07,5,1511
NL,2021-09-08,9,1520
NL,2021-09-09,0,1520
NL,2021-09-10,12,1532
NL,2021-09-11,0,1532
NL,2021-09-12,0,1532
NL,2021-09-13,9,1541
NL,2021-09-14,0,1541
NL,2021-09-15,10,1551
NL,2021-09-16,0,1551
NL,2021-09-17,4,1555
NL,2021-09-18,0,1555
NL,2021-09-19,0,1555
NL,2021-09-20,15,1570
NL,2021-09-21,16,1586
NL,2021-09-22,23,1609
NL,2021-09-23,0,1609
NL,2021-09-24,45,1654
NL,2021-09-25,14,1668
NL,2021-09-26,24,1692
NL,2021-09-27,25,1717
NL,2021-09-28,14,1731
NL,2021-09-29,16,1747
NL,2021-09-30,0,1747
NL,2021-10-01,41,1788
NL,2021-10-02,8,1796
NL,2021-10-03,8,1804
NL,2021-10-04,15,1819
NL,2021-10-05,5,1824
NL,2021-10-06,9,1833
NL,2021-10-07,7,1840
NL,2021-10-08,8,1848
NL,2021-10-09,0,1848
NL,2021-10-10,0,1848
NL,2021-10-11,0,1848
NL,2021-10-12,21,1869
NL,2021-10-13,4,1873
NL,2021-10-14,4,1877
NL,2021-10-15,4,1881
NL,2021-10-16,0,1881
NL,2021-10-17,0,1881
NL,2021-10-18,8,1889
NL,2021-10-19,0,1889
NL,2021-10-20,9,1898
NL,2021-10-21,0,1898
NL,2021-10-22,30,1928
NL,2021-10-23,0,1928
NL,2021-10-24,0,1928
NL,2021-10-25,36,1964
NL,2021-10-26,0,1964
NL,2021-10-27,20,1984
NL,2021-10-28,0,1984
NL,2021-10-29,8,1992
NL,2021-10-30,0,1992
NL,2021-10-31,0,1992
NL,2021-11-01,2,1994
NL,2021-11-02,0,1994
NL,2021-11-03,1,1995
NL,2021-11-04,0,1995
NL,2021-11-05,8,2003
NL,2021-11-06,0,2003
NL,2021-11-07,0,2003
NL,2021-11-08,9,2012
NL,2021-11-09,0,2012
NL,2021-11-10,7,2019
NL,2021-11-11,0,2019
NL,2021-11-12,6,2025
NL,2021-11-13,0,2025
NL,2021-11-14,0,2025
NL,2021-11-15,2,2027
NL,2021-11-16,0,2027
NL,2021-11-17,4,2031
NL,2021-11-18,0,2031
NL,2021-11-19,4,2035
NL,2021-11-20,0,2035
NL,2021-11-21,0,2035
NL,2021-11-22,3,2038
NL,2021-11-23,0,2038
NL,2021-11-24,4,2042
NL,2021-11-25,0,2042
NL,2021-11-26,6,2048
NL,2021-11-27,0,2048
NL,2021-11-28,0,2048
NL,2021-11-29,9,2057
NL,2021-11-30,0,2057
NL,2021-12-01,2,2059
NL,2021-12-02,0,2059
NL,2021-12-03,5,2064
NL,2021-12-04,0,2064
NL,2021-12-05,0,2064
NL,2021-12-06,0,2064
NL,2021-12-07,7,2071
NL,2021-12-08,5,2076
NL,2021-12-09,0,2076
NL,2021-12-10,2,2078
NL,2021-12-11,0,2078
NL,2021-12-12,0,2078
NL,2021-12-13,15,2093
NL,2021-12-14,0,2093
NL,2021-12-15,13,2106
NL,2021-12-16,0,2106
NL,2021-12-17,46,2152
NL,2021-12-18,0,2152
NL,2021-12-19,61,2213
NL,2021-12-20,27,2240
NL,2021-12-21,27,2267
NL,2021-12-22,60,2327
NL,2021-12-23,100,2427
NL,2021-12-24,85,2512
NL,2021-12-25,0,2512
NL,2021-12-26,0,2512
NL,2021-12-27,0,2512
NL,2021-12-28,0,2512
NL,2021-12-29,861,3373
NL,2021-12-30,340,3713
NL,2021-12-31,436,4149
NL,2022-01-01,0,4149
NL,2022-01-02,0,4149
NL,2022-01-03,1403,5552
NL,2022-01-04,488,6040
NL,2022-01-05,491,6531
NL,2022-01-06,498,7029
NL,2022-01-07,479,7508
NL,2022-01-08,0,7508
NL,2022-01-09,0,7508
NL,2022-01-10,1873,9381
NL,2022-01-11,735,10116
NL,2022-01-12,711,10827
NL,2022-01-13,626,11453
NL,2022-01-14,521,11974
NL,2022-01-15,0,11974
NL,2022-01-16,0,11974
NL,2022-01-17,919,12893
NL,2022-01-18,292,13185
NL,2022-01-19,518,13703
NL,2022-01-20,362,14065
NL,2022-01-21,457,14522
NL,2022-01-22,0,14522
NL,2022-01-23,0,14522
NL,2022-01-24,0,14522
NL,2022-01-25,1289,15811
NL,2022-01-26,304,16115
NL,2022-01-27,378,16493
NL,2022-01-28,265,16758
NL,2022-01-29,0,16758
NL,2022-01-30,0,16758
NL,2022-01-31,601,17359
NL,2022-02-01,179,17538
NL,2022-02-02,248,17786
NL,2022-02-03,198,17984
NL,2022-02-04,258,18242
NL,2022-02-05,0,18242
NL,2022-02-06,0,18242
NL,2022-02-07,498,18740
NL,2022-02-08,210,18950
NL,2022-02-09,250,19200
NL,2022-02-10,243,19443
NL,2022-02-11,267,19710
NL,2022-02-12,0,19710
NL,2022-02-13,0,19710
NL,2022-02-14,655,20365
NL,2022-02-15,213,20578
NL,2022-02-16,179,20757
NL,2022-02-17,316,21073
NL,2022-02-18,234,21307
NL,2022-02-19,0,21307
NL,2022-02-20,0,21307
NL,2022-02-21,667,21974
NL,2022-02-22,0,21974
NL,2022-02-23,494,22468
NL,2022-02-24,0,22468
NL,2022-02-25,679,23147
NL,2022-02-26,0,23147
NL,2022-02-27,0,23147
NL,2022-02-28,879,24026
NL,2022-03-01,0,24026
NL,2022-03-02,755,24781
NL,2022-03-03,0,24781
NL,2022-03-04,947,25728
NL,2022-03-05,0,25728
NL,2022-03-06,0,25728
NL,2022-03-07,0,25728
NL,2022-03-08,1244,26972
NL,2022-03-09,1131,28103
NL,2022-03-10,0,28103
NL,2022-03-11,1262,29365
NL,2022-03-12,735,30100
NL,2022-03-13,527,30627
NL,2022-03-14,443,31070
NL,2022-03-15,483,31553
NL,2022-03-16,560,32113
NL,2022-03-17,607,32720
NL,2022-03-18,663,33383
NL,2022-03-19,449,33832
NL,2022-03-20,449,34281
NL,2022-03-21,324,34605
NL,2022-03-22,267,34872
NL,2022-03-23,419,35291
NL,2022-03-24,454,35745
NL,2022-03-25,507,36252
NL,2022-03-26,370,36622
NL,2022-03-27,539,37161
NL,2022-03-28,248,37409
NL,2022-03-29,350,37759
NL,2022-03-30,570,38329
NL,2022-03-31,299,38628
NL,2022-04-01,389,39017
NL,2022-04-02,293,39310
NL,2022-04-03,227,39537
NL,2022-04-04,154,39691
NL,2022-04-05,303,39994
NL,2022-04-06,339,40333
NL,2022-04-07,283,40616
NL,2022-04-08,393,41009
NL,2022-04-09,243,41252
NL,2022-04-10,175,41427
NL,2022-04-11,157,41584
NL,2022-04-12,205,41789
NL,2022-04-13,246,42035
NL,2022-04-14,225,42260
NL,2022-04-15,176,42436
NL,2022-04-16,137,42573
NL,2022-04-17,109,42682
NL,2022-04-18,76,42758
NL,2022-04-19,188,42946
NL,2022-04-20,179,43125
NL,2022-04-21,120,43245
NL,2022-04-22,152,43397
NL,2022-04-23,137,43534
NL,2022-04-24,88,43622
NL,2022-04-25,87,43709
NL,2022-04-26,114,43823
NL,2022-04-27,93,43916
NL,2022-04-28,126,44042
NL,2022-04-29,102,44144
NL,2022-04-30,103,44247
NL,2022-05-01,29,44276
NL,2022-05-02,65,44341
NL,2022-05-03,44,44385
NL,2022-05-04,140,44525
NL,2022-05-05,0,44525
NL,2022-05-06,108,44633
NL,2022-05-07,47,44680
NL,2022-05-08,46,44726
NL,2022-05-09,58,44784
NL,2022-05-10,75,44859
NL,2022-05-11,70,44929
NL,2022-05-12,53,44982
NL,2022-05-13,55,45037
NL,2022-05-14,51,45088
NL,2022-05-15,51,45139
NL,2022-05-16,20,45159
NL,2022-05-17,50,45209
NL,2022-05-18,91,45300
NL,2022-05-19,60,45360
NL,2022-05-20,72,45432
NL,2022-05-21,32,45464
NL,2022-05-22,41,45505
NL,2022-05-23,34,45539
NL,2022-05-24,64,45603
NL,2022-05-25,64,45667
NL,2022-05-26,78,45745
NL,2022-05-27,61,45806
NL,2022-05-28,50,45856
NL,2022-05-29,34,45890
NL,2022-05-30,66,45956
NL,2022-05-31,44,46000
NL,2022-06-01,74,46074
NL,2022-06-02,60,46134
NL,2022-06-03,69,46203
NL,2022-06-04,115,46318
NL,2022-06-05,66,46384
NL,2022-06-06,41,46425
NL,2022-06-07,46,46471
NL,2022-06-08,73,46544
NL,2022-06-09,78,46622
NL,2022-06-10,78,46700
NL,2022-06-11,89,46789
NL,2022-06-12,70,46859
NL,2022-06-13,39,46898
NL,2022-06-14,84,46982
NL,2022-06-15,62,47044
NL,2022-06-16,75,47119
NL,2022-06-17,55,47174
NL,2022-06-18,78,47252
NL,2022-06-19,40,47292
NL,2022-06-20,21,47313
NL,2022-06-21,64,47377
NL,2022-06-22,88,47465
NL,2022-06-23,111,47576
NL,2022-06-24,37,47613
NL,2022-06-25,62,47675
NL,2022-06-26,41,47716
NL,2022-06-27,11,47727
NL,2022-06-28,26,47753
NL,2022-06-29,124,47877
NL,2022-06-30,60,47937
NL,2022-07-01,71,48008
NL,2022-07-02,79,48087
NL,2022-07-03,18,48105
NL,2022-07-04,21,48126
NL,2022-07-05,54,48180
NL,2022-07-06,101,48281
NL,2022-07-07,78,48359
NL,2022-07-08,71,48430
NL,2022-07-09,78,48508
NL,2022-07-10,24,48532
NL,2022-07-11,13,48545
NL,2022-07-12,59,48604
NL,2022-07-13,70,48674
NL,2022-07-14,62,48736
NL,2022-07-15,59,48795
NL,2022-07-16,76,48871
NL,2022-07-17,38,48909
NL,2022-07-18,42,48951
NL,2022-07-19,60,49011
NL,2022-07-20,106,49117
NL,2022-07-21,61,49178
NL,2022-07-22,80,49258
NL,2022-07-23,74,49332
NL,2022-07-24,34,49366
NL,2022-07-25,28,49394
NL,2022-07-26,78,49472
NL,2022-07-27,58,49530
NL,2022-07-28,44,49574
NL,2022-07-29,50,49624
NL,2022-07-30,49,49673
NL,2022-07-31,31,49704
NL,2022-08-01,9,49713
NL,2022-08-02,49,49762
NL,2022-08-03,67,49829
NL,2022-08-04,58,49887
NL,2022-08-05,65,49952
NL,2022-08-06,66,50018
NL,2022-08-07,22,50040
NL,2022-08-08,18,50058
NL,2022-08-09,68,50126
NL,2022-08-10,68,50194
NL,2022-08-11,62,50256
NL,2022-08-12,50,50306
NL,2022-08-13,57,50363
NL,2022-08-14,29,50392
NL,2022-08-15,29,50421
NL,2022-08-16,60,50481
NL,2022-08-17,92,50573
NL,2022-08-18,70,50643
NL,2022-08-19,46,50689
NL,2022-08-20,53,50742
NL,2022-08-21,32,50774
NL,2022-08-22,19,50793
NL,2022-08-23,49,50842
NL,2022-08-24,62,50904
NL,2022-08-25,52,50956
NL,2022-08-26,53,51009
NL,2022-08-27,37,51046
NL,2022-08-28,30,51076
NL,2022-08-29,11,51087
NL,2022-08-30,43,51130
NL,2022-08-31,42,51172
NL,2022-09-01,38,51210
NL,2022-09-02,21,51231
NL,2022-09-03,36,51267
NL,2022-09-04,17,51284
NL,2022-09-05,8,51292
NL,2022-09-06,26,51318
NL,2022-09-07,11,51329
NL,2022-09-08,22,51351
NL,2022-09-09,21,51372
NL,2022-09-10,14,51386
NL,2022-09-11,13,51399
NL,2022-09-12,8,51407
NL,2022-09-13,15,51422
NL,2022-09-14,26,51448
NL,2022-09-15,14,51462
NL,2022-09-16,32,51494
NL,2022-09-17,29,51523
NL,2022-09-18,11,51534
NL,2022-09-19,14,51548
NL,2022-09-20,34,51582
NL,2022-09-21,10,51592
NL,2022-09-22,34,51626
NL,2022-09-23,21,51647
NL,2022-09-24,39,51686
NL,2022-09-25,18,51704
NL,2022-09-26,14,51718
NL,2022-09-27,39,51757
NL,2022-09-28,32,51789
NL,2022-09-29,39,51828
NL,2022-09-30,41,51869
NL,2022-10-01,33,51902
NL,2022-10-02,9,51911
NL,2022-10-03,18,51929
NL,2022-10-04,32,51961
NL,2022-10-05,21,51982
NL,2022-10-06,23,52005
NL,2022-10-07,27,52032
NL,2022-10-08,26,52058
NL,2022-10-09,35,52093
NL,2022-10-10,16,52109
NL,2022-10-11,20,52129
NL,2022-10-12,26,52155
NL,2022-10-13,61,52216
NL,2022-10-14,41,52257
NL,2022-10-15,27,52284
NL,2022-10-16,16,52300
NL,2022-10-17,9,52309
NL,2022-10-18,31,52340
NL,2022-10-19,39,52379
NL,2022-10-20,51,52430
NL,2022-10-21,39,52469
NL,2022-10-22,33,52502
NL,2022-10-23,19,52521
NL,2022-10-24,21,52542
NL,2022-10-25,48,52590
NL,2022-10-26,37,52627
NL,2022-10-27,37,52664
NL,2022-10-28,58,52722
NL,2022-10-29,30,52752
NL,2022-10-30,24,52776
NL,2022-10-31,15,52791
NL,2022-11-01,23,52814
NL,2022-11-02,20,52834
NL,2022-11-03,31,52865
NL,2022-11-04,13,52878
NL,2022-11-05,47,52925
NL,2022-11-06,8,52933
NL,2022-11-07,16,52949
NL,2022-11-08,26,52975
NL,2022-11-09,44,53019
NL,2022-11-10,30,53049
NL,2022-11-11,20,53069
NL,2022-11-12,37,53106
NL,2022-11-13,10,53116
NL,2022-11-14,12,53128
NL,2022-11-15,19,53147
NL,2022-11-16,49,53196
NL,2022-11-17,29,53225
NL,2022-11-18,19,53244
NL,2022-11-19,19,53263
NL,2022-11-20,27,53290
NL,2022-11-21,15,53305
NL,2022-11-22,19,53324
NL,2022-11-23,21,53345
NL,2022-11-24,38,53383
NL,2022-11-25,29,53412
NL,2022-11-26,17,53429
NL,2022-11-27,15,53444
NL,2022-11-28,13,53457
NL,2022-11-29,22,53479
NL,2022-11-30,28,53507
NL,2022-12-01,38,53545
NL,2022-12-02,31,53576
NL,2022-12-03,27,53603
NL,2022-12-04,15,53618
NL,2022-12-05,15,53633
NL,2022-12-06,25,53658
NL,2022-12-07,22,53680
NL,2022-12-08,20,53700
NL,2022-12-09,29,53729
NL,2022-12-10,25,53754
NL,2022-12-11,14,53768
NL,2022-12-12,14,53782
NL,2022-12-13,22,53804
NL,2022-12-14,21,53825
NL,2022-12-15,17,53842
NL,2022-12-16,25,53867
NL,2022-12-17,18,53885
NL,2022-12-18,9,53894
NL,2022-12-19,15,53909
NL,2022-12-20,9,53918
NL,2022-12-21,21,53939
NL,2022-12-22,21,53960
NL,2022-12-23,9,53969
NL,2022-12-24,14,53983
NL,2022-12-25,6,53989
NL,2022-12-26,14,54003
NL,2022-12-27,12,54015
NL,2022-12-28,20,54035
NL,2022-12-29,30,54065
NL,2022-12-30,9,54074
NL,2022-12-31,14,54088
NS,2020-03-15,3,3
NS,2020-03-16,2,5
NS,2020-03-17,2,7
NS,2020-03-18,5,12
NS,2020-03-19,3,15
NS,2020-03-20,1,16
NS,2020-03-21,5,21
NS,2020-03-22,8,29
NS,2020-03-23,13,42
NS,2020-03-24,10,52
NS,2020-03-25,17,69
NS,2020-03-26,5,74
NS,2020-03-27,17,91
NS,2020-03-28,21,112
NS,2020-03-29,12,124
NS,2020-03-30,5,129
NS,2020-03-31,19,148
NS,2020-04-01,25,173
NS,2020-04-02,20,193
NS,2020-04-03,14,207
NS,2020-04-04,29,236
NS,2020-04-05,26,262
NS,2020-04-06,31,293
NS,2020-04-07,17,310
NS,2020-04-08,32,342
NS,2020-04-09,31,373
NS,2020-04-10,34,407
NS,2020-04-11,21,428
NS,2020-04-12,17,445
NS,2020-04-13,29,474
NS,2020-04-14,43,517
NS,2020-04-15,32,549
NS,2020-04-16,30,579
NS,2020-04-17,27,606
NS,2020-04-18,43,649
NS,2020-04-19,26,675
NS,2020-04-20,46,721
NS,2020-04-21,16,737
NS,2020-04-22,35,772
NS,2020-04-23,55,827
NS,2020-04-24,23,850
NS,2020-04-25,15,865
NS,2020-04-26,8,873
NS,2020-04-27,27,900
NS,2020-04-28,15,915
NS,2020-04-29,20,935
NS,2020-04-30,12,947
NS,2020-05-01,12,959
NS,2020-05-02,4,963
NS,2020-05-03,8,971
NS,2020-05-04,14,985
NS,2020-05-05,6,991
NS,2020-05-06,7,998
NS,2020-05-07,9,1007
NS,2020-05-08,1,1008
NS,2020-05-09,3,1011
NS,2020-05-10,7,1018
NS,2020-05-11,1,1019
NS,2020-05-12,1,1020
NS,2020-05-13,4,1024
NS,2020-05-14,2,1026
NS,2020-05-15,8,1034
NS,2020-05-16,3,1037
NS,2020-05-17,3,1040
NS,2020-05-18,3,1043
NS,2020-05-19,1,1044
NS,2020-05-20,1,1045
NS,2020-05-21,1,1046
NS,2020-05-22,1,1047
NS,2020-05-23,1,1048
NS,2020-05-24,1,1049
NS,2020-05-25,1,1050
NS,2020-05-26,2,1052
NS,2020-05-27,1,1053
NS,2020-05-28,2,1055
NS,2020-05-29,0,1055
NS,2020-05-30,1,1056
NS,2020-05-31,0,1056
NS,2020-06-01,1,1057
NS,2020-06-02,0,1057
NS,2020-06-03,1,1058
NS,2020-06-04,0,1058
NS,2020-06-05,0,1058
NS,2020-06-06,1,1059
NS,2020-06-07,1,1060
NS,2020-06-08,0,1060
NS,2020-06-09,1,1061
NS,2020-06-10,0,1061
NS,2020-06-11,0,1061
NS,2020-06-12,0,1061
NS,2020-06-13,0,1061
NS,2020-06-14,0,1061
NS,2020-06-15,0,1061
NS,2020-06-16,0,1061
NS,2020-06-17,0,1061
NS,2020-06-18,0,1061
NS,2020-06-19,0,1061
NS,2020-06-20,0,1061
NS,2020-06-21,0,1061
NS,2020-06-22,0,1061
NS,2020-06-23,0,1061
NS,2020-06-24,0,1061
NS,2020-06-25,0,1061
NS,2020-06-26,0,1061
NS,2020-06-27,0,1061
NS,2020-06-28,0,1061
NS,2020-06-29,0,1061
NS,2020-06-30,1,1062
NS,2020-07-01,1,1063
NS,2020-07-02,1,1064
NS,2020-07-03,0,1064
NS,2020-07-04,0,1064
NS,2020-07-05,0,1064
NS,2020-07-06,1,1065
NS,2020-07-07,0,1065
NS,2020-07-08,1,1066
NS,2020-07-09,0,1066
NS,2020-07-10,0,1066
NS,2020-07-11,0,1066
NS,2020-07-12,0,1066
NS,2020-07-13,0,1066
NS,2020-07-14,0,1066
NS,2020-07-15,1,1067
NS,2020-07-16,0,1067
NS,2020-07-17,0,1067
NS,2020-07-18,0,1067
NS,2020-07-19,0,1067
NS,2020-07-20,0,1067
NS,2020-07-21,0,1067
NS,2020-07-22,0,1067
NS,2020-07-23,0,1067
NS,2020-07-24,0,1067
NS,2020-07-25,0,1067
NS,2020-07-26,0,1067
NS,2020-07-27,0,1067
NS,2020-07-28,0,1067
NS,2020-07-29,0,1067
NS,2020-07-30,0,1067
NS,2020-07-31,2,1069
NS,2020-08-01,0,1069
NS,2020-08-02,2,1071
NS,2020-08-03,0,1071
NS,2020-08-04,0,1071
NS,2020-08-05,0,1071
NS,2020-08-06,0,1071
NS,2020-08-07,0,1071
NS,2020-08-08,0,1071
NS,2020-08-09,0,1071
NS,2020-08-10,0,1071
NS,2020-08-11,0,1071
NS,2020-08-12,0,1071
NS,2020-08-13,0,1071
NS,2020-08-14,1,1072
NS,2020-08-15,2,1074
NS,2020-08-16,0,1074
NS,2020-08-17,1,1075
NS,2020-08-18,0,1075
NS,2020-08-19,1,1076
NS,2020-08-20,1,1077
NS,2020-08-21,0,1077
NS,2020-08-22,1,1078
NS,2020-08-23,2,1080
NS,2020-08-24,0,1080
NS,2020-08-25,0,1080
NS,2020-08-26,1,1081
NS,2020-08-27,0,1081
NS,2020-08-28,2,1083
NS,2020-08-29,0,1083
NS,2020-08-30,0,1083
NS,2020-08-31,2,1085
NS,2020-09-01,0,1085
NS,2020-09-02,0,1085
NS,2020-09-03,0,1085
NS,2020-09-04,0,1085
NS,2020-09-05,0,1085
NS,2020-09-06,0,1085
NS,2020-09-07,1,1086
NS,2020-09-08,0,1086
NS,2020-09-09,0,1086
NS,2020-09-10,0,1086
NS,2020-09-11,0,1086
NS,2020-09-12,0,1086
NS,2020-09-13,0,1086
NS,2020-09-14,0,1086
NS,2020-09-15,0,1086
NS,2020-09-16,0,1086
NS,2020-09-17,0,1086
NS,2020-09-18,0,1086
NS,2020-09-19,0,1086
NS,2020-09-20,0,1086
NS,2020-09-21,0,1086
NS,2020-09-22,1,1087
NS,2020-09-23,0,1087
NS,2020-09-24,0,1087
NS,2020-09-25,0,1087
NS,2020-09-26,0,1087
NS,2020-09-27,0,1087
NS,2020-09-28,0,1087
NS,2020-09-29,0,1087
NS,2020-09-30,1,1088
NS,2020-10-01,0,1088
NS,2020-10-02,1,1089
NS,2020-10-03,0,1089
NS,2020-10-04,0,1089
NS,2020-10-05,0,1089
NS,2020-10-06,0,1089
NS,2020-10-07,0,1089
NS,2020-10-08,0,1089
NS,2020-10-09,0,1089
NS,2020-10-10,3,1092
NS,2020-10-11,0,1092
NS,2020-10-12,0,1092
NS,2020-10-13,0,1092
NS,2020-10-14,0,1092
NS,2020-10-15,0,1092
NS,2020-10-16,1,1093
NS,2020-10-17,2,1095
NS,2020-10-18,2,1097
NS,2020-10-19,0,1097
NS,2020-10-20,0,1097
NS,2020-10-21,0,1097
NS,2020-10-22,0,1097
NS,2020-10-23,0,1097
NS,2020-10-24,3,1100
NS,2020-10-25,0,1100
NS,2020-10-26,1,1101
NS,2020-10-27,1,1102
NS,2020-10-28,0,1102
NS,2020-10-29,0,1102
NS,2020-10-30,2,1104
NS,2020-10-31,5,1109
NS,2020-11-01,2,1111
NS,2020-11-02,2,1113
NS,2020-11-03,1,1114
NS,2020-11-04,4,1118
NS,2020-11-05,1,1119
NS,2020-11-06,2,1121
NS,2020-11-07,4,1125
NS,2020-11-08,3,1128
NS,2020-11-09,1,1129
NS,2020-11-10,3,1132
NS,2020-11-11,2,1134
NS,2020-11-12,0,1134
NS,2020-11-13,2,1136
NS,2020-11-14,6,1142
NS,2020-11-15,2,1144
NS,2020-11-16,2,1146
NS,2020-11-17,5,1151
NS,2020-11-18,3,1154
NS,2020-11-19,1,1155
NS,2020-11-20,5,1160
NS,2020-11-21,8,1168
NS,2020-11-22,11,1179
NS,2020-11-23,11,1190
NS,2020-11-24,37,1227
NS,2020-11-25,16,1243
NS,2020-11-26,14,1257
NS,2020-11-27,8,1265
NS,2020-11-28,14,1279
NS,2020-11-29,10,1289
NS,2020-11-30,16,1305
NS,2020-12-01,10,1315
NS,2020-12-02,17,1332
NS,2020-12-03,11,1343
NS,2020-12-04,15,1358
NS,2020-12-05,6,1364
NS,2020-12-06,4,1368
NS,2020-12-07,8,1376
NS,2020-12-08,7,1383
NS,2020-12-09,6,1389
NS,2020-12-10,4,1393
NS,2020-12-11,9,1402
NS,2020-12-12,7,1409
NS,2020-12-13,6,1415
NS,2020-12-14,5,1420
NS,2020-12-15,6,1426
NS,2020-12-16,4,1430
NS,2020-12-17,6,1436
NS,2020-12-18,5,1441
NS,2020-12-19,2,1443
NS,2020-12-20,2,1445
NS,2020-12-21,2,1447
NS,2020-12-22,7,1454
NS,2020-12-23,4,1458
NS,2020-12-24,7,1465
NS,2020-12-25,0,1465
NS,2020-12-26,9,1474
NS,2020-12-27,3,1477
NS,2020-12-28,1,1478
NS,2020-12-29,2,1480
NS,2020-12-30,3,1483
NS,2020-12-31,3,1486
NS,2021-01-01,11,1497
NS,2021-01-02,2,1499
NS,2021-01-03,2,1501
NS,2021-01-04,4,1505
NS,2021-01-05,3,1508
NS,2021-01-06,12,1520
NS,2021-01-07,3,1523
NS,2021-01-08,2,1525
NS,2021-01-09,3,1528
NS,2021-01-10,0,1528
NS,2021-01-11,5,1533
NS,2021-01-12,1,1534
NS,2021-01-13,8,1542
NS,2021-01-14,6,1548
NS,2021-01-15,2,1550
NS,2021-01-16,4,1554
NS,2021-01-17,3,1557
NS,2021-01-18,0,1557
NS,2021-01-19,4,1561
NS,2021-01-20,3,1564
NS,2021-01-21,1,1565
NS,2021-01-22,5,1570
NS,2021-01-23,0,1570
NS,2021-01-24,1,1571
NS,2021-01-25,0,1571
NS,2021-01-26,1,1572
NS,2021-01-27,4,1576
NS,2021-01-28,0,1576
NS,2021-01-29,1,1577
NS,2021-01-30,3,1580
NS,2021-01-31,0,1580
NS,2021-02-01,1,1581
NS,2021-02-02,1,1582
NS,2021-02-03,1,1583
NS,2021-02-04,1,1584
NS,2021-02-05,0,1584
NS,2021-02-06,0,1584
NS,2021-02-07,1,1585
NS,2021-02-08,1,1586
NS,2021-02-09,1,1587
NS,2021-02-10,1,1588
NS,2021-02-11,2,1590
NS,2021-02-12,0,1590
NS,2021-02-13,2,1592
NS,2021-02-14,1,1593
NS,2021-02-15,1,1594
NS,2021-02-16,3,1597
NS,2021-02-17,3,1600
NS,2021-02-18,2,1602
NS,2021-02-19,2,1604
NS,2021-02-20,4,1608
NS,2021-02-21,1,1609
NS,2021-02-22,1,1610
NS,2021-02-23,3,1613
NS,2021-02-24,3,1616
NS,2021-02-25,8,1624
NS,2021-02-26,10,1634
NS,2021-02-27,4,1638
NS,2021-02-28,3,1641
NS,2021-03-01,1,1642
NS,2021-03-02,1,1643
NS,2021-03-03,3,1646
NS,2021-03-04,3,1649
NS,2021-03-05,2,1651
NS,2021-03-06,6,1657
NS,2021-03-07,2,1659
NS,2021-03-08,0,1659
NS,2021-03-09,5,1664
NS,2021-03-10,1,1665
NS,2021-03-11,0,1665
NS,2021-03-12,0,1665
NS,2021-03-13,4,1669
NS,2021-03-14,1,1670
NS,2021-03-15,0,1670
NS,2021-03-16,2,1672
NS,2021-03-17,2,1674
NS,2021-03-18,3,1677
NS,2021-03-19,3,1680
NS,2021-03-20,2,1682
NS,2021-03-21,6,1688
NS,2021-03-22,2,1690
NS,2021-03-23,1,1691
NS,2021-03-24,5,1696
NS,2021-03-25,3,1699
NS,2021-03-26,5,1704
NS,2021-03-27,5,1709
NS,2021-03-28,2,1711
NS,2021-03-29,0,1711
NS,2021-03-30,3,1714
NS,2021-03-31,2,1716
NS,2021-04-01,3,1719
NS,2021-04-02,9,1728
NS,2021-04-03,4,1732
NS,2021-04-04,7,1739
NS,2021-04-05,2,1741
NS,2021-04-06,6,1747
NS,2021-04-07,2,1749
NS,2021-04-08,5,1754
NS,2021-04-09,2,1756
NS,2021-04-10,7,1763
NS,2021-04-11,5,1768
NS,2021-04-12,7,1775
NS,2021-04-13,6,1781
NS,2021-04-14,2,1783
NS,2021-04-15,3,1786
NS,2021-04-16,6,1792
NS,2021-04-17,8,1800
NS,2021-04-18,7,1807
NS,2021-04-19,15,1822
NS,2021-04-20,9,1831
NS,2021-04-21,25,1856
NS,2021-04-22,38,1894
NS,2021-04-23,44,1938
NS,2021-04-24,52,1990
NS,2021-04-25,63,2053
NS,2021-04-26,66,2119
NS,2021-04-27,96,2215
NS,2021-04-28,75,2290
NS,2021-04-29,70,2360
NS,2021-04-30,67,2427
NS,2021-05-01,148,2575
NS,2021-05-02,133,2708
NS,2021-05-03,146,2854
NS,2021-05-04,153,3007
NS,2021-05-05,175,3182
NS,2021-05-06,182,3364
NS,2021-05-07,227,3591
NS,2021-05-08,163,3754
NS,2021-05-09,165,3919
NS,2021-05-10,121,4040
NS,2021-05-11,118,4158
NS,2021-05-12,149,4307
NS,2021-05-13,110,4417
NS,2021-05-14,117,4534
NS,2021-05-15,86,4620
NS,2021-05-16,126,4746
NS,2021-05-17,91,4837
NS,2021-05-18,90,4927
NS,2021-05-19,83,5010
NS,2021-05-20,65,5075
NS,2021-05-21,84,5159
NS,2021-05-22,64,5223
NS,2021-05-23,74,5297
NS,2021-05-24,49,5346
NS,2021-05-25,54,5400
NS,2021-05-26,37,5437
NS,2021-05-27,33,5470
NS,2021-05-28,40,5510
NS,2021-05-29,33,5543
NS,2021-05-30,20,5563
NS,2021-05-31,17,5580
NS,2021-06-01,12,5592
NS,2021-06-02,17,5609
NS,2021-06-03,25,5634
NS,2021-06-04,15,5649
NS,2021-06-05,18,5667
NS,2021-06-06,12,5679
NS,2021-06-07,14,5693
NS,2021-06-08,17,5710
NS,2021-06-09,13,5723
NS,2021-06-10,15,5738
NS,2021-06-11,8,5746
NS,2021-06-12,10,5756
NS,2021-06-13,8,5764
NS,2021-06-14,8,5772
NS,2021-06-15,4,5776
NS,2021-06-16,8,5784
NS,2021-06-17,14,5798
NS,2021-06-18,11,5809
NS,2021-06-19,6,5815
NS,2021-06-20,2,5817
NS,2021-06-21,0,5817
NS,2021-06-22,2,5819
NS,2021-06-23,0,5819
NS,2021-06-24,5,5824
NS,2021-06-25,16,5840
NS,2021-06-26,11,5851
NS,2021-06-27,3,5854
NS,2021-06-28,4,5858
NS,2021-06-29,1,5859
NS,2021-06-30,4,5863
NS,2021-07-01,4,5867
NS,2021-07-02,2,5869
NS,2021-07-03,8,5877
NS,2021-07-04,3,5880
NS,2021-07-05,1,5881
NS,2021-07-06,7,5888
NS,2021-07-07,1,5889
NS,2021-07-08,2,5891
NS,2021-07-09,1,5892
NS,2021-07-10,1,5893
NS,2021-07-11,4,5897
NS,2021-07-12,1,5898
NS,2021-07-13,1,5899
NS,2021-07-14,0,5899
NS,2021-07-15,0,5899
NS,2021-07-16,0,5899
NS,2021-07-17,0,5899
NS,2021-07-18,3,5902
NS,2021-07-19,0,5902
NS,2021-07-20,-4,5898
NS,2021-07-21,7,5905
NS,2021-07-22,0,5905
NS,2021-07-23,2,5907
NS,2021-07-24,-4,5903
NS,2021-07-25,-4,5899
NS,2021-07-26,1,5900
NS,2021-07-27,2,5902
NS,2021-07-28,0,5902
NS,2021-07-29,1,5903
NS,2021-07-30,1,5904
NS,2021-07-31,-4,5900
NS,2021-08-01,-4,5896
NS,2021-08-02,-4,5892
NS,2021-08-03,6,5898
NS,2021-08-04,2,5900
NS,2021-08-05,4,5904
NS,2021-08-06,1,5905
NS,2021-08-07,-4,5901
NS,2021-08-08,-4,5897
NS,2021-08-09,7,5904
NS,2021-08-10,1,5905
NS,2021-08-11,3,5908
NS,2021-08-12,7,5915
NS,2021-08-13,2,5917
NS,2021-08-14,-4,5913
NS,2021-08-15,-4,5909
NS,2021-08-16,9,5918
NS,2021-08-17,1,5919
NS,2021-08-18,9,5928
NS,2021-08-19,8,5936
NS,2021-08-20,10,5946
NS,2021-08-21,-4,5942
NS,2021-08-22,-4,5938
NS,2021-08-23,17,5955
NS,2021-08-24,11,5966
NS,2021-08-25,7,5973
NS,2021-08-26,1,5974
NS,2021-08-27,9,5983
NS,2021-08-28,-4,5979
NS,2021-08-29,-4,5975
NS,2021-08-30,31,6006
NS,2021-08-31,3,6009
NS,2021-09-01,7,6016
NS,2021-09-02,5,6021
NS,2021-09-03,5,6026
NS,2021-09-04,-4,6022
NS,2021-09-05,-4,6018
NS,2021-09-06,-4,6014
NS,2021-09-07,29,6043
NS,2021-09-08,14,6057
NS,2021-09-09,17,6074
NS,2021-09-10,11,6085
NS,2021-09-11,-4,6081
NS,2021-09-12,-4,6077
NS,2021-09-13,73,6150
NS,2021-09-14,66,6216
NS,2021-09-15,6,6222
NS,2021-09-16,34,6256
NS,2021-09-17,18,6274
NS,2021-09-18,-4,6270
NS,2021-09-19,-4,6266
NS,2021-09-20,55,6321
NS,2021-09-21,25,6346
NS,2021-09-22,19,6365
NS,2021-09-23,41,6406
NS,2021-09-24,34,6440
NS,2021-09-25,-4,6436
NS,2021-09-26,-4,6432
NS,2021-09-27,83,6515
NS,2021-09-28,32,6547
NS,2021-09-29,41,6588
NS,2021-09-30,-4,6584
NS,2021-10-01,77,6661
NS,2021-10-02,-4,6657
NS,2021-10-03,-4,6653
NS,2021-10-04,86,6739
NS,2021-10-05,40,6779
NS,2021-10-06,25,6804
NS,2021-10-07,30,6834
NS,2021-10-08,25,6859
NS,2021-10-09,-4,6855
NS,2021-10-10,-4,6851
NS,2021-10-11,-4,6847
NS,2021-10-12,99,6946
NS,2021-10-13,24,6970
NS,2021-10-14,26,6996
NS,2021-10-15,18,7014
NS,2021-10-16,-4,7010
NS,2021-10-17,-4,7006
NS,2021-10-18,72,7078
NS,2021-10-19,12,7090
NS,2021-10-20,6,7096
NS,2021-10-21,19,7115
NS,2021-10-22,23,7138
NS,2021-10-23,-4,7134
NS,2021-10-24,-4,7130
NS,2021-10-25,57,7187
NS,2021-10-26,7,7194
NS,2021-10-27,26,7220
NS,2021-10-28,31,7251
NS,2021-10-29,24,7275
NS,2021-10-30,-4,7271
NS,2021-10-31,-4,7267
NS,2021-11-01,59,7326
NS,2021-11-02,11,7337
NS,2021-11-03,38,7375
NS,2021-11-04,50,7425
NS,2021-11-05,40,7465
NS,2021-11-06,-4,7461
NS,2021-11-07,-4,7457
NS,2021-11-08,111,7568
NS,2021-11-09,56,7624
NS,2021-11-10,30,7654
NS,2021-11-11,-4,7650
NS,2021-11-12,70,7720
NS,2021-11-13,-4,7716
NS,2021-11-14,-4,7712
NS,2021-11-15,99,7811
NS,2021-11-16,31,7842
NS,2021-11-17,20,7862
NS,2021-11-18,22,7884
NS,2021-11-19,27,7911
NS,2021-11-20,-4,7907
NS,2021-11-21,-4,7903
NS,2021-11-22,60,7963
NS,2021-11-23,29,7992
NS,2021-11-24,20,8012
NS,2021-11-25,22,8034
NS,2021-11-26,28,8062
NS,2021-11-27,-4,8058
NS,2021-11-28,-4,8054
NS,2021-11-29,59,8113
NS,2021-11-30,61,8174
NS,2021-12-01,35,8209
NS,2021-12-02,40,8249
NS,2021-12-03,20,8269
NS,2021-12-04,-4,8265
NS,2021-12-05,-4,8261
NS,2021-12-06,45,8306
NS,2021-12-07,22,8328
NS,2021-12-08,34,8362
NS,2021-12-09,52,8414
NS,2021-12-10,123,8537
NS,2021-12-11,129,8666
NS,2021-12-12,111,8777
NS,2021-12-13,114,8891
NS,2021-12-14,127,9018
NS,2021-12-15,178,9196
NS,2021-12-16,287,9483
NS,2021-12-17,394,9877
NS,2021-12-18,426,10303
NS,2021-12-19,476,10779
NS,2021-12-20,485,11264
NS,2021-12-21,522,11786
NS,2021-12-22,537,12323
NS,2021-12-23,689,13012
NS,2021-12-24,611,13623
NS,2021-12-25,569,14192
NS,2021-12-26,578,14770
NS,2021-12-27,581,15351
NS,2021-12-28,561,15912
NS,2021-12-29,586,16498
NS,2021-12-30,511,17009
NS,2021-12-31,618,17627
NS,2022-01-01,709,18336
NS,2022-01-02,1184,19520
NS,2022-01-03,1020,20540
NS,2022-01-04,1020,21560
NS,2022-01-05,842,22402
NS,2022-01-06,745,23147
NS,2022-01-07,678,23825
NS,2022-01-08,1145,24970
NS,2022-01-09,837,25807
NS,2022-01-10,816,26623
NS,2022-01-11,616,27239
NS,2022-01-12,837,28076
NS,2022-01-13,542,28618
NS,2022-01-14,891,29509
NS,2022-01-15,627,30136
NS,2022-01-16,696,30832
NS,2022-01-17,495,31327
NS,2022-01-18,415,31742
NS,2022-01-19,527,32269
NS,2022-01-20,696,32965
NS,2022-01-21,601,33566
NS,2022-01-22,502,34068
NS,2022-01-23,503,34571
NS,2022-01-24,362,34933
NS,2022-01-25,492,35425
NS,2022-01-26,346,35771
NS,2022-01-27,366,36137
NS,2022-01-28,620,36757
NS,2022-01-29,503,37260
NS,2022-01-30,425,37685
NS,2022-01-31,256,37941
NS,2022-02-01,274,38215
NS,2022-02-02,395,38610
NS,2022-02-03,401,39011
NS,2022-02-04,594,39605
NS,2022-02-05,382,39987
NS,2022-02-06,349,40336
NS,2022-02-07,313,40649
NS,2022-02-08,219,40868
NS,2022-02-09,365,41233
NS,2022-02-10,365,41598
NS,2022-02-11,389,41987
NS,2022-02-12,309,42296
NS,2022-02-13,243,42539
NS,2022-02-14,158,42697
NS,2022-02-15,226,42923
NS,2022-02-16,223,43146
NS,2022-02-17,242,43388
NS,2022-02-18,320,43708
NS,2022-02-19,200,43908
NS,2022-02-20,214,44122
NS,2022-02-21,0,44122
NS,2022-02-22,263,44385
NS,2022-02-23,200,44585
NS,2022-02-24,187,44772
NS,2022-02-25,170,44942
NS,2022-02-26,322,45264
NS,2022-02-27,322,45586
NS,2022-02-28,243,45829
NS,2022-03-01,217,46046
NS,2022-03-02,362,46408
NS,2022-03-03,421,46829
NS,2022-03-04,294,47123
NS,2022-03-05,296,47419
NS,2022-03-06,286,47705
NS,2022-03-07,453,48158
NS,2022-03-08,397,48555
NS,2022-03-09,458,49013
NS,2022-03-10,391,49404
NS,2022-03-11,397,49801
NS,2022-03-12,318,50119
NS,2022-03-13,322,50441
NS,2022-03-14,493,50934
NS,2022-03-15,468,51402
NS,2022-03-16,505,51907
NS,2022-03-17,445,52352
NS,2022-03-18,512,52864
NS,2022-03-19,433,53297
NS,2022-03-20,435,53732
NS,2022-03-21,658,54390
NS,2022-03-22,671,55061
NS,2022-03-23,724,55785
NS,2022-03-24,619,56404
NS,2022-03-25,604,57008
NS,2022-03-26,505,57513
NS,2022-03-27,554,58067
NS,2022-03-28,906,58973
NS,2022-03-29,987,59960
NS,2022-03-30,1128,61088
NS,2022-03-31,1005,62093
NS,2022-04-01,1100,63193
NS,2022-04-02,872,64065
NS,2022-04-03,927,64992
NS,2022-04-04,1005,65997
NS,2022-04-05,1364,67361
NS,2022-04-06,1319,68680
NS,2022-04-07,1194,69874
NS,2022-04-08,1206,71080
NS,2022-04-09,950,72030
NS,2022-04-10,898,72928
NS,2022-04-11,1293,74221
NS,2022-04-12,1229,75450
NS,2022-04-13,1153,76603
NS,2022-04-14,1019,77622
NS,2022-04-15,826,78448
NS,2022-04-16,784,79232
NS,2022-04-17,691,79923
NS,2022-04-18,1016,80939
NS,2022-04-19,984,81923
NS,2022-04-20,897,82820
NS,2022-04-21,801,83621
NS,2022-04-22,796,84417
NS,2022-04-23,480,84897
NS,2022-04-24,486,85383
NS,2022-04-25,714,86097
NS,2022-04-26,625,86722
NS,2022-04-27,636,87358
NS,2022-04-28,583,87941
NS,2022-04-29,499,88440
NS,2022-04-30,425,88865
NS,2022-05-01,397,89262
NS,2022-05-02,657,89919
NS,2022-05-03,629,90548
NS,2022-05-04,499,91047
NS,2022-05-05,572,91619
NS,2022-05-06,517,92136
NS,2022-05-07,327,92463
NS,2022-05-08,329,92792
NS,2022-05-09,588,93380
NS,2022-05-10,454,93834
NS,2022-05-11,457,94291
NS,2022-05-12,465,94756
NS,2022-05-13,412,95168
NS,2022-05-14,299,95467
NS,2022-05-15,271,95738
NS,2022-05-16,437,96175
NS,2022-05-17,318,96493
NS,2022-05-18,378,96871
NS,2022-05-19,238,97109
NS,2022-05-20,231,97340
NS,2022-05-21,178,97518
NS,2022-05-22,163,97681
NS,2022-05-23,233,97914
NS,2022-05-24,296,98210
NS,2022-05-25,275,98485
NS,2022-05-26,239,98724
NS,2022-05-27,234,98958
NS,2022-05-28,188,99146
NS,2022-05-29,177,99323
NS,2022-05-30,311,99634
NS,2022-05-31,261,99895
NS,2022-06-01,279,100174
NS,2022-06-02,234,100408
NS,2022-06-03,237,100645
NS,2022-06-04,180,100825
NS,2022-06-05,174,100999
NS,2022-06-06,341,101340
NS,2022-06-07,272,101612
NS,2022-06-08,301,101913
NS,2022-06-09,258,102171
NS,2022-06-10,278,102449
NS,2022-06-11,169,102618
NS,2022-06-12,220,102838
NS,2022-06-13,304,103142
NS,2022-06-14,260,103402
NS,2022-06-15,254,103656
NS,2022-06-16,228,103884
NS,2022-06-17,219,104103
NS,2022-06-18,184,104287
NS,2022-06-19,181,104468
NS,2022-06-20,302,104770
NS,2022-06-21,273,105043
NS,2022-06-22,241,105284
NS,2022-06-23,232,105516
NS,2022-06-24,249,105765
NS,2022-06-25,210,105975
NS,2022-06-26,211,106186
NS,2022-06-27,338,106524
NS,2022-06-28,318,106842
NS,2022-06-29,318,107160
NS,2022-06-30,305,107465
NS,2022-07-01,221,107686
NS,2022-07-02,261,107947
NS,2022-07-03,247,108194
NS,2022-07-04,506,108700
NS,2022-07-05,325,109025
NS,2022-07-06,258,109283
NS,2022-07-07,223,109506
NS,2022-07-08,229,109735
NS,2022-07-09,168,109903
NS,2022-07-10,166,110069
NS,2022-07-11,335,110404
NS,2022-07-12,354,110758
NS,2022-07-13,339,111097
NS,2022-07-14,323,111420
NS,2022-07-15,293,111713
NS,2022-07-16,220,111933
NS,2022-07-17,220,112153
NS,2022-07-18,386,112539
NS,2022-07-19,375,112914
NS,2022-07-20,349,113263
NS,2022-07-21,293,113556
NS,2022-07-22,269,113825
NS,2022-07-23,222,114047
NS,2022-07-24,215,114262
NS,2022-07-25,345,114607
NS,2022-07-26,307,114914
NS,2022-07-27,315,115229
NS,2022-07-28,298,115527
NS,2022-07-29,235,115762
NS,2022-07-30,166,115928
NS,2022-07-31,188,116116
NS,2022-08-01,208,116324
NS,2022-08-02,362,116686
NS,2022-08-03,315,117001
NS,2022-08-04,293,117294
NS,2022-08-05,245,117539
NS,2022-08-06,164,117703
NS,2022-08-07,204,117907
NS,2022-08-08,335,118242
NS,2022-08-09,312,118554
NS,2022-08-10,258,118812
NS,2022-08-11,262,119074
NS,2022-08-12,200,119274
NS,2022-08-13,153,119427
NS,2022-08-14,129,119556
NS,2022-08-15,305,119861
NS,2022-08-16,224,120085
NS,2022-08-17,236,120321
NS,2022-08-18,214,120535
NS,2022-08-19,193,120728
NS,2022-08-20,171,120899
NS,2022-08-21,152,121051
NS,2022-08-22,254,121305
NS,2022-08-23,247,121552
NS,2022-08-24,234,121786
NS,2022-08-25,198,121984
NS,2022-08-26,172,122156
NS,2022-08-27,121,122277
NS,2022-08-28,102,122379
NS,2022-08-29,263,122642
NS,2022-08-30,164,122806
NS,2022-08-31,193,122999
NS,2022-09-01,152,123151
NS,2022-09-02,187,123338
NS,2022-09-03,117,123455
NS,2022-09-04,91,123546
NS,2022-09-05,130,123676
NS,2022-09-06,203,123879
NS,2022-09-07,195,124074
NS,2022-09-08,150,124224
NS,2022-09-09,157,124381
NS,2022-09-10,89,124470
NS,2022-09-11,95,124565
NS,2022-09-12,199,124764
NS,2022-09-13,149,124913
NS,2022-09-14,183,125096
NS,2022-09-15,151,125247
NS,2022-09-16,149,125396
NS,2022-09-17,103,125499
NS,2022-09-18,138,125637
NS,2022-09-19,201,125838
NS,2022-09-20,212,126050
NS,2022-09-21,201,126251
NS,2022-09-22,182,126433
NS,2022-09-23,145,126578
NS,2022-09-24,39,126617
NS,2022-09-25,128,126745
NS,2022-09-26,217,126962
NS,2022-09-27,191,127153
NS,2022-09-28,209,127362
NS,2022-09-29,160,127522
NS,2022-09-30,141,127663
NS,2022-10-01,133,127796
NS,2022-10-02,108,127904
NS,2022-10-03,201,128105
NS,2022-10-04,182,128287
NS,2022-10-05,195,128482
NS,2022-10-06,193,128675
NS,2022-10-07,187,128862
NS,2022-10-08,135,128997
NS,2022-10-09,135,129132
NS,2022-10-10,152,129284
NS,2022-10-11,224,129508
NS,2022-10-12,224,129732
NS,2022-10-13,205,129937
NS,2022-10-14,200,130137
NS,2022-10-15,115,130252
NS,2022-10-16,128,130380
NS,2022-10-17,204,130584
NS,2022-10-18,175,130759
NS,2022-10-19,146,130905
NS,2022-10-20,141,131046
NS,2022-10-21,128,131174
NS,2022-10-22,94,131268
NS,2022-10-23,108,131376
NS,2022-10-24,190,131566
NS,2022-10-25,162,131728
NS,2022-10-26,150,131878
NS,2022-10-27,124,132002
NS,2022-10-28,130,132132
NS,2022-10-29,84,132216
NS,2022-10-30,95,132311
NS,2022-10-31,121,132432
NS,2022-11-01,123,132555
NS,2022-11-02,142,132697
NS,2022-11-03,114,132811
NS,2022-11-04,97,132908
NS,2022-11-05,77,132985
NS,2022-11-06,70,133055
NS,2022-11-07,114,133169
NS,2022-11-08,97,133266
NS,2022-11-09,97,133363
NS,2022-11-10,85,133448
NS,2022-11-11,52,133500
NS,2022-11-12,86,133586
NS,2022-11-13,84,133670
NS,2022-11-14,122,133792
NS,2022-11-15,107,133899
NS,2022-11-16,98,133997
NS,2022-11-17,74,134071
NS,2022-11-18,76,134147
NS,2022-11-19,51,134198
NS,2022-11-20,44,134242
NS,2022-11-21,101,134343
NS,2022-11-22,97,134440
NS,2022-11-23,82,134522
NS,2022-11-24,86,134608
NS,2022-11-25,75,134683
NS,2022-11-26,77,134760
NS,2022-11-27,65,134825
NS,2022-11-28,87,134912
NS,2022-11-29,91,135003
NS,2022-11-30,82,135085
NS,2022-12-01,86,135171
NS,2022-12-02,90,135261
NS,2022-12-03,63,135324
NS,2022-12-04,54,135378
NS,2022-12-05,101,135479
NS,2022-12-06,83,135562
NS,2022-12-07,81,135643
NS,2022-12-08,69,135712
NS,2022-12-09,83,135795
NS,2022-12-10,55,135850
NS,2022-12-11,54,135904
NS,2022-12-12,116,136020
NS,2022-12-13,75,136095
NS,2022-12-14,104,136199
NS,2022-12-15,84,136283
NS,2022-12-16,87,136370
NS,2022-12-17,82,136452
NS,2022-12-18,71,136523
NS,2022-12-19,108,136631
NS,2022-12-20,105,136736
NS,2022-12-21,107,136843
NS,2022-12-22,97,136940
NS,2022-12-23,104,137044
NS,2022-12-24,48,137092
NS,2022-12-25,19,137111
NS,2022-12-26,133,137244
NS,2022-12-27,117,137361
NS,2022-12-28,169,137530
NS,2022-12-29,137,137667
NS,2022-12-30,154,137821
NS,2022-12-31,99,137920
NT,2020-01-31,0,0
NT,2020-02-01,0,0
NT,2020-02-02,0,0
NT,2020-02-03,0,0
NT,2020-02-04,0,0
NT,2020-02-05,0,0
NT,2020-02-06,0,0
NT,2020-02-07,0,0
NT,2020-02-08,0,0
NT,2020-02-09,0,0
NT,2020-02-10,0,0
NT,2020-02-11,0,0
NT,2020-02-12,0,0
NT,2020-02-13,0,0
NT,2020-02-14,0,0
NT,2020-02-15,0,0
NT,2020-02-16,0,0
NT,2020-02-17,0,0
NT,2020-02-18,0,0
NT,2020-02-19,0,0
NT,2020-02-20,0,0
NT,2020-02-21,0,0
NT,2020-02-22,0,0
NT,2020-02-23,0,0
NT,2020-02-24,0,0
NT,2020-02-25,0,0
NT,2020-02-26,0,0
NT,2020-02-27,0,0
NT,2020-02-28,0,0
NT,2020-02-29,0,0
NT,2020-03-01,0,0
NT,2020-03-02,0,0
NT,2020-03-03,0,0
NT,2020-03-04,0,0
NT,2020-03-05,0,0
NT,2020-03-06,0,0
NT,2020-03-07,0,0
NT,2020-03-08,0,0
NT,2020-03-09,0,0
NT,2020-03-10,0,0
NT,2020-03-11,0,0
NT,2020-03-12,0,0
NT,2020-03-13,0,0
NT,2020-03-14,0,0
NT,2020-03-15,0,0
NT,2020-03-16,0,0
NT,2020-03-17,0,0
NT,2020-03-18,0,0
NT,2020-03-19,0,0
NT,2020-03-20,0,0
NT,2020-03-21,1,1
NT,2020-03-22,0,1
NT,2020-03-23,0,1
NT,2020-03-24,0,1
NT,2020-03-25,0,1
NT,2020-03-26,0,1
NT,2020-03-27,0,1
NT,2020-03-28,0,1
NT,2020-03-29,0,1
NT,2020-03-30,0,1
NT,2020-03-31,0,1
NT,2020-04-01,1,2
NT,2020-04-02,0,2
NT,2020-04-03,2,4
NT,2020-04-04,0,4
NT,2020-04-05,0,4
NT,2020-04-06,1,5
NT,2020-04-07,0,5
NT,2020-04-08,0,5
NT,2020-04-09,0,5
NT,2020-04-10,0,5
NT,2020-04-11,0,5
NT,2020-04-12,0,5
NT,2020-04-13,0,5
NT,2020-04-14,0,5
NT,2020-04-15,0,5
NT,2020-04-16,0,5
NT,2020-04-17,0,5
NT,2020-04-18,0,5
NT,2020-04-19,0,5
NT,2020-04-20,0,5
NT,2020-04-21,0,5
NT,2020-04-22,0,5
NT,2020-04-23,0,5
NT,2020-04-24,0,5
NT,2020-04-25,0,5
NT,2020-04-26,0,5
NT,2020-04-27,0,5
NT,2020-04-28,0,5
NT,2020-04-29,0,5
NT,2020-04-30,0,5
NT,2020-05-01,0,5
NT,2020-05-02,0,5
NT,2020-05-03,0,5
NT,2020-05-04,0,5
NT,2020-05-05,0,5
NT,2020-05-06,0,5
NT,2020-05-07,0,5
NT,2020-05-08,0,5
NT,2020-05-09,0,5
NT,2020-05-10,0,5
NT,2020-05-11,0,5
NT,2020-05-12,0,5
NT,2020-05-13,0,5
NT,2020-05-14,0,5
NT,2020-05-15,0,5
NT,2020-05-16,0,5
NT,2020-05-17,0,5
NT,2020-05-18,0,5
NT,2020-05-19,0,5
NT,2020-05-20,0,5
NT,2020-05-21,0,5
NT,2020-05-22,0,5
NT,2020-05-23,0,5
NT,2020-05-24,0,5
NT,2020-05-25,0,5
NT,2020-05-26,0,5
NT,2020-05-27,0,5
NT,2020-05-28,0,5
NT,2020-05-29,0,5
NT,2020-05-30,0,5
NT,2020-05-31,0,5
NT,2020-06-01,0,5
NT,2020-06-02,0,5
NT,2020-06-03,0,5
NT,2020-06-04,0,5
NT,2020-06-05,0,5
NT,2020-06-06,0,5
NT,2020-06-07,0,5
NT,2020-06-08,0,5
NT,2020-06-09,0,5
NT,2020-06-10,0,5
NT,2020-06-11,0,5
NT,2020-06-12,0,5
NT,2020-06-13,0,5
NT,2020-06-14,0,5
NT,2020-06-15,0,5
NT,2020-06-16,0,5
NT,2020-06-17,0,5
NT,2020-06-18,0,5
NT,2020-06-19,0,5
NT,2020-06-20,0,5
NT,2020-06-21,0,5
NT,2020-06-22,0,5
NT,2020-06-23,0,5
NT,2020-06-24,0,5
NT,2020-06-25,0,5
NT,2020-06-26,0,5
NT,2020-06-27,0,5
NT,2020-06-28,0,5
NT,2020-06-29,0,5
NT,2020-06-30,0,5
NT,2020-07-01,0,5
NT,2020-07-02,0,5
NT,2020-07-03,0,5
NT,2020-07-04,0,5
NT,2020-07-05,0,5
NT,2020-07-06,0,5
NT,2020-07-07,0,5
NT,2020-07-08,0,5
NT,2020-07-09,0,5
NT,2020-07-10,0,5
NT,2020-07-11,0,5
NT,2020-07-12,0,5
NT,2020-07-13,0,5
NT,2020-07-14,0,5
NT,2020-07-15,0,5
NT,2020-07-16,0,5
NT,2020-07-17,0,5
NT,2020-07-18,0,5
NT,2020-07-19,0,5
NT,2020-07-20,0,5
NT,2020-07-21,0,5
NT,2020-07-22,0,5
NT,2020-07-23,0,5
NT,2020-07-24,0,5
NT,2020-07-25,0,5
NT,2020-07-26,0,5
NT,2020-07-27,0,5
NT,2020-07-28,0,5
NT,2020-07-29,0,5
NT,2020-07-30,0,5
NT,2020-07-31,0,5
NT,2020-08-01,0,5
NT,2020-08-02,0,5
NT,2020-08-03,0,5
NT,2020-08-04,0,5
NT,2020-08-05,0,5
NT,2020-08-06,0,5
NT,2020-08-07,0,5
NT,2020-08-08,0,5
NT,2020-08-09,0,5
NT,2020-08-10,0,5
NT,2020-08-11,0,5
NT,2020-08-12,0,5
NT,2020-08-13,0,5
NT,2020-08-14,0,5
NT,2020-08-15,0,5
NT,2020-08-16,0,5
NT,2020-08-17,0,5
NT,2020-08-18,0,5
NT,2020-08-19,0,5
NT,2020-08-20,0,5
NT,2020-08-21,0,5
NT,2020-08-22,0,5
NT,2020-08-23,0,5
NT,2020-08-24,0,5
NT,2020-08-25,0,5
NT,2020-08-26,0,5
NT,2020-08-27,0,5
NT,2020-08-28,0,5
NT,2020-08-29,0,5
NT,2020-08-30,0,5
NT,2020-08-31,0,5
NT,2020-09-01,0,5
NT,2020-09-02,0,5
NT,2020-09-03,0,5
NT,2020-09-04,0,5
NT,2020-09-05,0,5
NT,2020-09-06,0,5
NT,2020-09-07,0,5
NT,2020-09-08,0,5
NT,2020-09-09,0,5
NT,2020-09-10,0,5
NT,2020-09-11,0,5
NT,2020-09-12,0,5
NT,2020-09-13,0,5
NT,2020-09-14,0,5
NT,2020-09-15,0,5
NT,2020-09-16,0,5
NT,2020-09-17,0,5
NT,2020-09-18,0,5
NT,2020-09-19,0,5
NT,2020-09-20,0,5
NT,2020-09-21,0,5
NT,2020-09-22,0,5
NT,2020-09-23,0,5
NT,2020-09-24,0,5
NT,2020-09-25,0,5
NT,2020-09-26,0,5
NT,2020-09-27,0,5
NT,2020-09-28,0,5
NT,2020-09-29,0,5
NT,2020-09-30,0,5
NT,2020-10-01,0,5
NT,2020-10-02,0,5
NT,2020-10-03,0,5
NT,2020-10-04,0,5
NT,2020-10-05,0,5
NT,2020-10-06,0,5
NT,2020-10-07,0,5
NT,2020-10-08,0,5
NT,2020-10-09,0,5
NT,2020-10-10,0,5
NT,2020-10-11,0,5
NT,2020-10-12,0,5
NT,2020-10-13,0,5
NT,2020-10-14,0,5
NT,2020-10-15,0,5
NT,2020-10-16,0,5
NT,2020-10-17,0,5
NT,2020-10-18,0,5
NT,2020-10-19,0,5
NT,2020-10-20,0,5
NT,2020-10-21,3,8
NT,2020-10-22,0,8
NT,2020-10-23,1,9
NT,2020-10-24,0,9
NT,2020-10-25,0,9
NT,2020-10-26,0,9
NT,2020-10-27,0,9
NT,2020-10-28,0,9
NT,2020-10-29,1,10
NT,2020-10-30,0,10
NT,2020-10-31,0,10
NT,2020-11-01,0,10
NT,2020-11-02,0,10
NT,2020-11-03,0,10
NT,2020-11-04,0,10
NT,2020-11-05,0,10
NT,2020-11-06,0,10
NT,2020-11-07,0,10
NT,2020-11-08,0,10
NT,2020-11-09,0,10
NT,2020-11-10,0,10
NT,2020-11-11,1,11
NT,2020-11-12,0,11
NT,2020-11-13,4,15
NT,2020-11-14,0,15
NT,2020-11-15,0,15
NT,2020-11-16,0,15
NT,2020-11-17,0,15
NT,2020-11-18,0,15
NT,2020-11-19,0,15
NT,2020-11-20,0,15
NT,2020-11-21,0,15
NT,2020-11-22,0,15
NT,2020-11-23,0,15
NT,2020-11-24,0,15
NT,2020-11-25,0,15
NT,2020-11-26,0,15
NT,2020-11-27,0,15
NT,2020-11-28,0,15
NT,2020-11-29,0,15
NT,2020-11-30,0,15
NT,2020-12-01,0,15
NT,2020-12-02,0,15
NT,2020-12-03,0,15
NT,2020-12-04,0,15
NT,2020-12-05,0,15
NT,2020-12-06,0,15
NT,2020-12-07,0,15
NT,2020-12-08,0,15
NT,2020-12-09,0,15
NT,2020-12-10,0,15
NT,2020-12-11,5,20
NT,2020-12-12,1,21
NT,2020-12-13,0,21
NT,2020-12-14,0,21
NT,2020-12-15,1,22
NT,2020-12-16,0,22
NT,2020-12-17,1,23
NT,2020-12-18,1,24
NT,2020-12-19,0,24
NT,2020-12-20,0,24
NT,2020-12-21,0,24
NT,2020-12-22,0,24
NT,2020-12-23,0,24
NT,2020-12-24,0,24
NT,2020-12-25,0,24
NT,2020-12-26,0,24
NT,2020-12-27,0,24
NT,2020-12-28,0,24
NT,2020-12-29,0,24
NT,2020-12-30,0,24
NT,2020-12-31,0,24
NT,2021-01-01,0,24
NT,2021-01-02,0,24
NT,2021-01-03,0,24
NT,2021-01-04,0,24
NT,2021-01-05,0,24
NT,2021-01-06,0,24
NT,2021-01-07,0,24
NT,2021-01-08,0,24
NT,2021-01-09,0,24
NT,2021-01-10,0,24
NT,2021-01-11,0,24
NT,2021-01-12,0,24
NT,2021-01-13,0,24
NT,2021-01-14,0,24
NT,2021-01-15,1,25
NT,2021-01-16,0,25
NT,2021-01-17,3,28
NT,2021-01-18,0,28
NT,2021-01-19,2,30
NT,2021-01-20,0,30
NT,2021-01-21,1,31
NT,2021-01-22,0,31
NT,2021-01-23,0,31
NT,2021-01-24,0,31
NT,2021-01-25,0,31
NT,2021-01-26,0,31
NT,2021-01-27,0,31
NT,2021-01-28,0,31
NT,2021-01-29,0,31
NT,2021-01-30,0,31
NT,2021-01-31,0,31
NT,2021-02-01,0,31
NT,2021-02-02,1,32
NT,2021-02-03,0,32
NT,2021-02-04,0,32
NT,2021-02-05,0,32
NT,2021-02-06,0,32
NT,2021-02-07,0,32
NT,2021-02-08,0,32
NT,2021-02-09,1,33
NT,2021-02-10,1,34
NT,2021-02-11,4,38
NT,2021-02-12,0,38
NT,2021-02-13,0,38
NT,2021-02-14,0,38
NT,2021-02-15,0,38
NT,2021-02-16,0,38
NT,2021-02-17,4,42
NT,2021-02-18,0,42
NT,2021-02-19,0,42
NT,2021-02-20,0,42
NT,2021-02-21,0,42
NT,2021-02-22,0,42
NT,2021-02-23,0,42
NT,2021-02-24,0,42
NT,2021-02-25,0,42
NT,2021-02-26,0,42
NT,2021-02-27,0,42
NT,2021-02-28,0,42
NT,2021-03-01,0,42
NT,2021-03-02,0,42
NT,2021-03-03,0,42
NT,2021-03-04,0,42
NT,2021-03-05,0,42
NT,2021-03-06,0,42
NT,2021-03-07,0,42
NT,2021-03-08,0,42
NT,2021-03-09,0,42
NT,2021-03-10,0,42
NT,2021-03-11,0,42
NT,2021-03-12,0,42
NT,2021-03-13,0,42
NT,2021-03-14,0,42
NT,2021-03-15,0,42
NT,2021-03-16,0,42
NT,2021-03-17,0,42
NT,2021-03-18,0,42
NT,2021-03-19,0,42
NT,2021-03-20,0,42
NT,2021-03-21,0,42
NT,2021-03-22,0,42
NT,2021-03-23,0,42
NT,2021-03-24,0,42
NT,2021-03-25,0,42
NT,2021-03-26,0,42
NT,2021-03-27,0,42
NT,2021-03-28,0,42
NT,2021-03-29,0,42
NT,2021-03-30,0,42
NT,2021-03-31,0,42
NT,2021-04-01,0,42
NT,2021-04-02,0,42
NT,2021-04-03,0,42
NT,2021-04-04,0,42
NT,2021-04-05,1,43
NT,2021-04-06,0,43
NT,2021-04-07,0,43
NT,2021-04-08,0,43
NT,2021-04-09,0,43
NT,2021-04-10,0,43
NT,2021-04-11,0,43
NT,2021-04-12,0,43
NT,2021-04-13,0,43
NT,2021-04-14,0,43
NT,2021-04-15,0,43
NT,2021-04-16,0,43
NT,2021-04-17,0,43
NT,2021-04-18,0,43
NT,2021-04-19,0,43
NT,2021-04-20,0,43
NT,2021-04-21,2,45
NT,2021-04-22,1,46
NT,2021-04-23,2,48
NT,2021-04-24,0,48
NT,2021-04-25,0,48
NT,2021-04-26,3,51
NT,2021-04-27,0,51
NT,2021-04-28,0,51
NT,2021-04-29,0,51
NT,2021-04-30,0,51
NT,2021-05-01,0,51
NT,2021-05-02,1,52
NT,2021-05-03,7,59
NT,2021-05-04,12,71
NT,2021-05-05,14,85
NT,2021-05-06,13,98
NT,2021-05-07,1,99
NT,2021-05-08,0,99
NT,2021-05-09,0,99
NT,2021-05-10,3,102
NT,2021-05-11,10,112
NT,2021-05-12,2,114
NT,2021-05-13,1,115
NT,2021-05-14,6,121
NT,2021-05-15,0,121
NT,2021-05-16,0,121
NT,2021-05-17,0,121
NT,2021-05-18,4,125
NT,2021-05-19,1,126
NT,2021-05-20,0,126
NT,2021-05-21,1,127
NT,2021-05-22,0,127
NT,2021-05-23,0,127
NT,2021-05-24,0,127
NT,2021-05-25,0,127
NT,2021-05-26,0,127
NT,2021-05-27,0,127
NT,2021-05-28,0,127
NT,2021-05-29,0,127
NT,2021-05-30,0,127
NT,2021-05-31,1,128
NT,2021-06-01,0,128
NT,2021-06-02,0,128
NT,2021-06-03,0,128
NT,2021-06-04,0,128
NT,2021-06-05,0,128
NT,2021-06-06,0,128
NT,2021-06-07,0,128
NT,2021-06-08,0,128
NT,2021-06-09,0,128
NT,2021-06-10,0,128
NT,2021-06-11,0,128
NT,2021-06-12,0,128
NT,2021-06-13,0,128
NT,2021-06-14,0,128
NT,2021-06-15,0,128
NT,2021-06-16,0,128
NT,2021-06-17,0,128
NT,2021-06-18,0,128
NT,2021-06-19,0,128
NT,2021-06-20,0,128
NT,2021-06-21,0,128
NT,2021-06-22,0,128
NT,2021-06-23,0,128
NT,2021-06-24,0,128
NT,2021-06-25,0,128
NT,2021-06-26,0,128
NT,2021-06-27,0,128
NT,2021-06-28,0,128
NT,2021-06-29,0,128
NT,2021-06-30,0,128
NT,2021-07-01,0,128
NT,2021-07-02,0,128
NT,2021-07-03,0,128
NT,2021-07-04,0,128
NT,2021-07-05,0,128
NT,2021-07-06,0,128
NT,2021-07-07,0,128
NT,2021-07-08,0,128
NT,2021-07-09,0,128
NT,2021-07-10,0,128
NT,2021-07-11,0,128
NT,2021-07-12,0,128
NT,2021-07-13,0,128
NT,2021-07-14,0,128
NT,2021-07-15,0,128
NT,2021-07-16,0,128
NT,2021-07-17,0,128
NT,2021-07-18,0,128
NT,2021-07-19,0,128
NT,2021-07-20,0,128
NT,2021-07-21,0,128
NT,2021-07-22,0,128
NT,2021-07-23,0,128
NT,2021-07-24,0,128
NT,2021-07-25,0,128
NT,2021-07-26,0,128
NT,2021-07-27,0,128
NT,2021-07-28,0,128
NT,2021-07-29,0,128
NT,2021-07-30,0,128
NT,2021-07-31,0,128
NT,2021-08-01,0,128
NT,2021-08-02,0,128
NT,2021-08-03,1,129
NT,2021-08-04,0,129
NT,2021-08-05,0,129
NT,2021-08-06,1,130
NT,2021-08-07,0,130
NT,2021-08-08,0,130
NT,2021-08-09,0,130
NT,2021-08-10,1,131
NT,2021-08-11,0,131
NT,2021-08-12,0,131
NT,2021-08-13,0,131
NT,2021-08-14,0,131
NT,2021-08-15,2,133
NT,2021-08-16,13,146
NT,2021-08-17,56,202
NT,2021-08-18,57,259
NT,2021-08-19,0,259
NT,2021-08-20,41,300
NT,2021-08-21,29,329
NT,2021-08-22,0,329
NT,2021-08-23,0,329
NT,2021-08-24,22,351
NT,2021-08-25,7,358
NT,2021-08-26,19,377
NT,2021-08-27,18,395
NT,2021-08-28,5,400
NT,2021-08-29,0,400
NT,2021-08-30,0,400
NT,2021-08-31,52,452
NT,2021-09-01,9,461
NT,2021-09-02,14,475
NT,2021-09-03,11,486
NT,2021-09-04,13,499
NT,2021-09-05,0,499
NT,2021-09-06,0,499
NT,2021-09-07,0,499
NT,2021-09-08,23,522
NT,2021-09-09,18,540
NT,2021-09-10,23,563
NT,2021-09-11,28,591
NT,2021-09-12,0,591
NT,2021-09-13,0,591
NT,2021-09-14,56,647
NT,2021-09-15,32,679
NT,2021-09-16,16,695
NT,2021-09-17,25,720
NT,2021-09-18,29,749
NT,2021-09-19,0,749
NT,2021-09-20,0,749
NT,2021-09-21,58,807
NT,2021-09-22,27,834
NT,2021-09-23,18,852
NT,2021-09-24,30,882
NT,2021-09-25,36,918
NT,2021-09-26,0,918
NT,2021-09-27,0,918
NT,2021-09-28,52,970
NT,2021-09-29,49,1019
NT,2021-09-30,40,1059
NT,2021-10-01,0,1059
NT,2021-10-02,84,1143
NT,2021-10-03,0,1143
NT,2021-10-04,0,1143
NT,2021-10-05,97,1240
NT,2021-10-06,65,1305
NT,2021-10-07,55,1360
NT,2021-10-08,51,1411
NT,2021-10-09,45,1456
NT,2021-10-10,0,1456
NT,2021-10-11,0,1456
NT,2021-10-12,0,1456
NT,2021-10-13,81,1537
NT,2021-10-14,43,1580
NT,2021-10-15,37,1617
NT,2021-10-16,21,1638
NT,2021-10-17,0,1638
NT,2021-10-18,0,1638
NT,2021-10-19,56,1694
NT,2021-10-20,18,1712
NT,2021-10-21,34,1746
NT,2021-10-22,17,1763
NT,2021-10-23,23,1786
NT,2021-10-24,0,1786
NT,2021-10-25,0,1786
NT,2021-10-26,40,1826
NT,2021-10-27,17,1843
NT,2021-10-28,17,1860
NT,2021-10-29,3,1863
NT,2021-10-30,0,1863
NT,2021-10-31,0,1863
NT,2021-11-01,8,1871
NT,2021-11-02,9,1880
NT,2021-11-03,6,1886
NT,2021-11-04,0,1886
NT,2021-11-05,0,1886
NT,2021-11-06,0,1886
NT,2021-11-07,0,1886
NT,2021-11-08,0,1886
NT,2021-11-09,39,1925
NT,2021-11-10,26,1951
NT,2021-11-11,0,1951
NT,2021-11-12,0,1951
NT,2021-11-13,50,2001
NT,2021-11-14,0,2001
NT,2021-11-15,20,2021
NT,2021-11-16,7,2028
NT,2021-11-17,1,2029
NT,2021-11-18,3,2032
NT,2021-11-19,0,2032
NT,2021-11-20,4,2036
NT,2021-11-21,0,2036
NT,2021-11-22,8,2044
NT,2021-11-23,11,2055
NT,2021-11-24,2,2057
NT,2021-11-25,2,2059
NT,2021-11-26,0,2059
NT,2021-11-27,0,2059
NT,2021-11-28,0,2059
NT,2021-11-29,0,2059
NT,2021-11-30,1,2060
NT,2021-12-01,3,2063
NT,2021-12-02,5,2068
NT,2021-12-03,0,2068
NT,2021-12-04,1,2069
NT,2021-12-05,0,2069
NT,2021-12-06,0,2069
NT,2021-12-07,0,2069
NT,2021-12-08,0,2069
NT,2021-12-09,0,2069
NT,2021-12-10,1,2070
NT,2021-12-11,0,2070
NT,2021-12-12,0,2070
NT,2021-12-13,1,2071
NT,2021-12-14,0,2071
NT,2021-12-15,5,2076
NT,2021-12-16,6,2082
NT,2021-12-17,0,2082
NT,2021-12-18,0,2082
NT,2021-12-19,0,2082
NT,2021-12-20,0,2082
NT,2021-12-21,1,2083
NT,2021-12-22,7,2090
NT,2021-12-23,0,2090
NT,2021-12-24,0,2090
NT,2021-12-25,0,2090
NT,2021-12-26,0,2090
NT,2021-12-27,0,2090
NT,2021-12-28,0,2090
NT,2021-12-29,0,2090
NT,2021-12-30,97,2187
NT,2021-12-31,42,2229
NT,2022-01-01,0,2229
NT,2022-01-02,0,2229
NT,2022-01-03,0,2229
NT,2022-01-04,190,2419
NT,2022-01-05,76,2495
NT,2022-01-06,157,2652
NT,2022-01-07,149,2801
NT,2022-01-08,0,2801
NT,2022-01-09,0,2801
NT,2022-01-10,306,3107
NT,2022-01-11,215,3322
NT,2022-01-12,145,3467
NT,2022-01-13,120,3587
NT,2022-01-14,154,3741
NT,2022-01-15,0,3741
NT,2022-01-16,0,3741
NT,2022-01-17,314,4055
NT,2022-01-18,179,4234
NT,2022-01-19,138,4372
NT,2022-01-20,136,4508
NT,2022-01-21,172,4680
NT,2022-01-22,0,4680
NT,2022-01-23,0,4680
NT,2022-01-24,282,4962
NT,2022-01-25,158,5120
NT,2022-01-26,175,5295
NT,2022-01-27,151,5446
NT,2022-01-28,168,5614
NT,2022-01-29,0,5614
NT,2022-01-30,0,5614
NT,2022-01-31,251,5865
NT,2022-02-01,208,6073
NT,2022-02-02,148,6221
NT,2022-02-03,142,6363
NT,2022-02-04,187,6550
NT,2022-02-05,0,6550
NT,2022-02-06,0,6550
NT,2022-02-07,296,6846
NT,2022-02-08,73,6919
NT,2022-02-09,110,7029
NT,2022-02-10,97,7126
NT,2022-02-11,217,7343
NT,2022-02-12,0,7343
NT,2022-02-13,0,7343
NT,2022-02-14,335,7678
NT,2022-02-15,98,7776
NT,2022-02-16,131,7907
NT,2022-02-17,80,7987
NT,2022-02-18,98,8085
NT,2022-02-19,0,8085
NT,2022-02-20,0,8085
NT,2022-02-21,217,8302
NT,2022-02-22,122,8424
NT,2022-02-23,71,8495
NT,2022-02-24,99,8594
NT,2022-02-25,88,8682
NT,2022-02-26,0,8682
NT,2022-02-27,0,8682
NT,2022-02-28,115,8797
NT,2022-03-01,127,8924
NT,2022-03-02,83,9007
NT,2022-03-03,73,9080
NT,2022-03-04,42,9122
NT,2022-03-05,0,9122
NT,2022-03-06,0,9122
NT,2022-03-07,109,9231
NT,2022-03-08,94,9325
NT,2022-03-09,75,9400
NT,2022-03-10,66,9466
NT,2022-03-11,48,9514
NT,2022-03-12,0,9514
NT,2022-03-13,0,9514
NT,2022-03-14,76,9590
NT,2022-03-15,76,9666
NT,2022-03-16,71,9737
NT,2022-03-17,53,9790
NT,2022-03-18,53,9843
NT,2022-03-19,0,9843
NT,2022-03-20,0,9843
NT,2022-03-21,99,9942
NT,2022-03-22,63,10005
NT,2022-03-23,101,10106
NT,2022-03-24,129,10235
NT,2022-03-25,98,10333
NT,2022-03-26,0,10333
NT,2022-03-27,0,10333
NT,2022-03-28,214,10547
NT,2022-03-29,132,10679
NT,2022-03-30,100,10779
NT,2022-03-31,98,10877
NT,2022-04-01,74,10951
NT,2022-04-02,0,10951
NT,2022-04-03,0,10951
NT,2022-04-04,53,11004
NT,2022-04-05,0,11004
NT,2022-04-06,0,11004
NT,2022-04-07,0,11004
NT,2022-04-08,0,11004
NT,2022-04-09,0,11004
NT,2022-04-10,0,11004
NT,2022-04-11,132,11136
NT,2022-04-12,0,11136
NT,2022-04-13,0,11136
NT,2022-04-14,0,11136
NT,2022-04-15,0,11136
NT,2022-04-16,0,11136
NT,2022-04-17,0,11136
NT,2022-04-18,0,11136
NT,2022-04-19,81,11217
NT,2022-04-20,0,11217
NT,2022-04-21,0,11217
NT,2022-04-22,0,11217
NT,2022-04-23,0,11217
NT,2022-04-24,0,11217
NT,2022-04-25,69,11286
NT,2022-04-26,0,11286
NT,2022-04-27,0,11286
NT,2022-04-28,0,11286
NT,2022-04-29,0,11286
NT,2022-04-30,0,11286
NT,2022-05-01,0,11286
NT,2022-05-02,87,11373
NT,2022-05-03,0,11373
NT,2022-05-04,0,11373
NT,2022-05-05,0,11373
NT,2022-05-06,0,11373
NT,2022-05-07,0,11373
NT,2022-05-08,0,11373
NT,2022-05-09,53,11426
NT,2022-05-10,0,11426
NT,2022-05-11,0,11426
NT,2022-05-12,0,11426
NT,2022-05-13,0,11426
NT,2022-05-14,0,11426
NT,2022-05-15,0,11426
NT,2022-05-16,0,11426
NT,2022-05-17,0,11426
NT,2022-05-18,0,11426
NT,2022-05-19,0,11426
NT,2022-05-20,0,11426
NT,2022-05-21,0,11426
NT,2022-05-22,0,11426
NT,2022-05-23,10,11436
NT,2022-05-24,0,11436
NT,2022-05-25,0,11436
NT,2022-05-26,0,11436
NT,2022-05-27,0,11436
NT,2022-05-28,0,11436
NT,2022-05-29,0,11436
NT,2022-05-30,42,11478
NT,2022-05-31,0,11478
NT,2022-06-01,0,11478
NT,2022-06-02,0,11478
NT,2022-06-03,0,11478
NT,2022-06-04,0,11478
NT,2022-06-05,0,11478
NT,2022-06-06,24,11502
NT,2022-06-07,0,11502
NT,2022-06-08,0,11502
NT,2022-06-09,0,11502
NT,2022-06-10,0,11502
NT,2022-06-11,6,11508
NT,2022-06-12,0,11508
NT,2022-06-13,0,11508
NT,2022-06-14,0,11508
NT,2022-06-15,0,11508
NT,2022-06-16,0,11508
NT,2022-06-17,0,11508
NT,2022-06-18,6,11514
NU,2020-01-31,0,0
NU,2020-02-01,0,0
NU,2020-02-02,0,0
NU,2020-02-03,0,0
NU,2020-02-04,0,0
NU,2020-02-05,0,0
NU,2020-02-06,0,0
NU,2020-02-07,0,0
NU,2020-02-08,0,0
NU,2020-02-09,0,0
NU,2020-02-10,0,0
NU,2020-02-11,0,0
NU,2020-02-12,0,0
NU,2020-02-13,0,0
NU,2020-02-14,0,0
NU,2020-02-15,0,0
NU,2020-02-16,0,0
NU,2020-02-17,0,0
NU,2020-02-18,0,0
NU,2020-02-19,0,0
NU,2020-02-20,0,0
NU,2020-02-21,0,0
NU,2020-02-22,0,0
NU,2020-02-23,0,0
NU,2020-02-24,0,0
NU,2020-02-25,0,0
NU,2020-02-26,0,0
NU,2020-02-27,0,0
NU,2020-02-28,0,0
NU,2020-02-29,0,0
NU,2020-03-01,0,0
NU,2020-03-02,0,0
NU,2020-03-03,0,0
NU,2020-03-04,0,0
NU,2020-03-05,0,0
NU,2020-03-06,0,0
NU,2020-03-07,0,0
NU,2020-03-08,0,0
NU,2020-03-09,0,0
NU,2020-03-10,0,0
NU,2020-03-11,0,0
NU,2020-03-12,0,0
NU,2020-03-13,0,0
NU,2020-03-14,0,0
NU,2020-03-15,0,0
NU,2020-03-16,0,0
NU,2020-03-17,0,0
NU,2020-03-18,0,0
NU,2020-03-19,0,0
NU,2020-03-20,0,0
NU,2020-03-21,0,0
NU,2020-03-22,0,0
NU,2020-03-23,0,0
NU,2020-03-24,0,0
NU,2020-03-25,0,0
NU,2020-03-26,0,0
NU,2020-03-27,0,0
NU,2020-03-28,0,0
NU,2020-03-29,0,0
NU,2020-03-30,0,0
NU,2020-03-31,0,0
NU,2020-04-01,0,0
NU,2020-04-02,0,0
NU,2020-04-03,0,0
NU,2020-04-04,0,0
NU,2020-04-05,0,0
NU,2020-04-06,0,0
NU,2020-04-07,0,0
NU,2020-04-08,0,0
NU,2020-04-09,0,0
NU,2020-04-10,0,0
NU,2020-04-11,0,0
NU,2020-04-12,0,0
NU,2020-04-13,0,0
NU,2020-04-14,0,0
NU,2020-04-15,0,0
NU,2020-04-16,0,0
NU,2020-04-17,0,0
NU,2020-04-18,0,0
NU,2020-04-19,0,0
NU,2020-04-20,0,0
NU,2020-04-21,0,0
NU,2020-04-22,0,0
NU,2020-04-23,0,0
NU,2020-04-24,0,0
NU,2020-04-25,0,0
NU,2020-04-26,0,0
NU,2020-04-27,0,0
NU,2020-04-28,0,0
NU,2020-04-29,0,0
NU,2020-04-30,0,0
NU,2020-05-01,0,0
NU,2020-05-02,0,0
NU,2020-05-03,0,0
NU,2020-05-04,0,0
NU,2020-05-05,0,0
NU,2020-05-06,0,0
NU,2020-05-07,0,0
NU,2020-05-08,0,0
NU,2020-05-09,0,0
NU,2020-05-10,0,0
NU,2020-05-11,0,0
NU,2020-05-12,0,0
NU,2020-05-13,0,0
NU,2020-05-14,0,0
NU,2020-05-15,0,0
NU,2020-05-16,0,0
NU,2020-05-17,0,0
NU,2020-05-18,0,0
NU,2020-05-19,0,0
NU,2020-05-20,0,0
NU,2020-05-21,0,0
NU,2020-05-22,0,0
NU,2020-05-23,0,0
NU,2020-05-24,0,0
NU,2020-05-25,0,0
NU,2020-05-26,0,0
NU,2020-05-27,0,0
NU,2020-05-28,0,0
NU,2020-05-29,0,0
NU,2020-05-30,0,0
NU,2020-05-31,0,0
NU,2020-06-01,0,0
NU,2020-06-02,0,0
NU,2020-06-03,0,0
NU,2020-06-04,0,0
NU,2020-06-05,0,0
NU,2020-06-06,0,0
NU,2020-06-07,0,0
NU,2020-06-08,0,0
NU,2020-06-09,0,0
NU,2020-06-10,0,0
NU,2020-06-11,0,0
NU,2020-06-12,0,0
NU,2020-06-13,0,0
NU,2020-06-14,0,0
NU,2020-06-15,0,0
NU,2020-06-16,0,0
NU,2020-06-17,0,0
NU,2020-06-18,0,0
NU,2020-06-19,0,0
NU,2020-06-20,0,0
NU,2020-06-21,0,0
NU,2020-06-22,0,0
NU,2020-06-23,0,0
NU,2020-06-24,0,0
NU,2020-06-25,0,0
NU,2020-06-26,0,0
NU,2020-06-27,0,0
NU,2020-06-28,0,0
NU,2020-06-29,0,0
NU,2020-06-30,0,0
NU,2020-07-01,0,0
NU,2020-07-02,0,0
NU,2020-07-03,0,0
NU,2020-07-04,0,0
NU,2020-07-05,0,0
NU,2020-07-06,0,0
NU,2020-07-07,0,0
NU,2020-07-08,0,0
NU,2020-07-09,0,0
NU,2020-07-10,0,0
NU,2020-07-11,0,0
NU,2020-07-12,0,0
NU,2020-07-13,0,0
NU,2020-07-14,0,0
NU,2020-07-15,0,0
NU,2020-07-16,0,0
NU,2020-07-17,0,0
NU,2020-07-18,0,0
NU,2020-07-19,0,0
NU,2020-07-20,0,0
NU,2020-07-21,0,0
NU,2020-07-22,0,0
NU,2020-07-23,0,0
NU,2020-07-24,0,0
NU,2020-07-25,0,0
NU,2020-07-26,0,0
NU,2020-07-27,0,0
NU,2020-07-28,0,0
NU,2020-07-29,0,0
NU,2020-07-30,0,0
NU,2020-07-31,0,0
NU,2020-08-01,0,0
NU,2020-08-02,0,0
NU,2020-08-03,0,0
NU,2020-08-04,0,0
NU,2020-08-05,0,0
NU,2020-08-06,0,0
NU,2020-08-07,0,0
NU,2020-08-08,0,0
NU,2020-08-09,0,0
NU,2020-08-10,0,0
NU,2020-08-11,0,0
NU,2020-08-12,0,0
NU,2020-08-13,0,0
NU,2020-08-14,0,0
NU,2020-08-15,0,0
NU,2020-08-16,0,0
NU,2020-08-17,0,0
NU,2020-08-18,0,0
NU,2020-08-19,0,0
NU,2020-08-20,0,0
NU,2020-08-21,0,0
NU,2020-08-22,0,0
NU,2020-08-23,0,0
NU,2020-08-24,0,0
NU,2020-08-25,0,0
NU,2020-08-26,0,0
NU,2020-08-27,0,0
NU,2020-08-28,0,0
NU,2020-08-29,0,0
NU,2020-08-30,0,0
NU,2020-08-31,0,0
NU,2020-09-01,0,0
NU,2020-09-02,0,0
NU,2020-09-03,0,0
NU,2020-09-04,0,0
NU,2020-09-05,0,0
NU,2020-09-06,0,0
NU,2020-09-07,0,0
NU,2020-09-08,0,0
NU,2020-09-09,0,0
NU,2020-09-10,0,0
NU,2020-09-11,0,0
NU,2020-09-12,0,0
NU,2020-09-13,0,0
NU,2020-09-14,0,0
NU,2020-09-15,0,0
NU,2020-09-16,0,0
NU,2020-09-17,0,0
NU,2020-09-18,0,0
NU,2020-09-19,0,0
NU,2020-09-20,0,0
NU,2020-09-21,0,0
NU,2020-09-22,0,0
NU,2020-09-23,0,0
NU,2020-09-24,0,0
NU,2020-09-25,0,0
NU,2020-09-26,0,0
NU,2020-09-27,0,0
NU,2020-09-28,0,0
NU,2020-09-29,0,0
NU,2020-09-30,0,0
NU,2020-10-01,0,0
NU,2020-10-02,0,0
NU,2020-10-03,0,0
NU,2020-10-04,0,0
NU,2020-10-05,0,0
NU,2020-10-06,0,0
NU,2020-10-07,0,0
NU,2020-10-08,0,0
NU,2020-10-09,0,0
NU,2020-10-10,0,0
NU,2020-10-11,0,0
NU,2020-10-12,0,0
NU,2020-10-13,0,0
NU,2020-10-14,0,0
NU,2020-10-15,0,0
NU,2020-10-16,0,0
NU,2020-10-17,0,0
NU,2020-10-18,0,0
NU,2020-10-19,0,0
NU,2020-10-20,0,0
NU,2020-10-21,0,0
NU,2020-10-22,0,0
NU,2020-10-23,0,0
NU,2020-10-24,0,0
NU,2020-10-25,0,0
NU,2020-10-26,0,0
NU,2020-10-27,0,0
NU,2020-10-28,0,0
NU,2020-10-29,0,0
NU,2020-10-30,0,0
NU,2020-10-31,0,0
NU,2020-11-01,0,0
NU,2020-11-02,0,0
NU,2020-11-03,0,0
NU,2020-11-04,0,0
NU,2020-11-05,0,0
NU,2020-11-06,1,1
NU,2020-11-07,0,1
NU,2020-11-08,1,2
NU,2020-11-09,0,2
NU,2020-11-10,0,2
NU,2020-11-11,1,3
NU,2020-11-12,0,3
NU,2020-11-13,1,4
NU,2020-11-14,0,4
NU,2020-11-15,14,18
NU,2020-11-16,8,26
NU,2020-11-17,34,60
NU,2020-11-18,10,70
NU,2020-11-19,4,74
NU,2020-11-20,10,84
NU,2020-11-21,25,109
NU,2020-11-22,21,130
NU,2020-11-23,4,134
NU,2020-11-24,10,144
NU,2020-11-25,11,155
NU,2020-11-26,0,155
NU,2020-11-27,4,159
NU,2020-11-28,5,164
NU,2020-11-29,13,177
NU,2020-11-30,4,181
NU,2020-12-01,1,182
NU,2020-12-02,11,193
NU,2020-12-03,5,198
NU,2020-12-04,8,206
NU,2020-12-05,8,214
NU,2020-12-06,2,216
NU,2020-12-07,3,219
NU,2020-12-08,1,220
NU,2020-12-09,9,229
NU,2020-12-10,0,229
NU,2020-12-11,16,245
NU,2020-12-12,2,247
NU,2020-12-13,0,247
NU,2020-12-14,9,256
NU,2020-12-15,2,258
NU,2020-12-16,0,258
NU,2020-12-17,1,259
NU,2020-12-18,0,259
NU,2020-12-19,0,259
NU,2020-12-20,0,259
NU,2020-12-21,3,262
NU,2020-12-22,0,262
NU,2020-12-23,2,264
NU,2020-12-24,1,265
NU,2020-12-25,0,265
NU,2020-12-26,0,265
NU,2020-12-27,0,265
NU,2020-12-28,1,266
NU,2020-12-29,0,266
NU,2020-12-30,0,266
NU,2020-12-31,0,266
NU,2021-01-01,0,266
NU,2021-01-02,0,266
NU,2021-01-03,0,266
NU,2021-01-04,0,266
NU,2021-01-05,0,266
NU,2021-01-06,0,266
NU,2021-01-07,0,266
NU,2021-01-08,0,266
NU,2021-01-09,0,266
NU,2021-01-10,0,266
NU,2021-01-11,0,266
NU,2021-01-12,0,266
NU,2021-01-13,0,266
NU,2021-01-14,0,266
NU,2021-01-15,0,266
NU,2021-01-16,0,266
NU,2021-01-17,0,266
NU,2021-01-18,0,266
NU,2021-01-19,0,266
NU,2021-01-20,0,266
NU,2021-01-21,0,266
NU,2021-01-22,1,267
NU,2021-01-23,0,267
NU,2021-01-24,13,280
NU,2021-01-25,2,282
NU,2021-01-26,0,282
NU,2021-01-27,0,282
NU,2021-01-28,1,283
NU,2021-01-29,0,283
NU,2021-01-30,1,284
NU,2021-01-31,10,294
NU,2021-02-01,0,294
NU,2021-02-02,0,294
NU,2021-02-03,0,294
NU,2021-02-04,2,296
NU,2021-02-05,0,296
NU,2021-02-06,3,299
NU,2021-02-07,0,299
NU,2021-02-08,0,299
NU,2021-02-09,0,299
NU,2021-02-10,1,300
NU,2021-02-11,3,303
NU,2021-02-12,0,303
NU,2021-02-13,5,308
NU,2021-02-14,3,311
NU,2021-02-15,7,318
NU,2021-02-16,5,323
NU,2021-02-17,1,324
NU,2021-02-18,6,330
NU,2021-02-19,2,332
NU,2021-02-20,6,338
NU,2021-02-21,1,339
NU,2021-02-22,12,351
NU,2021-02-23,0,351
NU,2021-02-24,0,351
NU,2021-02-25,4,355
NU,2021-02-26,1,356
NU,2021-02-27,0,356
NU,2021-02-28,1,357
NU,2021-03-01,1,358
NU,2021-03-02,1,359
NU,2021-03-03,0,359
NU,2021-03-04,10,369
NU,2021-03-05,4,373
NU,2021-03-06,4,377
NU,2021-03-07,4,381
NU,2021-03-08,0,381
NU,2021-03-09,0,381
NU,2021-03-10,0,381
NU,2021-03-11,0,381
NU,2021-03-12,0,381
NU,2021-03-13,2,383
NU,2021-03-14,0,383
NU,2021-03-15,0,383
NU,2021-03-16,0,383
NU,2021-03-17,12,395
NU,2021-03-18,0,395
NU,2021-03-19,0,395
NU,2021-03-20,0,395
NU,2021-03-21,0,395
NU,2021-03-22,0,395
NU,2021-03-23,0,395
NU,2021-03-24,0,395
NU,2021-03-25,0,395
NU,2021-03-26,0,395
NU,2021-03-27,0,395
NU,2021-03-28,0,395
NU,2021-03-29,0,395
NU,2021-03-30,0,395
NU,2021-03-31,0,395
NU,2021-04-01,0,395
NU,2021-04-02,0,395
NU,2021-04-03,0,395
NU,2021-04-04,0,395
NU,2021-04-05,0,395
NU,2021-04-06,0,395
NU,2021-04-07,0,395
NU,2021-04-08,0,395
NU,2021-04-09,0,395
NU,2021-04-10,0,395
NU,2021-04-11,0,395
NU,2021-04-12,0,395
NU,2021-04-13,0,395
NU,2021-04-14,0,395
NU,2021-04-15,1,396
NU,2021-04-16,12,408
NU,2021-04-17,6,414
NU,2021-04-18,3,417
NU,2021-04-19,6,423
NU,2021-04-20,5,428
NU,2021-04-21,1,429
NU,2021-04-22,3,432
NU,2021-04-23,9,441
NU,2021-04-24,7,448
NU,2021-04-25,7,455
NU,2021-04-26,9,464
NU,2021-04-27,8,472
NU,2021-04-28,6,478
NU,2021-04-29,12,490
NU,2021-04-30,11,501
NU,2021-05-01,8,509
NU,2021-05-02,11,520
NU,2021-05-03,8,528
NU,2021-05-04,7,535
NU,2021-05-05,5,540
NU,2021-05-06,12,552
NU,2021-05-07,1,553
NU,2021-05-08,7,560
NU,2021-05-09,5,565
NU,2021-05-10,7,572
NU,2021-05-11,14,586
NU,2021-05-12,8,594
NU,2021-05-13,12,606
NU,2021-05-14,12,618
NU,2021-05-15,5,623
NU,2021-05-16,1,624
NU,2021-05-17,0,624
NU,2021-05-18,6,630
NU,2021-05-19,4,634
NU,2021-05-20,2,636
NU,2021-05-21,1,637
NU,2021-05-22,1,638
NU,2021-05-23,0,638
NU,2021-05-24,1,639
NU,2021-05-25,1,640
NU,2021-05-26,7,647
NU,2021-05-27,0,647
NU,2021-05-28,1,648
NU,2021-05-29,0,648
NU,2021-05-30,0,648
NU,2021-05-31,0,648
NU,2021-06-01,0,648
NU,2021-06-02,0,648
NU,2021-06-03,0,648
NU,2021-06-04,1,649
NU,2021-06-05,0,649
NU,2021-06-06,0,649
NU,2021-06-07,0,649
NU,2021-06-08,0,649
NU,2021-06-09,0,649
NU,2021-06-10,1,650
NU,2021-06-11,4,654
NU,2021-06-12,3,657
NU,2021-06-13,0,657
NU,2021-06-14,0,657
NU,2021-06-15,0,657
NU,2021-06-16,0,657
NU,2021-06-17,0,657
NU,2021-06-18,0,657
NU,2021-06-19,0,657
NU,2021-06-20,0,657
NU,2021-06-21,0,657
NU,2021-06-22,0,657
NU,2021-06-23,0,657
NU,2021-06-24,0,657
NU,2021-06-25,0,657
NU,2021-06-26,0,657
NU,2021-06-27,0,657
NU,2021-06-28,0,657
NU,2021-06-29,0,657
NU,2021-06-30,0,657
NU,2021-07-01,0,657
NU,2021-07-02,0,657
NU,2021-07-03,0,657
NU,2021-07-04,0,657
NU,2021-07-05,0,657
NU,2021-07-06,0,657
NU,2021-07-07,0,657
NU,2021-07-08,0,657
NU,2021-07-09,0,657
NU,2021-07-10,0,657
NU,2021-07-11,0,657
NU,2021-07-12,0,657
NU,2021-07-13,0,657
NU,2021-07-14,0,657
NU,2021-07-15,0,657
NU,2021-07-16,0,657
NU,2021-07-17,0,657
NU,2021-07-18,0,657
NU,2021-07-19,0,657
NU,2021-07-20,0,657
NU,2021-07-21,0,657
NU,2021-07-22,0,657
NU,2021-07-23,0,657
NU,2021-07-24,0,657
NU,2021-07-25,0,657
NU,2021-07-26,0,657
NU,2021-07-27,0,657
NU,2021-07-28,0,657
NU,2021-07-29,0,657
NU,2021-07-30,0,657
NU,2021-07-31,0,657
NU,2021-08-01,0,657
NU,2021-08-02,0,657
NU,2021-08-03,0,657
NU,2021-08-04,0,657
NU,2021-08-05,0,657
NU,2021-08-06,0,657
NU,2021-08-07,0,657
NU,2021-08-08,0,657
NU,2021-08-09,0,657
NU,2021-08-10,0,657
NU,2021-08-11,0,657
NU,2021-08-12,0,657
NU,2021-08-13,0,657
NU,2021-08-14,0,657
NU,2021-08-15,0,657
NU,2021-08-16,0,657
NU,2021-08-17,0,657
NU,2021-08-18,0,657
NU,2021-08-19,0,657
NU,2021-08-20,0,657
NU,2021-08-21,0,657
NU,2021-08-22,0,657
NU,2021-08-23,0,657
NU,2021-08-24,0,657
NU,2021-08-25,0,657
NU,2021-08-26,0,657
NU,2021-08-27,0,657
NU,2021-08-28,0,657
NU,2021-08-29,0,657
NU,2021-08-30,0,657
NU,2021-08-31,0,657
NU,2021-09-01,0,657
NU,2021-09-02,0,657
NU,2021-09-03,1,658
NU,2021-09-04,0,658
NU,2021-09-05,0,658
NU,2021-09-06,0,658
NU,2021-09-07,0,658
NU,2021-09-08,0,658
NU,2021-09-09,0,658
NU,2021-09-10,0,658
NU,2021-09-11,0,658
NU,2021-09-12,0,658
NU,2021-09-13,1,659
NU,2021-09-14,0,659
NU,2021-09-15,0,659
NU,2021-09-16,0,659
NU,2021-09-17,0,659
NU,2021-09-18,0,659
NU,2021-09-19,2,661
NU,2021-09-20,0,661
NU,2021-09-21,2,663
NU,2021-09-22,0,663
NU,2021-09-23,0,663
NU,2021-09-24,0,663
NU,2021-09-25,0,663
NU,2021-09-26,0,663
NU,2021-09-27,0,663
NU,2021-09-28,0,663
NU,2021-09-29,1,664
NU,2021-09-30,0,664
NU,2021-10-01,0,664
NU,2021-10-02,0,664
NU,2021-10-03,0,664
NU,2021-10-04,0,664
NU,2021-10-05,0,664
NU,2021-10-06,0,664
NU,2021-10-07,0,664
NU,2021-10-08,2,666
NU,2021-10-09,0,666
NU,2021-10-10,0,666
NU,2021-10-11,5,671
NU,2021-10-12,0,671
NU,2021-10-13,0,671
NU,2021-10-14,0,671
NU,2021-10-15,0,671
NU,2021-10-16,0,671
NU,2021-10-17,3,674
NU,2021-10-18,0,674
NU,2021-10-19,0,674
NU,2021-10-20,0,674
NU,2021-10-21,0,674
NU,2021-10-22,0,674
NU,2021-10-23,0,674
NU,2021-10-24,0,674
NU,2021-10-25,0,674
NU,2021-10-26,0,674
NU,2021-10-27,0,674
NU,2021-10-28,0,674
NU,2021-10-29,0,674
NU,2021-10-30,0,674
NU,2021-10-31,0,674
NU,2021-11-01,0,674
NU,2021-11-02,0,674
NU,2021-11-03,0,674
NU,2021-11-04,0,674
NU,2021-11-05,0,674
NU,2021-11-06,0,674
NU,2021-11-07,0,674
NU,2021-11-08,0,674
NU,2021-11-09,0,674
NU,2021-11-10,0,674
NU,2021-11-11,0,674
NU,2021-11-12,0,674
NU,2021-11-13,0,674
NU,2021-11-14,0,674
NU,2021-11-15,0,674
NU,2021-11-16,0,674
NU,2021-11-17,0,674
NU,2021-11-18,0,674
NU,2021-11-19,0,674
NU,2021-11-20,0,674
NU,2021-11-21,0,674
NU,2021-11-22,0,674
NU,2021-11-23,0,674
NU,2021-11-24,0,674
NU,2021-11-25,0,674
NU,2021-11-26,0,674
NU,2021-11-27,0,674
NU,2021-11-28,0,674
NU,2021-11-29,0,674
NU,2021-11-30,0,674
NU,2021-12-01,0,674
NU,2021-12-02,0,674
NU,2021-12-03,0,674
NU,2021-12-04,1,675
NU,2021-12-05,0,675
NU,2021-12-06,0,675
NU,2021-12-07,0,675
NU,2021-12-08,1,676
NU,2021-12-09,0,676
NU,2021-12-10,0,676
NU,2021-12-11,0,676
NU,2021-12-12,0,676
NU,2021-12-13,0,676
NU,2021-12-14,0,676
NU,2021-12-15,0,676
NU,2021-12-16,0,676
NU,2021-12-17,0,676
NU,2021-12-18,0,676
NU,2021-12-19,0,676
NU,2021-12-20,0,676
NU,2021-12-21,0,676
NU,2021-12-22,0,676
NU,2021-12-23,3,679
NU,2021-12-24,2,681
NU,2021-12-25,0,681
NU,2021-12-26,0,681
NU,2021-12-27,0,681
NU,2021-12-28,29,710
NU,2021-12-29,37,747
NU,2021-12-30,18,765
NU,2021-12-31,38,803
NU,2022-01-01,0,803
NU,2022-01-02,72,875
NU,2022-01-03,16,891
NU,2022-01-04,9,900
NU,2022-01-05,21,921
NU,2022-01-06,21,942
NU,2022-01-07,35,977
NU,2022-01-08,0,977
NU,2022-01-09,0,977
NU,2022-01-10,51,1028
NU,2022-01-11,5,1033
NU,2022-01-12,3,1036
NU,2022-01-13,12,1048
NU,2022-01-14,7,1055
NU,2022-01-15,0,1055
NU,2022-01-16,0,1055
NU,2022-01-17,140,1195
NU,2022-01-18,27,1222
NU,2022-01-19,20,1242
NU,2022-01-20,0,1242
NU,2022-01-21,55,1297
NU,2022-01-22,0,1297
NU,2022-01-23,61,1358
NU,2022-01-24,29,1387
NU,2022-01-25,52,1439
NU,2022-01-26,48,1487
NU,2022-01-27,0,1487
NU,2022-01-28,98,1585
NU,2022-01-29,0,1585
NU,2022-01-30,122,1707
NU,2022-01-31,30,1737
NU,2022-02-01,83,1820
NU,2022-02-02,0,1820
NU,2022-02-03,71,1891
NU,2022-02-04,44,1935
NU,2022-02-05,0,1935
NU,2022-02-06,0,1935
NU,2022-02-07,54,1989
NU,2022-02-08,22,2011
NU,2022-02-09,36,2047
NU,2022-02-10,0,2047
NU,2022-02-11,67,2114
NU,2022-02-12,0,2114
NU,2022-02-13,0,2114
NU,2022-02-14,120,2234
NU,2022-02-15,29,2263
NU,2022-02-16,43,2306
NU,2022-02-17,35,2341
NU,2022-02-18,50,2391
NU,2022-02-19,0,2391
NU,2022-02-20,0,2391
NU,2022-02-21,136,2527
NU,2022-02-22,0,2527
NU,2022-02-23,93,2620
NU,2022-02-24,48,2668
NU,2022-02-25,0,2668
NU,2022-02-26,0,2668
NU,2022-02-27,0,2668
NU,2022-02-28,145,2813
NU,2022-03-01,0,2813
NU,2022-03-02,141,2954
NU,2022-03-03,0,2954
NU,2022-03-04,101,3055
NU,2022-03-05,0,3055
NU,2022-03-06,0,3055
NU,2022-03-07,108,3163
NU,2022-03-08,7,3170
NU,2022-03-09,30,3200
NU,2022-03-10,0,3200
NU,2022-03-11,65,3265
NU,2022-03-12,0,3265
NU,2022-03-13,0,3265
NU,2022-03-14,0,3265
NU,2022-03-15,66,3331
NU,2022-03-16,0,3331
NU,2022-03-17,0,3331
NU,2022-03-18,0,3331
NU,2022-03-19,0,3331
NU,2022-03-20,0,3331
NU,2022-03-21,0,3331
NU,2022-03-22,69,3400
NU,2022-03-23,0,3400
NU,2022-03-24,0,3400
NU,2022-03-25,0,3400
NU,2022-03-26,0,3400
NU,2022-03-27,0,3400
NU,2022-03-28,0,3400
NU,2022-03-29,72,3472
NU,2022-03-30,0,3472
NU,2022-03-31,0,3472
NU,2022-04-01,0,3472
NU,2022-04-02,0,3472
NU,2022-04-03,0,3472
NU,2022-04-04,0,3472
NU,2022-04-05,59,3531
ON,2020-01-15,0,0
ON,2020-01-16,0,0
ON,2020-01-17,0,0
ON,2020-01-18,0,0
ON,2020-01-19,0,0
ON,2020-01-20,0,0
ON,2020-01-21,0,0
ON,2020-01-22,0,0
ON,2020-01-23,2,2
ON,2020-01-24,1,3
ON,2020-01-25,0,3
ON,2020-01-26,0,3
ON,2020-01-27,0,3
ON,2020-01-28,0,3
ON,2020-01-29,0,3
ON,2020-01-30,0,3
ON,2020-01-31,0,3
ON,2020-02-01,0,3
ON,2020-02-02,0,3
ON,2020-02-03,0,3
ON,2020-02-04,0,3
ON,2020-02-05,1,4
ON,2020-02-06,0,4
ON,2020-02-07,0,4
ON,2020-02-08,0,4
ON,2020-02-09,0,4
ON,2020-02-10,0,4
ON,2020-02-11,0,4
ON,2020-02-12,0,4
ON,2020-02-13,0,4
ON,2020-02-14,0,4
ON,2020-02-15,0,4
ON,2020-02-16,0,4
ON,2020-02-17,0,4
ON,2020-02-18,0,4
ON,2020-02-19,0,4
ON,2020-02-20,0,4
ON,2020-02-21,1,5
ON,2020-02-22,0,5
ON,2020-02-23,0,5
ON,2020-02-24,0,5
ON,2020-02-25,1,6
ON,2020-02-26,1,7
ON,2020-02-27,2,9
ON,2020-02-28,5,14
ON,2020-02-29,4,18
ON,2020-03-01,2,20
ON,2020-03-02,0,20
ON,2020-03-03,2,22
ON,2020-03-04,1,23
ON,2020-03-05,4,27
ON,2020-03-06,3,30
ON,2020-03-07,3,33
ON,2020-03-08,5,38
ON,2020-03-09,6,44
ON,2020-03-10,9,53
ON,2020-03-11,23,76
ON,2020-03-12,37,113
ON,2020-03-13,36,149
ON,2020-03-14,32,181
ON,2020-03-15,36,217
ON,2020-03-16,53,270
ON,2020-03-17,59,329
ON,2020-03-18,59,388
ON,2020-03-19,69,457
ON,2020-03-20,99,556
ON,2020-03-21,72,628
ON,2020-03-22,87,715
ON,2020-03-23,145,860
ON,2020-03-24,174,1034
ON,2020-03-25,138,1172
ON,2020-03-26,250,1422
ON,2020-03-27,297,1719
ON,2020-03-28,236,1955
ON,2020-03-29,227,2182
ON,2020-03-30,438,2620
ON,2020-03-31,411,3031
ON,2020-04-01,454,3485
ON,2020-04-02,450,3935
ON,2020-04-03,465,4400
ON,2020-04-04,349,4749
ON,2020-04-05,371,5120
ON,2020-04-06,479,5599
ON,2020-04-07,458,6057
ON,2020-04-08,493,6550
ON,2020-04-09,489,7039
ON,2020-04-10,399,7438
ON,2020-04-11,476,7914
ON,2020-04-12,550,8464
ON,2020-04-13,599,9063
ON,2020-04-14,558,9621
ON,2020-04-15,619,10240
ON,2020-04-16,579,10819
ON,2020-04-17,752,11571
ON,2020-04-18,600,12171
ON,2020-04-19,594,12765
ON,2020-04-20,614,13379
ON,2020-04-21,522,13901
ON,2020-04-22,548,14449
ON,2020-04-23,511,14960
ON,2020-04-24,432,15392
ON,2020-04-25,427,15819
ON,2020-04-26,367,16186
ON,2020-04-27,480,16666
ON,2020-04-28,417,17083
ON,2020-04-29,406,17489
ON,2020-04-30,409,17898
ON,2020-05-01,488,18386
ON,2020-05-02,333,18719
ON,2020-05-03,341,19060
ON,2020-05-04,334,19394
ON,2020-05-05,409,19803
ON,2020-05-06,356,20159
ON,2020-05-07,306,20465
ON,2020-05-08,298,20763
ON,2020-05-09,310,21073
ON,2020-05-10,294,21367
ON,2020-05-11,216,21583
ON,2020-05-12,258,21841
ON,2020-05-13,362,22203
ON,2020-05-14,342,22545
ON,2020-05-15,382,22927
ON,2020-05-16,370,23297
ON,2020-05-17,421,23718
ON,2020-05-18,376,24094
ON,2020-05-19,329,24423
ON,2020-05-20,388,24811
ON,2020-05-21,338,25149
ON,2020-05-22,400,25549
ON,2020-05-23,367,25916
ON,2020-05-24,340,26256
ON,2020-05-25,399,26655
ON,2020-05-26,273,26928
ON,2020-05-27,322,27250
ON,2020-05-28,325,27575
ON,2020-05-29,606,28181
ON,2020-05-30,346,28527
ON,2020-05-31,412,28939
ON,2020-06-01,396,29335
ON,2020-06-02,366,29701
ON,2020-06-03,348,30049
ON,2020-06-04,279,30328
ON,2020-06-05,278,30606
ON,2020-06-06,222,30828
ON,2020-06-07,207,31035
ON,2020-06-08,214,31249
ON,2020-06-09,216,31465
ON,2020-06-10,237,31702
ON,2020-06-11,187,31889
ON,2020-06-12,240,32129
ON,2020-06-13,171,32300
ON,2020-06-14,144,32444
ON,2020-06-15,178,32622
ON,2020-06-16,173,32795
ON,2020-06-17,190,32985
ON,2020-06-18,198,33183
ON,2020-06-19,189,33372
ON,2020-06-20,154,33526
ON,2020-06-21,174,33700
ON,2020-06-22,203,33903
ON,2020-06-23,152,34055
ON,2020-06-24,164,34219
ON,2020-06-25,146,34365
ON,2020-06-26,182,34547
ON,2020-06-27,230,34777
ON,2020-06-28,205,34982
ON,2020-06-29,131,35113
ON,2020-06-30,176,35289
ON,2020-07-01,150,35439
ON,2020-07-02,142,35581
ON,2020-07-03,152,35733
ON,2020-07-04,129,35862
ON,2020-07-05,92,35954
ON,2020-07-06,105,36059
ON,2020-07-07,139,36198
ON,2020-07-08,142,36340
ON,2020-07-09,136,36476
ON,2020-07-10,124,36600
ON,2020-07-11,128,36728
ON,2020-07-12,113,36841
ON,2020-07-13,98,36939
ON,2020-07-14,105,37044
ON,2020-07-15,133,37177
ON,2020-07-16,142,37319
ON,2020-07-17,165,37484
ON,2020-07-18,175,37659
ON,2020-07-19,122,37781
ON,2020-07-20,178,37959
ON,2020-07-21,118,38077
ON,2020-07-22,124,38201
ON,2020-07-23,195,38396
ON,2020-07-24,139,38535
ON,2020-07-25,118,38653
ON,2020-07-26,125,38778
ON,2020-07-27,122,38900
ON,2020-07-28,122,39022
ON,2020-07-29,100,39122
ON,2020-07-30,109,39231
ON,2020-07-31,127,39358
ON,2020-08-01,103,39461
ON,2020-08-02,57,39518
ON,2020-08-03,97,39615
ON,2020-08-04,87,39702
ON,2020-08-05,81,39783
ON,2020-08-06,97,39880
ON,2020-08-07,80,39960
ON,2020-08-08,92,40052
ON,2020-08-09,90,40142
ON,2020-08-10,69,40211
ON,2020-08-11,88,40299
ON,2020-08-12,96,40395
ON,2020-08-13,90,40485
ON,2020-08-14,91,40576
ON,2020-08-15,86,40662
ON,2020-08-16,100,40762
ON,2020-08-17,99,40861
ON,2020-08-18,104,40965
ON,2020-08-19,103,41068
ON,2020-08-20,108,41176
ON,2020-08-21,133,41309
ON,2020-08-22,82,41391
ON,2020-08-23,101,41492
ON,2020-08-24,117,41609
ON,2020-08-25,120,41729
ON,2020-08-26,131,41860
ON,2020-08-27,150,42010
ON,2020-08-28,120,42130
ON,2020-08-29,109,42239
ON,2020-08-30,122,42361
ON,2020-08-31,134,42495
ON,2020-09-01,123,42618
ON,2020-09-02,126,42744
ON,2020-09-03,169,42913
ON,2020-09-04,155,43068
ON,2020-09-05,147,43215
ON,2020-09-06,194,43409
ON,2020-09-07,174,43583
ON,2020-09-08,181,43764
ON,2020-09-09,194,43958
ON,2020-09-10,205,44163
ON,2020-09-11,265,44428
ON,2020-09-12,296,44724
ON,2020-09-13,215,44939
ON,2020-09-14,277,45216
ON,2020-09-15,318,45534
ON,2020-09-16,335,45869
ON,2020-09-17,429,46298
ON,2020-09-18,398,46696
ON,2020-09-19,400,47096
ON,2020-09-20,401,47497
ON,2020-09-21,387,47884
ON,2020-09-22,373,48257
ON,2020-09-23,396,48653
ON,2020-09-24,426,49079
ON,2020-09-25,515,49594
ON,2020-09-26,624,50218
ON,2020-09-27,561,50779
ON,2020-09-28,532,51311
ON,2020-09-29,608,51919
ON,2020-09-30,681,52600
ON,2020-10-01,624,53224
ON,2020-10-02,675,53899
ON,2020-10-03,544,54443
ON,2020-10-04,587,55030
ON,2020-10-05,577,55607
ON,2020-10-06,759,56366
ON,2020-10-07,879,57245
ON,2020-10-08,744,57989
ON,2020-10-09,804,58793
ON,2020-10-10,687,59480
ON,2020-10-11,797,60277
ON,2020-10-12,591,60868
ON,2020-10-13,831,61699
ON,2020-10-14,879,62578
ON,2020-10-15,763,63341
ON,2020-10-16,708,64049
ON,2020-10-17,706,64755
ON,2020-10-18,800,65555
ON,2020-10-19,755,66310
ON,2020-10-20,759,67069
ON,2020-10-21,841,67910
ON,2020-10-22,994,68904
ON,2020-10-23,955,69859
ON,2020-10-24,936,70795
ON,2020-10-25,880,71675
ON,2020-10-26,780,72455
ON,2020-10-27,875,73330
ON,2020-10-28,924,74254
ON,2020-10-29,892,75146
ON,2020-10-30,1091,76237
ON,2020-10-31,948,77185
ON,2020-11-01,1103,78288
ON,2020-11-02,969,79257
ON,2020-11-03,876,80133
ON,2020-11-04,939,81072
ON,2020-11-05,1261,82333
ON,2020-11-06,1299,83632
ON,2020-11-07,1156,84788
ON,2020-11-08,1325,86113
ON,2020-11-09,1427,87540
ON,2020-11-10,1575,89115
ON,2020-11-11,1533,90648
ON,2020-11-12,1600,92248
ON,2020-11-13,1487,93735
ON,2020-11-14,1495,95230
ON,2020-11-15,1305,96535
ON,2020-11-16,1343,97878
ON,2020-11-17,1258,99136
ON,2020-11-18,1490,100626
ON,2020-11-19,1503,102129
ON,2020-11-20,1637,103766
ON,2020-11-21,1501,105267
ON,2020-11-22,1320,106587
ON,2020-11-23,1371,107958
ON,2020-11-24,1410,109368
ON,2020-11-25,1696,111064
ON,2020-11-26,1859,112923
ON,2020-11-27,1762,114685
ON,2020-11-28,1722,116407
ON,2020-11-29,1678,118085
ON,2020-11-30,1630,119715
ON,2020-12-01,1817,121532
ON,2020-12-02,1757,123289
ON,2020-12-03,1824,125113
ON,2020-12-04,1891,127004
ON,2020-12-05,2089,129093
ON,2020-12-06,1732,130825
ON,2020-12-07,1779,132604
ON,2020-12-08,1865,134469
ON,2020-12-09,1908,136377
ON,2020-12-10,1891,138268
ON,2020-12-11,1915,140183
ON,2020-12-12,1974,142157
ON,2020-12-13,1982,144139
ON,2020-12-14,2056,146195
ON,2020-12-15,2250,148445
ON,2020-12-16,2312,150757
ON,2020-12-17,2375,153132
ON,2020-12-18,2415,155547
ON,2020-12-19,2276,157823
ON,2020-12-20,2338,160161
ON,2020-12-21,2162,162323
ON,2020-12-22,2551,164874
ON,2020-12-23,2216,167090
ON,2020-12-24,1922,169012
ON,2020-12-25,2183,171195
ON,2020-12-26,2249,173444
ON,2020-12-27,2140,175584
ON,2020-12-28,2741,178325
ON,2020-12-29,3192,181517
ON,2020-12-30,2807,184324
ON,2020-12-31,3411,187735
ON,2021-01-01,3277,191012
ON,2021-01-02,2888,193900
ON,2021-01-03,3301,197201
ON,2021-01-04,3141,200342
ON,2021-01-05,3324,203666
ON,2021-01-06,3738,207404
ON,2021-01-07,4169,211573
ON,2021-01-08,3823,215396
ON,2021-01-09,3377,218773
ON,2021-01-10,3103,221876
ON,2021-01-11,2841,224717
ON,2021-01-12,3173,227890
ON,2021-01-13,3337,231227
ON,2021-01-14,2997,234224
ON,2021-01-15,3210,237434
ON,2021-01-16,2724,240158
ON,2021-01-17,2085,242243
ON,2021-01-18,2400,244643
ON,2021-01-19,2417,247060
ON,2021-01-20,2761,249821
ON,2021-01-21,2348,252169
ON,2021-01-22,2473,254642
ON,2021-01-23,1929,256571
ON,2021-01-24,1789,258360
ON,2021-01-25,1624,259984
ON,2021-01-26,1899,261883
ON,2021-01-27,1964,263847
ON,2021-01-28,1959,265806
ON,2021-01-29,1880,267686
ON,2021-01-30,1659,269345
ON,2021-01-31,1453,270798
ON,2021-02-01,1259,272057
ON,2021-02-02,1445,273502
ON,2021-02-03,1494,274996
ON,2021-02-04,1382,276378
ON,2021-02-05,1503,277881
ON,2021-02-06,1244,279125
ON,2021-02-07,1105,280230
ON,2021-02-08,964,281194
ON,2021-02-09,1131,282325
ON,2021-02-10,1298,283623
ON,2021-02-11,1219,284842
ON,2021-02-12,1186,286028
ON,2021-02-13,997,287025
ON,2021-02-14,933,287958
ON,2021-02-15,861,288819
ON,2021-02-16,1000,289819
ON,2021-02-17,1100,290919
ON,2021-02-18,1198,292117
ON,2021-02-19,1221,293338
ON,2021-02-20,1149,294487
ON,2021-02-21,989,295476
ON,2021-02-22,905,296381
ON,2021-02-23,1126,297507
ON,2021-02-24,1189,298696
ON,2021-02-25,1242,299938
ON,2021-02-26,1113,301051
ON,2021-02-27,1117,302168
ON,2021-02-28,1001,303169
ON,2021-03-01,918,304087
ON,2021-03-02,1118,305205
ON,2021-03-03,1128,306333
ON,2021-03-04,1236,307569
ON,2021-03-05,1255,308824
ON,2021-03-06,1281,310105
ON,2021-03-07,1255,311360
ON,2021-03-08,1183,312543
ON,2021-03-09,1237,313780
ON,2021-03-10,1353,315133
ON,2021-03-11,1466,316599
ON,2021-03-12,1601,318200
ON,2021-03-13,1400,319600
ON,2021-03-14,1237,320837
ON,2021-03-15,1204,322041
ON,2021-03-16,1543,323584
ON,2021-03-17,1709,325293
ON,2021-03-18,1772,327065
ON,2021-03-19,1816,328881
ON,2021-03-20,1753,330634
ON,2021-03-21,1597,332231
ON,2021-03-22,1755,333986
ON,2021-03-23,1836,335822
ON,2021-03-24,2183,338005
ON,2021-03-25,2237,340242
ON,2021-03-26,2570,342812
ON,2021-03-27,2217,345029
ON,2021-03-28,2241,347270
ON,2021-03-29,2211,349481
ON,2021-03-30,2503,351984
ON,2021-03-31,2870,354854
ON,2021-04-01,2981,357835
ON,2021-04-02,3082,360917
ON,2021-04-03,3054,363971
ON,2021-04-04,2920,366891
ON,2021-04-05,2926,369817
ON,2021-04-06,3404,373221
ON,2021-04-07,3762,376983
ON,2021-04-08,3909,380892
ON,2021-04-09,3937,384829
ON,2021-04-10,4720,389549
ON,2021-04-11,3984,393533
ON,2021-04-12,4023,397556
ON,2021-04-13,4278,401834
ON,2021-04-14,5067,406901
ON,2021-04-15,4830,411731
ON,2021-04-16,3897,415628
ON,2021-04-17,4803,420431
ON,2021-04-18,4281,424712
ON,2021-04-19,3681,428393
ON,2021-04-20,3983,432376
ON,2021-04-21,4010,436386
ON,2021-04-22,4510,440896
ON,2021-04-23,4061,444957
ON,2021-04-24,3820,448777
ON,2021-04-25,3649,452426
ON,2021-04-26,3135,455561
ON,2021-04-27,3510,459071
ON,2021-04-28,4019,463090
ON,2021-04-29,3821,466911
ON,2021-04-30,3378,470289
ON,2021-05-01,3697,473986
ON,2021-05-02,2952,476938
ON,2021-05-03,2602,479540
ON,2021-05-04,2895,482435
ON,2021-05-05,3277,485712
ON,2021-05-06,3365,489077
ON,2021-05-07,2960,492037
ON,2021-05-08,2702,494739
ON,2021-05-09,2286,497025
ON,2021-05-10,2078,499103
ON,2021-05-11,2565,501668
ON,2021-05-12,2593,504261
ON,2021-05-13,2348,506609
ON,2021-05-14,2450,509059
ON,2021-05-15,2209,511268
ON,2021-05-16,1690,512958
ON,2021-05-17,1612,514570
ON,2021-05-18,1930,516500
ON,2021-05-19,2132,518632
ON,2021-05-20,1815,520447
ON,2021-05-21,1869,522316
ON,2021-05-22,1598,523914
ON,2021-05-23,1212,525126
ON,2021-05-24,1017,526143
ON,2021-05-25,987,527130
ON,2021-05-26,1211,528341
ON,2021-05-27,1224,529565
ON,2021-05-28,1058,530623
ON,2021-05-29,1056,531679
ON,2021-05-30,706,532385
ON,2021-05-31,665,533050
ON,2021-06-01,809,533859
ON,2021-06-02,860,534719
ON,2021-06-03,854,535573
ON,2021-06-04,710,536283
ON,2021-06-05,608,536891
ON,2021-06-06,489,537380
ON,2021-06-07,419,537799
ON,2021-06-08,513,538312
ON,2021-06-09,597,538909
ON,2021-06-10,511,539420
ON,2021-06-11,521,539941
ON,2021-06-12,434,540375
ON,2021-06-13,350,540725
ON,2021-06-14,353,541078
ON,2021-06-15,374,541452
ON,2021-06-16,370,541822
ON,2021-06-17,352,542174
ON,2021-06-18,330,542504
ON,2021-06-19,290,542794
ON,2021-06-20,261,543055
ON,2021-06-21,201,543256
ON,2021-06-22,277,543533
ON,2021-06-23,295,543828
ON,2021-06-24,297,544125
ON,2021-06-25,304,544429
ON,2021-06-26,247,544676
ON,2021-06-27,209,544885
ON,2021-06-28,183,545068
ON,2021-06-29,243,545311
ON,2021-06-30,234,545545
ON,2021-07-01,189,545734
ON,2021-07-02,197,545931
ON,2021-07-03,216,546147
ON,2021-07-04,158,546305
ON,2021-07-05,130,546435
ON,2021-07-06,228,546663
ON,2021-07-07,224,546887
ON,2021-07-08,162,547049
ON,2021-07-09,171,547220
ON,2021-07-10,153,547373
ON,2021-07-11,124,547497
ON,2021-07-12,111,547608
ON,2021-07-13,157,547765
ON,2021-07-14,140,547905
ON,2021-07-15,178,548083
ON,2021-07-16,179,548262
ON,2021-07-17,155,548417
ON,2021-07-18,121,548538
ON,2021-07-19,131,548669
ON,2021-07-20,167,548836
ON,2021-07-21,179,549015
ON,2021-07-22,192,549207
ON,2021-07-23,167,549374
ON,2021-07-24,145,549519
ON,2021-07-25,133,549652
ON,2021-07-26,127,549779
ON,2021-07-27,171,549950
ON,2021-07-28,234,550184
ON,2021-07-29,250,550434
ON,2021-07-30,235,550669
ON,2021-07-31,197,550866
ON,2021-08-01,151,551017
ON,2021-08-02,137,551154
ON,2021-08-03,208,551362
ON,2021-08-04,274,551636
ON,2021-08-05,345,551981
ON,2021-08-06,445,552426
ON,2021-08-07,342,552768
ON,2021-08-08,337,553105
ON,2021-08-09,335,553440
ON,2021-08-10,385,553825
ON,2021-08-11,534,554359
ON,2021-08-12,529,554888
ON,2021-08-13,543,555431
ON,2021-08-14,507,555938
ON,2021-08-15,452,556390
ON,2021-08-16,433,556823
ON,2021-08-17,511,557334
ON,2021-08-18,650,557984
ON,2021-08-19,703,558687
ON,2021-08-20,710,559397
ON,2021-08-21,682,560079
ON,2021-08-22,493,560572
ON,2021-08-23,504,561076
ON,2021-08-24,631,561707
ON,2021-08-25,804,562511
ON,2021-08-26,873,563384
ON,2021-08-27,759,564143
ON,2021-08-28,700,564843
ON,2021-08-29,583,565426
ON,2021-08-30,606,566032
ON,2021-08-31,794,566826
ON,2021-09-01,809,567635
ON,2021-09-02,871,568506
ON,2021-09-03,865,569371
ON,2021-09-04,650,570021
ON,2021-09-05,615,570636
ON,2021-09-06,519,571155
ON,2021-09-07,672,571827
ON,2021-09-08,854,572681
ON,2021-09-09,840,573521
ON,2021-09-10,844,574365
ON,2021-09-11,712,575077
ON,2021-09-12,583,575660
ON,2021-09-13,512,576172
ON,2021-09-14,827,576999
ON,2021-09-15,765,577764
ON,2021-09-16,828,578592
ON,2021-09-17,760,579352
ON,2021-09-18,636,579988
ON,2021-09-19,540,580528
ON,2021-09-20,597,581125
ON,2021-09-21,610,581735
ON,2021-09-22,727,582462
ON,2021-09-23,658,583120
ON,2021-09-24,656,583776
ON,2021-09-25,609,584385
ON,2021-09-26,440,584825
ON,2021-09-27,484,585309
ON,2021-09-28,591,585900
ON,2021-09-29,647,586547
ON,2021-09-30,645,587192
ON,2021-10-01,604,587796
ON,2021-10-02,537,588333
ON,2021-10-03,516,588849
ON,2021-10-04,405,589254
ON,2021-10-05,626,589880
ON,2021-10-06,568,590448
ON,2021-10-07,660,591108
ON,2021-10-08,573,591681
ON,2021-10-09,493,592174
ON,2021-10-10,354,592528
ON,2021-10-11,350,592878
ON,2021-10-12,368,593246
ON,2021-10-13,372,593618
ON,2021-10-14,598,594216
ON,2021-10-15,490,594706
ON,2021-10-16,370,595076
ON,2021-10-17,367,595443
ON,2021-10-18,300,595743
ON,2021-10-19,370,596113
ON,2021-10-20,451,596564
ON,2021-10-21,414,596978
ON,2021-10-22,410,597388
ON,2021-10-23,311,597699
ON,2021-10-24,241,597940
ON,2021-10-25,296,598236
ON,2021-10-26,330,598566
ON,2021-10-27,465,599031
ON,2021-10-28,415,599446
ON,2021-10-29,348,599794
ON,2021-10-30,410,600204
ON,2021-10-31,336,600540
ON,2021-11-01,334,600874
ON,2021-11-02,428,601302
ON,2021-11-03,528,601830
ON,2021-11-04,527,602357
ON,2021-11-05,602,602959
ON,2021-11-06,535,603494
ON,2021-11-07,479,603973
ON,2021-11-08,397,604370
ON,2021-11-09,573,604943
ON,2021-11-10,594,605537
ON,2021-11-11,696,606233
ON,2021-11-12,648,606881
ON,2021-11-13,595,607476
ON,2021-11-14,500,607976
ON,2021-11-15,495,608471
ON,2021-11-16,664,609135
ON,2021-11-17,703,609838
ON,2021-11-18,815,610653
ON,2021-11-19,665,611318
ON,2021-11-20,734,612052
ON,2021-11-21,594,612646
ON,2021-11-22,557,613203
ON,2021-11-23,753,613956
ON,2021-11-24,749,614705
ON,2021-11-25,989,615694
ON,2021-11-26,909,616603
ON,2021-11-27,884,617487
ON,2021-11-28,719,618206
ON,2021-11-29,679,618885
ON,2021-11-30,941,619826
ON,2021-12-01,1047,620873
ON,2021-12-02,1096,621969
ON,2021-12-03,1145,623114
ON,2021-12-04,975,624089
ON,2021-12-05,820,624909
ON,2021-12-06,999,625908
ON,2021-12-07,1164,627072
ON,2021-12-08,1357,628429
ON,2021-12-09,1558,629987
ON,2021-12-10,1530,631517
ON,2021-12-11,1583,633100
ON,2021-12-12,1442,634542
ON,2021-12-13,1505,636047
ON,2021-12-14,2173,638220
ON,2021-12-15,3077,641297
ON,2021-12-16,3118,644415
ON,2021-12-17,3913,648328
ON,2021-12-18,3886,652214
ON,2021-12-19,3736,655950
ON,2021-12-20,4337,660287
ON,2021-12-21,5479,665766
ON,2021-12-22,8205,673971
ON,2021-12-23,11113,685084
ON,2021-12-24,10990,696074
ON,2021-12-25,9300,705374
ON,2021-12-26,9545,714919
ON,2021-12-27,9958,724877
ON,2021-12-28,12881,737758
ON,2021-12-29,17318,755076
ON,2021-12-30,17565,772641
ON,2021-12-31,19509,792150
ON,2022-01-01,15531,807681
ON,2022-01-02,12781,820462
ON,2022-01-03,11910,832372
ON,2022-01-04,13306,845678
ON,2022-01-05,13589,859267
ON,2022-01-06,14137,873404
ON,2022-01-07,13483,886887
ON,2022-01-08,12185,899072
ON,2022-01-09,9152,908224
ON,2022-01-10,10176,918400
ON,2022-01-11,10529,928929
ON,2022-01-12,11920,940849
ON,2022-01-13,10721,951570
ON,2022-01-14,11341,962911
ON,2022-01-15,9806,972717
ON,2022-01-16,7337,980054
ON,2022-01-17,6506,986560
ON,2022-01-18,6953,993513
ON,2022-01-19,6971,1000484
ON,2022-01-20,7557,1008041
ON,2022-01-21,5665,1013706
ON,2022-01-22,5826,1019532
ON,2022-01-23,3452,1022984
ON,2022-01-24,4653,1027637
ON,2022-01-25,5471,1033108
ON,2022-01-26,5866,1038974
ON,2022-01-27,5010,1043984
ON,2022-01-28,4331,1048315
ON,2022-01-29,3325,1051640
ON,2022-01-30,2589,1054229
ON,2022-01-31,3025,1057254
ON,2022-02-01,3941,1061195
ON,2022-02-02,4048,1065243
ON,2022-02-03,3344,1068587
ON,2022-02-04,3136,1071723
ON,2022-02-05,2199,1073922
ON,2022-02-06,1896,1075818
ON,2022-02-07,2647,1078465
ON,2022-02-08,3224,1081689
ON,2022-02-09,2777,1084466
ON,2022-02-10,2777,1087243
ON,2022-02-11,2627,1089870
ON,2022-02-12,1804,1091674
ON,2022-02-13,1295,1092969
ON,2022-02-14,1974,1094943
ON,2022-02-15,2334,1097277
ON,2022-02-16,2197,1099474
ON,2022-02-17,2352,1101826
ON,2022-02-18,1848,1103674
ON,2022-02-19,1515,1105189
ON,2022-02-20,1175,1106364
ON,2022-02-21,1266,1107630
ON,2022-02-22,1812,1109442
ON,2022-02-23,2304,1111746
ON,2022-02-24,2258,1114004
ON,2022-02-25,1962,1115966
ON,2022-02-26,1581,1117547
ON,2022-02-27,1132,1118679
ON,2022-02-28,1391,1120070
ON,2022-03-01,2074,1122144
ON,2022-03-02,1949,1124093
ON,2022-03-03,1808,1125901
ON,2022-03-04,1676,1127577
ON,2022-03-05,1330,1128907
ON,2022-03-06,979,1129886
ON,2022-03-07,1463,1131349
ON,2022-03-08,2123,1133472
ON,2022-03-09,1544,1135016
ON,2022-03-10,2184,1137200
ON,2022-03-11,1702,1138902
ON,2022-03-12,1366,1140268
ON,2022-03-13,968,1141236
ON,2022-03-14,1396,1142632
ON,2022-03-15,1994,1144626
ON,2022-03-16,1941,1146567
ON,2022-03-17,2000,1148567
ON,2022-03-18,1731,1150298
ON,2022-03-19,1296,1151594
ON,2022-03-20,1290,1152884
ON,2022-03-21,1501,1154385
ON,2022-03-22,2473,1156858
ON,2022-03-23,2382,1159240
ON,2022-03-24,2572,1161812
ON,2022-03-25,2438,1164250
ON,2022-03-26,1705,1165955
ON,2022-03-27,1658,1167613
ON,2022-03-28,1929,1169542
ON,2022-03-29,2687,1172229
ON,2022-03-30,3171,1175400
ON,2022-03-31,2966,1178366
ON,2022-04-01,3105,1181471
ON,2022-04-02,2550,1184021
ON,2022-04-03,1905,1185926
ON,2022-04-04,2595,1188521
ON,2022-04-05,3871,1192392
ON,2022-04-06,3674,1196066
ON,2022-04-07,3713,1199779
ON,2022-04-08,3722,1203501
ON,2022-04-09,3079,1206580
ON,2022-04-10,2063,1208643
ON,2022-04-11,2799,1211442
ON,2022-04-12,4229,1215671
ON,2022-04-13,4267,1219938
ON,2022-04-14,4145,1224083
ON,2022-04-15,3503,1227586
ON,2022-04-16,2100,1229686
ON,2022-04-17,2208,1231894
ON,2022-04-18,1133,1233027
ON,2022-04-19,3460,1236487
ON,2022-04-20,4678,1241165
ON,2022-04-21,3692,1244857
ON,2022-04-22,4132,1248989
ON,2022-04-23,2645,1251634
ON,2022-04-24,1741,1253375
ON,2022-04-25,2059,1255434
ON,2022-04-26,3615,1259049
ON,2022-04-27,2758,1261807
ON,2022-04-28,2761,1264568
ON,2022-04-29,2442,1267010
ON,2022-04-30,1790,1268800
ON,2022-05-01,1359,1270159
ON,2022-05-02,1908,1272067
ON,2022-05-03,2701,1274768
ON,2022-05-04,2219,1276987
ON,2022-05-05,2336,1279323
ON,2022-05-06,2027,1281350
ON,2022-05-07,1559,1282909
ON,2022-05-08,1018,1283927
ON,2022-05-09,1553,1285480
ON,2022-05-10,2067,1287547
ON,2022-05-11,2032,1289579
ON,2022-05-12,1810,1291389
ON,2022-05-13,1598,1292987
ON,2022-05-14,1253,1294240
ON,2022-05-15,963,1295203
ON,2022-05-16,1237,1296440
ON,2022-05-17,1644,1298084
ON,2022-05-18,1395,1299479
ON,2022-05-19,1350,1300829
ON,2022-05-20,1103,1301932
ON,2022-05-21,830,1302762
ON,2022-05-22,626,1303388
ON,2022-05-23,629,1304017
ON,2022-05-24,984,1305001
ON,2022-05-25,1085,1306086
ON,2022-05-26,1078,1307164
ON,2022-05-27,932,1308096
ON,2022-05-28,722,1308818
ON,2022-05-29,479,1309297
ON,2022-05-30,778,1310075
ON,2022-05-31,1048,1311123
ON,2022-06-01,812,1311935
ON,2022-06-02,827,1312762
ON,2022-06-03,848,1313610
ON,2022-06-04,551,1314161
ON,2022-06-05,463,1314624
ON,2022-06-06,756,1315380
ON,2022-06-07,956,1316336
ON,2022-06-08,837,1317173
ON,2022-06-09,803,1317976
ON,2022-06-10,735,1318711
ON,2022-06-11,510,1319221
ON,2022-06-12,401,1319622
ON,2022-06-13,582,1320204
ON,2022-06-14,746,1320950
ON,2022-06-15,820,1321770
ON,2022-06-16,750,1322520
ON,2022-06-17,610,1323130
ON,2022-06-18,478,1323608
ON,2022-06-19,442,1324050
ON,2022-06-20,628,1324678
ON,2022-06-21,879,1325557
ON,2022-06-22,945,1326502
ON,2022-06-23,924,1327426
ON,2022-06-24,927,1328353
ON,2022-06-25,687,1329040
ON,2022-06-26,515,1329555
ON,2022-06-27,924,1330479
ON,2022-06-28,1241,1331720
ON,2022-06-29,1030,1332750
ON,2022-06-30,1307,1334057
ON,2022-07-01,876,1334933
ON,2022-07-02,749,1335682
ON,2022-07-03,816,1336498
ON,2022-07-04,1179,1337677
ON,2022-07-05,1418,1339095
ON,2022-07-06,1629,1340724
ON,2022-07-07,1538,1342262
ON,2022-07-08,1218,1343480
ON,2022-07-09,1028,1344508
ON,2022-07-10,888,1345396
ON,2022-07-11,1501,1346897
ON,2022-07-12,2107,1349004
ON,2022-07-13,1933,1350937
ON,2022-07-14,1806,1352743
ON,2022-07-15,1789,1354532
ON,2022-07-16,1513,1356045
ON,2022-07-17,1085,1357130
ON,2022-07-18,1529,1358659
ON,2022-07-19,2214,1360873
ON,2022-07-20,2219,1363092
ON,2022-07-21,2095,1365187
ON,2022-07-22,1756,1366943
ON,2022-07-23,1361,1368304
ON,2022-07-24,1104,1369408
ON,2022-07-25,1552,1370960
ON,2022-07-26,2072,1373032
ON,2022-07-27,1750,1374782
ON,2022-07-28,1864,1376646
ON,2022-07-29,1540,1378186
ON,2022-07-30,1355,1379541
ON,2022-07-31,1016,1380557
ON,2022-08-01,973,1381530
ON,2022-08-02,1368,1382898
ON,2022-08-03,2042,1384940
ON,2022-08-04,1930,1386870
ON,2022-08-05,1733,1388603
ON,2022-08-06,1480,1390083
ON,2022-08-07,880,1390963
ON,2022-08-08,1193,1392156
ON,2022-08-09,1909,1394065
ON,2022-08-10,1685,1395750
ON,2022-08-11,1666,1397416
ON,2022-08-12,1499,1398915
ON,2022-08-13,1135,1400050
ON,2022-08-14,941,1400991
ON,2022-08-15,1222,1402213
ON,2022-08-16,1619,1403832
ON,2022-08-17,1693,1405525
ON,2022-08-18,1574,1407099
ON,2022-08-19,1505,1408604
ON,2022-08-20,1128,1409732
ON,2022-08-21,916,1410648
ON,2022-08-22,1263,1411911
ON,2022-08-23,1671,1413582
ON,2022-08-24,1534,1415116
ON,2022-08-25,1292,1416408
ON,2022-08-26,1381,1417789
ON,2022-08-27,1122,1418911
ON,2022-08-28,812,1419723
ON,2022-08-29,1039,1420762
ON,2022-08-30,1564,1422326
ON,2022-08-31,1375,1423701
ON,2022-09-01,1346,1425047
ON,2022-09-02,1188,1426235
ON,2022-09-03,927,1427162
ON,2022-09-04,648,1427810
ON,2022-09-05,741,1428551
ON,2022-09-06,1133,1429684
ON,2022-09-07,1304,1430988
ON,2022-09-08,1302,1432290
ON,2022-09-09,1089,1433379
ON,2022-09-10,856,1434235
ON,2022-09-11,666,1434901
ON,2022-09-12,1136,1436037
ON,2022-09-13,1402,1437439
ON,2022-09-14,1263,1438702
ON,2022-09-15,1300,1440002
ON,2022-09-16,1120,1441122
ON,2022-09-17,872,1441994
ON,2022-09-18,761,1442755
ON,2022-09-19,877,1443632
ON,2022-09-20,1345,1444977
ON,2022-09-21,1682,1446659
ON,2022-09-22,1340,1447999
ON,2022-09-23,1210,1449209
ON,2022-09-24,1006,1450215
ON,2022-09-25,764,1450979
ON,2022-09-26,1047,1452026
ON,2022-09-27,1502,1453528
ON,2022-09-28,1423,1454951
ON,2022-09-29,1430,1456381
ON,2022-09-30,1269,1457650
ON,2022-10-01,921,1458571
ON,2022-10-02,645,1459216
ON,2022-10-03,1080,1460296
ON,2022-10-04,1627,1461923
ON,2022-10-05,1591,1463514
ON,2022-10-06,1387,1464901
ON,2022-10-07,1448,1466349
ON,2022-10-08,1284,1467633
ON,2022-10-09,837,1468470
ON,2022-10-10,835,1469305
ON,2022-10-11,1317,1470622
ON,2022-10-12,2100,1472722
ON,2022-10-13,1817,1474539
ON,2022-10-14,1521,1476060
ON,2022-10-15,1047,1477107
ON,2022-10-16,855,1477962
ON,2022-10-17,905,1478867
ON,2022-10-18,1294,1480161
ON,2022-10-19,1727,1481888
ON,2022-10-20,2105,1483993
ON,2022-10-21,1864,1485857
ON,2022-10-22,1147,1487004
ON,2022-10-23,816,1487820
ON,2022-10-24,1461,1489281
ON,2022-10-25,1920,1491201
ON,2022-10-26,1607,1492808
ON,2022-10-27,1658,1494466
ON,2022-10-28,1499,1495965
ON,2022-10-29,942,1496907
ON,2022-10-30,822,1497729
ON,2022-10-31,1034,1498763
ON,2022-11-01,1528,1500291
ON,2022-11-02,1363,1501654
ON,2022-11-03,1272,1502926
ON,2022-11-04,1240,1504166
ON,2022-11-05,846,1505012
ON,2022-11-06,742,1505754
ON,2022-11-07,843,1506597
ON,2022-11-08,1192,1507789
ON,2022-11-09,934,1508723
ON,2022-11-10,895,1509618
ON,2022-11-11,795,1510413
ON,2022-11-12,595,1511008
ON,2022-11-13,494,1511502
ON,2022-11-14,692,1512194
ON,2022-11-15,931,1513125
ON,2022-11-16,912,1514037
ON,2022-11-17,911,1514948
ON,2022-11-18,727,1515675
ON,2022-11-19,562,1516237
ON,2022-11-20,375,1516612
ON,2022-11-21,620,1517232
ON,2022-11-22,863,1518095
ON,2022-11-23,764,1518859
ON,2022-11-24,764,1519623
ON,2022-11-25,726,1520349
ON,2022-11-26,491,1520840
ON,2022-11-27,408,1521248
ON,2022-11-28,652,1521900
ON,2022-11-29,803,1522703
ON,2022-11-30,901,1523604
ON,2022-12-01,820,1524424
ON,2022-12-02,729,1525153
ON,2022-12-03,590,1525743
ON,2022-12-04,424,1526167
ON,2022-12-05,696,1526863
ON,2022-12-06,920,1527783
ON,2022-12-07,916,1528699
ON,2022-12-08,848,1529547
ON,2022-12-09,774,1530321
ON,2022-12-10,662,1530983
ON,2022-12-11,538,1531521
ON,2022-12-12,699,1532220
ON,2022-12-13,1076,1533296
ON,2022-12-14,1100,1534396
ON,2022-12-15,984,1535380
ON,2022-12-16,755,1536135
ON,2022-12-17,842,1536977
ON,2022-12-18,665,1537642
ON,2022-12-19,855,1538497
ON,2022-12-20,1122,1539619
ON,2022-12-21,1189,1540808
ON,2022-12-22,1166,1541974
ON,2022-12-23,926,1542900
ON,2022-12-24,564,1543464
ON,2022-12-25,442,1543906
ON,2022-12-26,507,1544413
ON,2022-12-27,768,1545181
ON,2022-12-28,1262,1546443
ON,2022-12-29,1312,1547755
ON,2022-12-30,1329,1549084
ON,2022-12-31,1006,1550090
PE,2020-01-31,0,0
PE,2020-02-01,0,0
PE,2020-02-02,0,0
PE,2020-02-03,0,0
PE,2020-02-04,0,0
PE,2020-02-05,0,0
PE,2020-02-06,0,0
PE,2020-02-07,0,0
PE,2020-02-08,0,0
PE,2020-02-09,0,0
PE,2020-02-10,0,0
PE,2020-02-11,0,0
PE,2020-02-12,0,0
PE,2020-02-13,0,0
PE,2020-02-14,0,0
PE,2020-02-15,0,0
PE,2020-02-16,0,0
PE,2020-02-17,0,0
PE,2020-02-18,0,0
PE,2020-02-19,0,0
PE,2020-02-20,0,0
PE,2020-02-21,0,0
PE,2020-02-22,0,0
PE,2020-02-23,0,0
PE,2020-02-24,0,0
PE,2020-02-25,0,0
PE,2020-02-26,0,0
PE,2020-02-27,0,0
PE,2020-02-28,0,0
PE,2020-02-29,0,0
PE,2020-03-01,0,0
PE,2020-03-02,0,0
PE,2020-03-03,0,0
PE,2020-03-04,0,0
PE,2020-03-05,0,0
PE,2020-03-06,0,0
PE,2020-03-07,0,0
PE,2020-03-08,0,0
PE,2020-03-09,0,0
PE,2020-03-10,0,0
PE,2020-03-11,0,0
PE,2020-03-12,0,0
PE,2020-03-13,0,0
PE,2020-03-14,0,0
PE,2020-03-15,1,1
PE,2020-03-16,0,1
PE,2020-03-17,0,1
PE,2020-03-18,0,1
PE,2020-03-19,1,2
PE,2020-03-20,0,2
PE,2020-03-21,0,2
PE,2020-03-22,1,3
PE,2020-03-23,0,3
PE,2020-03-24,0,3
PE,2020-03-25,2,5
PE,2020-03-26,4,9
PE,2020-03-27,2,11
PE,2020-03-28,0,11
PE,2020-03-29,0,11
PE,2020-03-30,7,18
PE,2020-03-31,3,21
PE,2020-04-01,0,21
PE,2020-04-02,1,22
PE,2020-04-03,0,22
PE,2020-04-04,0,22
PE,2020-04-05,0,22
PE,2020-04-06,0,22
PE,2020-04-07,0,22
PE,2020-04-08,2,24
PE,2020-04-09,1,25
PE,2020-04-10,0,25
PE,2020-04-11,0,25
PE,2020-04-12,0,25
PE,2020-04-13,0,25
PE,2020-04-14,0,25
PE,2020-04-15,1,26
PE,2020-04-16,0,26
PE,2020-04-17,0,26
PE,2020-04-18,0,26
PE,2020-04-19,0,26
PE,2020-04-20,0,26
PE,2020-04-21,0,26
PE,2020-04-22,0,26
PE,2020-04-23,0,26
PE,2020-04-24,0,26
PE,2020-04-25,0,26
PE,2020-04-26,0,26
PE,2020-04-27,0,26
PE,2020-04-28,1,27
PE,2020-04-29,0,27
PE,2020-04-30,0,27
PE,2020-05-01,0,27
PE,2020-05-02,0,27
PE,2020-05-03,0,27
PE,2020-05-04,0,27
PE,2020-05-05,0,27
PE,2020-05-06,0,27
PE,2020-05-07,0,27
PE,2020-05-08,0,27
PE,2020-05-09,0,27
PE,2020-05-10,0,27
PE,2020-05-11,0,27
PE,2020-05-12,0,27
PE,2020-05-13,0,27
PE,2020-05-14,0,27
PE,2020-05-15,0,27
PE,2020-05-16,0,27
PE,2020-05-17,0,27
PE,2020-05-18,0,27
PE,2020-05-19,0,27
PE,2020-05-20,0,27
PE,2020-05-21,0,27
PE,2020-05-22,0,27
PE,2020-05-23,0,27
PE,2020-05-24,0,27
PE,2020-05-25,0,27
PE,2020-05-26,0,27
PE,2020-05-27,0,27
PE,2020-05-28,0,27
PE,2020-05-29,0,27
PE,2020-05-30,0,27
PE,2020-05-31,0,27
PE,2020-06-01,0,27
PE,2020-06-02,0,27
PE,2020-06-03,0,27
PE,2020-06-04,0,27
PE,2020-06-05,0,27
PE,2020-06-06,0,27
PE,2020-06-07,0,27
PE,2020-06-08,0,27
PE,2020-06-09,0,27
PE,2020-06-10,0,27
PE,2020-06-11,0,27
PE,2020-06-12,0,27
PE,2020-06-13,0,27
PE,2020-06-14,0,27
PE,2020-06-15,0,27
PE,2020-06-16,0,27
PE,2020-06-17,0,27
PE,2020-06-18,0,27
PE,2020-06-19,0,27
PE,2020-06-20,0,27
PE,2020-06-21,0,27
PE,2020-06-22,0,27
PE,2020-06-23,0,27
PE,2020-06-24,0,27
PE,2020-06-25,0,27
PE,2020-06-26,0,27
PE,2020-06-27,0,27
PE,2020-06-28,0,27
PE,2020-06-29,0,27
PE,2020-06-30,0,27
PE,2020-07-01,0,27
PE,2020-07-02,0,27
PE,2020-07-03,0,27
PE,2020-07-04,3,30
PE,2020-07-05,2,32
PE,2020-07-06,0,32
PE,2020-07-07,0,32
PE,2020-07-08,0,32
PE,2020-07-09,1,33
PE,2020-07-10,0,33
PE,2020-07-11,0,33
PE,2020-07-12,1,34
PE,2020-07-13,1,35
PE,2020-07-14,1,36
PE,2020-07-15,0,36
PE,2020-07-16,0,36
PE,2020-07-17,0,36
PE,2020-07-18,0,36
PE,2020-07-19,0,36
PE,2020-07-20,0,36
PE,2020-07-21,0,36
PE,2020-07-22,0,36
PE,2020-07-23,0,36
PE,2020-07-24,0,36
PE,2020-07-25,0,36
PE,2020-07-26,0,36
PE,2020-07-27,0,36
PE,2020-07-28,0,36
PE,2020-07-29,0,36
PE,2020-07-30,0,36
PE,2020-07-31,0,36
PE,2020-08-01,0,36
PE,2020-08-02,0,36
PE,2020-08-03,0,36
PE,2020-08-04,0,36
PE,2020-08-05,0,36
PE,2020-08-06,0,36
PE,2020-08-07,0,36
PE,2020-08-08,0,36
PE,2020-08-09,0,36
PE,2020-08-10,0,36
PE,2020-08-11,0,36
PE,2020-08-12,5,41
PE,2020-08-13,0,41
PE,2020-08-14,0,41
PE,2020-08-15,0,41
PE,2020-08-16,0,41
PE,2020-08-17,0,41
PE,2020-08-18,3,44
PE,2020-08-19,0,44
PE,2020-08-20,0,44
PE,2020-08-21,0,44
PE,2020-08-22,0,44
PE,2020-08-23,0,44
PE,2020-08-24,0,44
PE,2020-08-25,0,44
PE,2020-08-26,0,44
PE,2020-08-27,0,44
PE,2020-08-28,0,44
PE,2020-08-29,0,44
PE,2020-08-30,0,44
PE,2020-08-31,0,44
PE,2020-09-01,0,44
PE,2020-09-02,0,44
PE,2020-09-03,2,46
PE,2020-09-04,1,47
PE,2020-09-05,0,47
PE,2020-09-06,0,47
PE,2020-09-07,4,51
PE,2020-09-08,2,53
PE,2020-09-09,2,55
PE,2020-09-10,0,55
PE,2020-09-11,0,55
PE,2020-09-12,0,55
PE,2020-09-13,0,55
PE,2020-09-14,0,55
PE,2020-09-15,2,57
PE,2020-09-16,0,57
PE,2020-09-17,0,57
PE,2020-09-18,0,57
PE,2020-09-19,0,57
PE,2020-09-20,0,57
PE,2020-09-21,0,57
PE,2020-09-22,0,57
PE,2020-09-23,1,58
PE,2020-09-24,0,58
PE,2020-09-25,0,58
PE,2020-09-26,0,58
PE,2020-09-27,0,58
PE,2020-09-28,0,58
PE,2020-09-29,1,59
PE,2020-09-30,0,59
PE,2020-10-01,0,59
PE,2020-10-02,0,59
PE,2020-10-03,0,59
PE,2020-10-04,2,61
PE,2020-10-05,0,61
PE,2020-10-06,0,61
PE,2020-10-07,0,61
PE,2020-10-08,0,61
PE,2020-10-09,0,61
PE,2020-10-10,0,61
PE,2020-10-11,2,63
PE,2020-10-12,0,63
PE,2020-10-13,0,63
PE,2020-10-14,0,63
PE,2020-10-15,0,63
PE,2020-10-16,0,63
PE,2020-10-17,0,63
PE,2020-10-18,0,63
PE,2020-10-19,0,63
PE,2020-10-20,1,64
PE,2020-10-21,0,64
PE,2020-10-22,0,64
PE,2020-10-23,0,64
PE,2020-10-24,0,64
PE,2020-10-25,0,64
PE,2020-10-26,0,64
PE,2020-10-27,0,64
PE,2020-10-28,0,64
PE,2020-10-29,0,64
PE,2020-10-30,0,64
PE,2020-10-31,0,64
PE,2020-11-01,0,64
PE,2020-11-02,0,64
PE,2020-11-03,0,64
PE,2020-11-04,0,64
PE,2020-11-05,0,64
PE,2020-11-06,2,66
PE,2020-11-07,0,66
PE,2020-11-08,0,66
PE,2020-11-09,0,66
PE,2020-11-10,1,67
PE,2020-11-11,1,68
PE,2020-11-12,0,68
PE,2020-11-13,0,68
PE,2020-11-14,0,68
PE,2020-11-15,0,68
PE,2020-11-16,0,68
PE,2020-11-17,0,68
PE,2020-11-18,0,68
PE,2020-11-19,0,68
PE,2020-11-20,0,68
PE,2020-11-21,0,68
PE,2020-11-22,0,68
PE,2020-11-23,1,69
PE,2020-11-24,0,69
PE,2020-11-25,1,70
PE,2020-11-26,0,70
PE,2020-11-27,0,70
PE,2020-11-28,2,72
PE,2020-11-29,0,72
PE,2020-11-30,0,72
PE,2020-12-01,0,72
PE,2020-12-02,0,72
PE,2020-12-03,1,73
PE,2020-12-04,0,73
PE,2020-12-05,3,76
PE,2020-12-06,4,80
PE,2020-12-07,4,84
PE,2020-12-08,0,84
PE,2020-12-09,0,84
PE,2020-12-10,0,84
PE,2020-12-11,0,84
PE,2020-12-12,5,89
PE,2020-12-13,0,89
PE,2020-12-14,0,89
PE,2020-12-15,0,89
PE,2020-12-16,0,89
PE,2020-12-17,1,90
PE,2020-12-18,0,90
PE,2020-12-19,1,91
PE,2020-12-20,0,91
PE,2020-12-21,0,91
PE,2020-12-22,0,91
PE,2020-12-23,0,91
PE,2020-12-24,3,94
PE,2020-12-25,0,94
PE,2020-12-26,0,94
PE,2020-12-27,0,94
PE,2020-12-28,0,94
PE,2020-12-29,2,96
PE,2020-12-30,0,96
PE,2020-12-31,0,96
PE,2021-01-01,0,96
PE,2021-01-02,0,96
PE,2021-01-03,0,96
PE,2021-01-04,0,96
PE,2021-01-05,1,97
PE,2021-01-06,4,101
PE,2021-01-07,1,102
PE,2021-01-08,0,102
PE,2021-01-09,0,102
PE,2021-01-10,0,102
PE,2021-01-11,0,102
PE,2021-01-12,1,103
PE,2021-01-13,0,103
PE,2021-01-14,1,104
PE,2021-01-15,0,104
PE,2021-01-16,0,104
PE,2021-01-17,0,104
PE,2021-01-18,4,108
PE,2021-01-19,2,110
PE,2021-01-20,0,110
PE,2021-01-21,0,110
PE,2021-01-22,0,110
PE,2021-01-23,0,110
PE,2021-01-24,0,110
PE,2021-01-25,0,110
PE,2021-01-26,0,110
PE,2021-01-27,0,110
PE,2021-01-28,1,111
PE,2021-01-29,0,111
PE,2021-01-30,0,111
PE,2021-01-31,0,111
PE,2021-02-01,2,113
PE,2021-02-02,0,113
PE,2021-02-03,0,113
PE,2021-02-04,0,113
PE,2021-02-05,0,113
PE,2021-02-06,0,113
PE,2021-02-07,0,113
PE,2021-02-08,0,113
PE,2021-02-09,1,114
PE,2021-02-10,0,114
PE,2021-02-11,0,114
PE,2021-02-12,0,114
PE,2021-02-13,0,114
PE,2021-02-14,0,114
PE,2021-02-15,0,114
PE,2021-02-16,0,114
PE,2021-02-17,0,114
PE,2021-02-18,1,115
PE,2021-02-19,0,115
PE,2021-02-20,0,115
PE,2021-02-21,0,115
PE,2021-02-22,0,115
PE,2021-02-23,0,115
PE,2021-02-24,2,117
PE,2021-02-25,3,120
PE,2021-02-26,1,121
PE,2021-02-27,6,127
PE,2021-02-28,5,132
PE,2021-03-01,0,132
PE,2021-03-02,4,136
PE,2021-03-03,1,137
PE,2021-03-04,1,138
PE,2021-03-05,1,139
PE,2021-03-06,0,139
PE,2021-03-07,2,141
PE,2021-03-08,2,143
PE,2021-03-09,0,143
PE,2021-03-10,0,143
PE,2021-03-11,0,143
PE,2021-03-12,0,143
PE,2021-03-13,0,143
PE,2021-03-14,0,143
PE,2021-03-15,0,143
PE,2021-03-16,1,144
PE,2021-03-17,0,144
PE,2021-03-18,0,144
PE,2021-03-19,4,148
PE,2021-03-20,0,148
PE,2021-03-21,0,148
PE,2021-03-22,2,150
PE,2021-03-23,2,152
PE,2021-03-24,0,152
PE,2021-03-25,1,153
PE,2021-03-26,3,156
PE,2021-03-27,0,156
PE,2021-03-28,0,156
PE,2021-03-29,0,156
PE,2021-03-30,3,159
PE,2021-03-31,0,159
PE,2021-04-01,1,160
PE,2021-04-02,0,160
PE,2021-04-03,0,160
PE,2021-04-04,0,160
PE,2021-04-05,0,160
PE,2021-04-06,0,160
PE,2021-04-07,0,160
PE,2021-04-08,1,161
PE,2021-04-09,1,162
PE,2021-04-10,0,162
PE,2021-04-11,0,162
PE,2021-04-12,3,165
PE,2021-04-13,0,165
PE,2021-04-14,0,165
PE,2021-04-15,2,167
PE,2021-04-16,0,167
PE,2021-04-17,0,167
PE,2021-04-18,3,170
PE,2021-04-19,3,173
PE,2021-04-20,1,174
PE,2021-04-21,0,174
PE,2021-04-22,1,175
PE,2021-04-23,0,175
PE,2021-04-24,0,175
PE,2021-04-25,0,175
PE,2021-04-26,2,177
PE,2021-04-27,0,177
PE,2021-04-28,2,179
PE,2021-04-29,0,179
PE,2021-04-30,2,181
PE,2021-05-01,0,181
PE,2021-05-02,1,182
PE,2021-05-03,0,182
PE,2021-05-04,1,183
PE,2021-05-05,0,183
PE,2021-05-06,2,185
PE,2021-05-07,1,186
PE,2021-05-08,0,186
PE,2021-05-09,0,186
PE,2021-05-10,1,187
PE,2021-05-11,0,187
PE,2021-05-12,0,187
PE,2021-05-13,1,188
PE,2021-05-14,2,190
PE,2021-05-15,1,191
PE,2021-05-16,0,191
PE,2021-05-17,1,192
PE,2021-05-18,2,194
PE,2021-05-19,5,199
PE,2021-05-20,0,199
PE,2021-05-21,1,200
PE,2021-05-22,0,200
PE,2021-05-23,0,200
PE,2021-05-24,0,200
PE,2021-05-25,0,200
PE,2021-05-26,0,200
PE,2021-05-27,0,200
PE,2021-05-28,2,202
PE,2021-05-29,0,202
PE,2021-05-30,0,202
PE,2021-05-31,2,204
PE,2021-06-01,0,204
PE,2021-06-02,0,204
PE,2021-06-03,2,206
PE,2021-06-04,0,206
PE,2021-06-05,0,206
PE,2021-06-06,0,206
PE,2021-06-07,0,206
PE,2021-06-08,0,206
PE,2021-06-09,0,206
PE,2021-06-10,0,206
PE,2021-06-11,0,206
PE,2021-06-12,0,206
PE,2021-06-13,0,206
PE,2021-06-14,0,206
PE,2021-06-15,0,206
PE,2021-06-16,0,206
PE,2021-06-17,0,206
PE,2021-06-18,0,206
PE,2021-06-19,0,206
PE,2021-06-20,0,206
PE,2021-06-21,0,206
PE,2021-06-22,0,206
PE,2021-06-23,0,206
PE,2021-06-24,0,206
PE,2021-06-25,0,206
PE,2021-06-26,0,206
PE,2021-06-27,0,206
PE,2021-06-28,0,206
PE,2021-06-29,1,207
PE,2021-06-30,0,207
PE,2021-07-01,0,207
PE,2021-07-02,0,207
PE,2021-07-03,0,207
PE,2021-07-04,0,207
PE,2021-07-05,0,207
PE,2021-07-06,1,208
PE,2021-07-07,0,208
PE,2021-07-08,0,208
PE,2021-07-09,0,208
PE,2021-07-10,0,208
PE,2021-07-11,0,208
PE,2021-07-12,0,208
PE,2021-07-13,0,208
PE,2021-07-14,0,208
PE,2021-07-15,0,208
PE,2021-07-16,0,208
PE,2021-07-17,0,208
PE,2021-07-18,0,208
PE,2021-07-19,0,208
PE,2021-07-20,0,208
PE,2021-07-21,0,208
PE,2021-07-22,0,208
PE,2021-07-23,0,208
PE,2021-07-24,0,208
PE,2021-07-25,0,208
PE,2021-07-26,0,208
PE,2021-07-27,0,208
PE,2021-07-28,0,208
PE,2021-07-29,0,208
PE,2021-07-30,0,208
PE,2021-07-31,0,208
PE,2021-08-01,0,208
PE,2021-08-02,0,208
PE,2021-08-03,0,208
PE,2021-08-04,3,211
PE,2021-08-05,1,212
PE,2021-08-06,0,212
PE,2021-08-07,0,212
PE,2021-08-08,0,212
PE,2021-08-09,0,212
PE,2021-08-10,2,214
PE,2021-08-11,2,216
PE,2021-08-12,0,216
PE,2021-08-13,2,218
PE,2021-08-14,0,218
PE,2021-08-15,0,218
PE,2021-08-16,2,220
PE,2021-08-17,1,221
PE,2021-08-18,0,221
PE,2021-08-19,0,221
PE,2021-08-20,0,221
PE,2021-08-21,3,224
PE,2021-08-22,0,224
PE,2021-08-23,0,224
PE,2021-08-24,1,225
PE,2021-08-25,0,225
PE,2021-08-26,0,225
PE,2021-08-27,5,230
PE,2021-08-28,0,230
PE,2021-08-29,0,230
PE,2021-08-30,0,230
PE,2021-08-31,3,233
PE,2021-09-01,0,233
PE,2021-09-02,0,233
PE,2021-09-03,0,233
PE,2021-09-04,0,233
PE,2021-09-05,0,233
PE,2021-09-06,0,233
PE,2021-09-07,2,235
PE,2021-09-08,1,236
PE,2021-09-09,0,236
PE,2021-09-10,4,240
PE,2021-09-11,1,241
PE,2021-09-12,6,247
PE,2021-09-13,5,252
PE,2021-09-14,3,255
PE,2021-09-15,5,260
PE,2021-09-16,10,270
PE,2021-09-17,8,278
PE,2021-09-18,3,281
PE,2021-09-19,3,284
PE,2021-09-20,0,284
PE,2021-09-21,3,287
PE,2021-09-22,0,287
PE,2021-09-23,0,287
PE,2021-09-24,6,293
PE,2021-09-25,1,294
PE,2021-09-26,1,295
PE,2021-09-27,0,295
PE,2021-09-28,1,296
PE,2021-09-29,0,296
PE,2021-09-30,3,299
PE,2021-10-01,3,302
PE,2021-10-02,0,302
PE,2021-10-03,0,302
PE,2021-10-04,0,302
PE,2021-10-05,1,303
PE,2021-10-06,0,303
PE,2021-10-07,3,306
PE,2021-10-08,0,306
PE,2021-10-09,0,306
PE,2021-10-10,0,306
PE,2021-10-11,0,306
PE,2021-10-12,3,309
PE,2021-10-13,0,309
PE,2021-10-14,0,309
PE,2021-10-15,3,312
PE,2021-10-16,0,312
PE,2021-10-17,0,312
PE,2021-10-18,0,312
PE,2021-10-19,3,315
PE,2021-10-20,0,315
PE,2021-10-21,0,315
PE,2021-10-22,0,315
PE,2021-10-23,0,315
PE,2021-10-24,0,315
PE,2021-10-25,0,315
PE,2021-10-26,0,315
PE,2021-10-27,2,317
PE,2021-10-28,0,317
PE,2021-10-29,0,317
PE,2021-10-30,0,317
PE,2021-10-31,0,317
PE,2021-11-01,2,319
PE,2021-11-02,0,319
PE,2021-11-03,1,320
PE,2021-11-04,0,320
PE,2021-11-05,0,320
PE,2021-11-06,0,320
PE,2021-11-07,4,324
PE,2021-11-08,0,324
PE,2021-11-09,0,324
PE,2021-11-10,0,324
PE,2021-11-11,0,324
PE,2021-11-12,3,327
PE,2021-11-13,0,327
PE,2021-11-14,0,327
PE,2021-11-15,1,328
PE,2021-11-16,0,328
PE,2021-11-17,7,335
PE,2021-11-18,1,336
PE,2021-11-19,3,339
PE,2021-11-20,4,343
PE,2021-11-21,2,345
PE,2021-11-22,4,349
PE,2021-11-23,7,356
PE,2021-11-24,7,363
PE,2021-11-25,2,365
PE,2021-11-26,2,367
PE,2021-11-27,0,367
PE,2021-11-28,5,372
PE,2021-11-29,0,372
PE,2021-11-30,1,373
PE,2021-12-01,7,380
PE,2021-12-02,1,381
PE,2021-12-03,1,382
PE,2021-12-04,5,387
PE,2021-12-05,2,389
PE,2021-12-06,3,392
PE,2021-12-07,5,397
PE,2021-12-08,6,403
PE,2021-12-09,3,406
PE,2021-12-10,7,413
PE,2021-12-11,0,413
PE,2021-12-12,7,420
PE,2021-12-13,0,420
PE,2021-12-14,3,423
PE,2021-12-15,11,434
PE,2021-12-16,10,444
PE,2021-12-17,31,475
PE,2021-12-18,13,488
PE,2021-12-19,0,488
PE,2021-12-20,16,504
PE,2021-12-21,25,529
PE,2021-12-22,31,560
PE,2021-12-23,28,588
PE,2021-12-24,33,621
PE,2021-12-25,50,671
PE,2021-12-26,5,676
PE,2021-12-27,99,775
PE,2021-12-28,118,893
PE,2021-12-29,129,1022
PE,2021-12-30,169,1191
PE,2021-12-31,175,1366
PE,2022-01-01,0,1366
PE,2022-01-02,137,1503
PE,2022-01-03,161,1664
PE,2022-01-04,198,1862
PE,2022-01-05,222,2084
PE,2022-01-06,204,2288
PE,2022-01-07,175,2463
PE,2022-01-08,110,2573
PE,2022-01-09,0,2573
PE,2022-01-10,320,2893
PE,2022-01-11,304,3197
PE,2022-01-12,230,3427
PE,2022-01-13,209,3636
PE,2022-01-14,225,3861
PE,2022-01-15,309,4170
PE,2022-01-16,0,4170
PE,2022-01-17,231,4401
PE,2022-01-18,407,4808
PE,2022-01-19,304,5112
PE,2022-01-20,249,5361
PE,2022-01-21,267,5628
PE,2022-01-22,288,5916
PE,2022-01-23,209,6125
PE,2022-01-24,157,6282
PE,2022-01-25,275,6557
PE,2022-01-26,255,6812
PE,2022-01-27,247,7059
PE,2022-01-28,215,7274
PE,2022-01-29,271,7545
PE,2022-01-30,0,7545
PE,2022-01-31,234,7779
PE,2022-02-01,362,8141
PE,2022-02-02,238,8379
PE,2022-02-03,186,8565
PE,2022-02-04,199,8764
PE,2022-02-05,0,8764
PE,2022-02-06,154,8918
PE,2022-02-07,186,9104
PE,2022-02-08,264,9368
PE,2022-02-09,187,9555
PE,2022-02-10,210,9765
PE,2022-02-11,204,9969
PE,2022-02-12,227,10196
PE,2022-02-13,203,10399
PE,2022-02-14,101,10500
PE,2022-02-15,158,10658
PE,2022-02-16,289,10947
PE,2022-02-17,310,11257
PE,2022-02-18,235,11492
PE,2022-02-19,204,11696
PE,2022-02-20,211,11907
PE,2022-02-21,196,12103
PE,2022-02-22,0,12103
PE,2022-02-23,554,12657
PE,2022-02-24,412,13069
PE,2022-02-25,303,13372
PE,2022-02-26,0,13372
PE,2022-02-27,0,13372
PE,2022-02-28,933,14305
PE,2022-03-01,0,14305
PE,2022-03-02,962,15267
PE,2022-03-03,0,15267
PE,2022-03-04,1029,16296
PE,2022-03-05,0,16296
PE,2022-03-06,0,16296
PE,2022-03-07,1327,17623
PE,2022-03-08,705,18328
PE,2022-03-09,577,18905
PE,2022-03-10,0,18905
PE,2022-03-11,798,19703
PE,2022-03-12,0,19703
PE,2022-03-13,0,19703
PE,2022-03-14,857,20560
PE,2022-03-15,0,20560
PE,2022-03-16,747,21307
PE,2022-03-17,0,21307
PE,2022-03-18,0,21307
PE,2022-03-19,0,21307
PE,2022-03-20,0,21307
PE,2022-03-21,0,21307
PE,2022-03-22,2038,23345
PE,2022-03-23,0,23345
PE,2022-03-24,0,23345
PE,2022-03-25,0,23345
PE,2022-03-26,0,23345
PE,2022-03-27,0,23345
PE,2022-03-28,0,23345
PE,2022-03-29,2454,25799
PE,2022-03-30,0,25799
PE,2022-03-31,0,25799
PE,2022-04-01,0,25799
PE,2022-04-02,0,25799
PE,2022-04-03,0,25799
PE,2022-04-04,0,25799
PE,2022-04-05,2576,28375
PE,2022-04-06,0,28375
PE,2022-04-07,0,28375
PE,2022-04-08,0,28375
PE,2022-04-09,0,28375
PE,2022-04-10,0,28375
PE,2022-04-11,0,28375
PE,2022-04-12,2229,30604
PE,2022-04-13,0,30604
PE,2022-04-14,0,30604
PE,2022-04-15,0,30604
PE,2022-04-16,0,30604
PE,2022-04-17,0,30604
PE,2022-04-18,0,30604
PE,2022-04-19,1928,32532
PE,2022-04-20,0,32532
PE,2022-04-21,0,32532
PE,2022-04-22,0,32532
PE,2022-04-23,0,32532
PE,2022-04-24,0,32532
PE,2022-04-25,0,32532
PE,2022-04-26,1738,34270
PE,2022-04-27,0,34270
PE,2022-04-28,0,34270
PE,2022-04-29,0,34270
PE,2022-04-30,0,34270
PE,2022-05-01,0,34270
PE,2022-05-02,0,34270
PE,2022-05-03,1163,35433
PE,2022-05-04,0,35433
PE,2022-05-05,0,35433
PE,2022-05-06,0,35433
PE,2022-05-07,0,35433
PE,2022-05-08,0,35433
PE,2022-05-09,0,35433
PE,2022-05-10,899,36332
PE,2022-05-11,0,36332
PE,2022-05-12,0,36332
PE,2022-05-13,0,36332
PE,2022-05-14,0,36332
PE,2022-05-15,0,36332
PE,2022-05-16,0,36332
PE,2022-05-17,792,37124
PE,2022-05-18,0,37124
PE,2022-05-19,0,37124
PE,2022-05-20,0,37124
PE,2022-05-21,0,37124
PE,2022-05-22,0,37124
PE,2022-05-23,0,37124
PE,2022-05-24,454,37578
PE,2022-05-25,0,37578
PE,2022-05-26,0,37578
PE,2022-05-27,0,37578
PE,2022-05-28,0,37578
PE,2022-05-29,0,37578
PE,2022-05-30,0,37578
PE,2022-05-31,476,38054
PE,2022-06-01,0,38054
PE,2022-06-02,0,38054
PE,2022-06-03,0,38054
PE,2022-06-04,0,38054
PE,2022-06-05,0,38054
PE,2022-06-06,0,38054
PE,2022-06-07,632,38686
PE,2022-06-08,0,38686
PE,2022-06-09,0,38686
PE,2022-06-10,0,38686
PE,2022-06-11,395,39081
PE,2022-06-12,0,39081
PE,2022-06-13,0,39081
PE,2022-06-14,0,39081
PE,2022-06-15,0,39081
PE,2022-06-16,0,39081
PE,2022-06-17,0,39081
PE,2022-06-18,651,39732
PE,2022-06-19,0,39732
PE,2022-06-20,0,39732
PE,2022-06-21,0,39732
PE,2022-06-22,0,39732
PE,2022-06-23,0,39732
PE,2022-06-24,0,39732
PE,2022-06-25,728,40460
PE,2022-06-26,0,40460
PE,2022-06-27,0,40460
PE,2022-06-28,0,40460
PE,2022-06-29,0,40460
PE,2022-06-30,0,40460
PE,2022-07-01,0,40460
PE,2022-07-02,957,41417
PE,2022-07-03,0,41417
PE,2022-07-04,0,41417
PE,2022-07-05,0,41417
PE,2022-07-06,0,41417
PE,2022-07-07,0,41417
PE,2022-07-08,0,41417
PE,2022-07-09,1185,42602
PE,2022-07-10,0,42602
PE,2022-07-11,0,42602
PE,2022-07-12,0,42602
PE,2022-07-13,0,42602
PE,2022-07-14,0,42602
PE,2022-07-15,0,42602
PE,2022-07-16,1519,44121
PE,2022-07-17,0,44121
PE,2022-07-18,0,44121
PE,2022-07-19,0,44121
PE,2022-07-20,0,44121
PE,2022-07-21,0,44121
PE,2022-07-22,0,44121
PE,2022-07-23,1524,45645
PE,2022-07-24,0,45645
PE,2022-07-25,0,45645
PE,2022-07-26,0,45645
PE,2022-07-27,0,45645
PE,2022-07-28,0,45645
PE,2022-07-29,0,45645
PE,2022-07-30,1173,46818
PE,2022-07-31,0,46818
PE,2022-08-01,0,46818
PE,2022-08-02,0,46818
PE,2022-08-03,0,46818
PE,2022-08-04,0,46818
PE,2022-08-05,0,46818
PE,2022-08-06,876,47694
PE,2022-08-07,0,47694
PE,2022-08-08,0,47694
PE,2022-08-09,0,47694
PE,2022-08-10,0,47694
PE,2022-08-11,0,47694
PE,2022-08-12,0,47694
PE,2022-08-13,659,48353
PE,2022-08-14,0,48353
PE,2022-08-15,0,48353
PE,2022-08-16,0,48353
PE,2022-08-17,0,48353
PE,2022-08-18,0,48353
PE,2022-08-19,0,48353
PE,2022-08-20,710,49063
PE,2022-08-21,0,49063
PE,2022-08-22,0,49063
PE,2022-08-23,0,49063
PE,2022-08-24,0,49063
PE,2022-08-25,0,49063
PE,2022-08-26,0,49063
PE,2022-08-27,771,49834
PE,2022-08-28,0,49834
PE,2022-08-29,0,49834
PE,2022-08-30,0,49834
PE,2022-08-31,0,49834
PE,2022-09-01,0,49834
PE,2022-09-02,0,49834
PE,2022-09-03,570,50404
PE,2022-09-04,0,50404
PE,2022-09-05,0,50404
PE,2022-09-06,0,50404
PE,2022-09-07,0,50404
PE,2022-09-08,0,50404
PE,2022-09-09,0,50404
PE,2022-09-10,451,50855
PE,2022-09-11,0,50855
PE,2022-09-12,0,50855
PE,2022-09-13,0,50855
PE,2022-09-14,0,50855
PE,2022-09-15,0,50855
PE,2022-09-16,0,50855
PE,2022-09-17,401,51256
PE,2022-09-18,0,51256
PE,2022-09-19,0,51256
PE,2022-09-20,0,51256
PE,2022-09-21,0,51256
PE,2022-09-22,0,51256
PE,2022-09-23,0,51256
PE,2022-09-24,348,51604
PE,2022-09-25,0,51604
PE,2022-09-26,0,51604
PE,2022-09-27,0,51604
PE,2022-09-28,0,51604
PE,2022-09-29,0,51604
PE,2022-09-30,0,51604
PE,2022-10-01,315,51919
PE,2022-10-02,0,51919
PE,2022-10-03,0,51919
PE,2022-10-04,0,51919
PE,2022-10-05,0,51919
PE,2022-10-06,0,51919
PE,2022-10-07,0,51919
PE,2022-10-08,310,52229
PE,2022-10-09,0,52229
PE,2022-10-10,0,52229
PE,2022-10-11,0,52229
PE,2022-10-12,0,52229
PE,2022-10-13,0,52229
PE,2022-10-14,0,52229
PE,2022-10-15,454,52683
PE,2022-10-16,0,52683
PE,2022-10-17,0,52683
PE,2022-10-18,0,52683
PE,2022-10-19,0,52683
PE,2022-10-20,0,52683
PE,2022-10-21,0,52683
PE,2022-10-22,516,53199
PE,2022-10-23,0,53199
PE,2022-10-24,0,53199
PE,2022-10-25,0,53199
PE,2022-10-26,0,53199
PE,2022-10-27,0,53199
PE,2022-10-28,0,53199
PE,2022-10-29,362,53561
PE,2022-10-30,0,53561
PE,2022-10-31,0,53561
PE,2022-11-01,0,53561
PE,2022-11-02,0,53561
PE,2022-11-03,0,53561
PE,2022-11-04,0,53561
PE,2022-11-05,236,53797
PE,2022-11-06,0,53797
PE,2022-11-07,0,53797
PE,2022-11-08,0,53797
PE,2022-11-09,0,53797
PE,2022-11-10,0,53797
PE,2022-11-11,0,53797
PE,2022-11-12,180,53977
PE,2022-11-13,0,53977
PE,2022-11-14,0,53977
PE,2022-11-15,0,53977
PE,2022-11-16,0,53977
PE,2022-11-17,0,53977
PE,2022-11-18,0,53977
PE,2022-11-19,280,54257
PE,2022-11-20,0,54257
PE,2022-11-21,0,54257
PE,2022-11-22,0,54257
PE,2022-11-23,0,54257
PE,2022-11-24,0,54257
PE,2022-11-25,0,54257
PE,2022-11-26,302,54559
PE,2022-11-27,0,54559
PE,2022-11-28,0,54559
PE,2022-11-29,0,54559
PE,2022-11-30,0,54559
PE,2022-12-01,0,54559
PE,2022-12-02,0,54559
PE,2022-12-03,311,54870
PE,2022-12-04,0,54870
PE,2022-12-05,0,54870
PE,2022-12-06,0,54870
PE,2022-12-07,0,54870
PE,2022-12-08,0,54870
PE,2022-12-09,0,54870
PE,2022-12-10,241,55111
PE,2022-12-11,0,55111
PE,2022-12-12,0,55111
PE,2022-12-13,0,55111
PE,2022-12-14,0,55111
PE,2022-12-15,0,55111
PE,2022-12-16,0,55111
PE,2022-12-17,208,55319
PE,2022-12-18,0,55319
PE,2022-12-19,0,55319
PE,2022-12-20,0,55319
PE,2022-12-21,0,55319
PE,2022-12-22,0,55319
PE,2022-12-23,0,55319
PE,2022-12-24,198,55517
PE,2022-12-25,0,55517
PE,2022-12-26,0,55517
PE,2022-12-27,0,55517
PE,2022-12-28,0,55517
PE,2022-12-29,0,55517
PE,2022-12-30,0,55517
PE,2022-12-31,162,55679
QC,2020-01-24,0,0
QC,2020-01-25,0,0
QC,2020-01-26,0,0
QC,2020-01-27,0,0
QC,2020-01-28,0,0
QC,2020-01-29,0,0
QC,2020-01-30,0,0
QC,2020-01-31,0,0
QC,2020-02-01,0,0
QC,2020-02-02,0,0
QC,2020-02-03,0,0
QC,2020-02-04,0,0
QC,2020-02-05,0,0
QC,2020-02-06,0,0
QC,2020-02-07,0,0
QC,2020-02-08,0,0
QC,2020-02-09,0,0
QC,2020-02-10,0,0
QC,2020-02-11,0,0
QC,2020-02-12,0,0
QC,2020-02-13,0,0
QC,2020-02-14,0,0
QC,2020-02-15,0,0
QC,2020-02-16,0,0
QC,2020-02-17,0,0
QC,2020-02-18,0,0
QC,2020-02-19,0,0
QC,2020-02-20,0,0
QC,2020-02-21,0,0
QC,2020-02-22,0,0
QC,2020-02-23,0,0
QC,2020-02-24,0,0
QC,2020-02-25,0,0
QC,2020-02-26,0,0
QC,2020-02-27,0,0
QC,2020-02-28,0,0
QC,2020-02-29,0,0
QC,2020-03-01,0,0
QC,2020-03-02,0,0
QC,2020-03-03,0,0
QC,2020-03-04,0,0
QC,2020-03-05,0,0
QC,2020-03-06,0,0
QC,2020-03-07,1,1
QC,2020-03-08,0,1
QC,2020-03-09,0,1
QC,2020-03-10,0,1
QC,2020-03-11,0,1
QC,2020-03-12,2,3
QC,2020-03-13,2,5
QC,2020-03-14,1,6
QC,2020-03-15,1,7
QC,2020-03-16,2,9
QC,2020-03-17,5,14
QC,2020-03-18,4,18
QC,2020-03-19,8,26
QC,2020-03-20,48,74
QC,2020-03-21,75,149
QC,2020-03-22,139,288
QC,2020-03-23,171,459
QC,2020-03-24,258,717
QC,2020-03-25,220,937
QC,2020-03-26,249,1186
QC,2020-03-27,343,1529
QC,2020-03-28,433,1962
QC,2020-03-29,402,2364
QC,2020-03-30,499,2863
QC,2020-03-31,603,3466
QC,2020-04-01,751,4217
QC,2020-04-02,573,4790
QC,2020-04-03,714,5504
QC,2020-04-04,611,6115
QC,2020-04-05,623,6738
QC,2020-04-06,506,7244
QC,2020-04-07,611,7855
QC,2020-04-08,820,8675
QC,2020-04-09,553,9228
QC,2020-04-10,807,10035
QC,2020-04-11,563,10598
QC,2020-04-12,652,11250
QC,2020-04-13,819,12069
QC,2020-04-14,859,12928
QC,2020-04-15,1051,13979
QC,2020-04-16,882,14861
QC,2020-04-17,861,15722
QC,2020-04-18,833,16555
QC,2020-04-19,686,17241
QC,2020-04-20,656,17897
QC,2020-04-21,699,18596
QC,2020-04-22,668,19264
QC,2020-04-23,795,20059
QC,2020-04-24,741,20800
QC,2020-04-25,775,21575
QC,2020-04-26,675,22250
QC,2020-04-27,603,22853
QC,2020-04-28,690,23543
QC,2020-04-29,807,24350
QC,2020-04-30,847,25197
QC,2020-05-01,810,26007
QC,2020-05-02,844,26851
QC,2020-05-03,757,27608
QC,2020-05-04,731,28339
QC,2020-05-05,569,28908
QC,2020-05-06,844,29752
QC,2020-05-07,876,30628
QC,2020-05-08,788,31416
QC,2020-05-09,692,32108
QC,2020-05-10,606,32714
QC,2020-05-11,669,33383
QC,2020-05-12,560,33943
QC,2020-05-13,629,34572
QC,2020-05-14,679,35251
QC,2020-05-15,714,35965
QC,2020-05-16,693,36658
QC,2020-05-17,733,37391
QC,2020-05-18,623,38014
QC,2020-05-19,541,38555
QC,2020-05-20,628,39183
QC,2020-05-21,658,39841
QC,2020-05-22,653,40494
QC,2020-05-23,510,41004
QC,2020-05-24,501,41505
QC,2020-05-25,540,42045
QC,2020-05-26,355,42400
QC,2020-05-27,394,42794
QC,2020-05-28,411,43205
QC,2020-05-29,383,43588
QC,2020-05-30,382,43970
QC,2020-05-31,365,44335
QC,2020-06-01,247,44582
QC,2020-06-02,252,44834
QC,2020-06-03,228,45062
QC,2020-06-04,233,45295
QC,2020-06-05,236,45531
QC,2020-06-06,236,45767
QC,2020-06-07,210,45977
QC,2020-06-08,156,46133
QC,2020-06-09,117,46250
QC,2020-06-10,171,46421
QC,2020-06-11,154,46575
QC,2020-06-12,141,46716
QC,2020-06-13,151,46867
QC,2020-06-14,106,46973
QC,2020-06-15,84,47057
QC,2020-06-16,90,47147
QC,2020-06-17,100,47247
QC,2020-06-18,115,47362
QC,2020-06-19,103,47465
QC,2020-06-20,96,47561
QC,2020-06-21,89,47650
QC,2020-06-22,75,47725
QC,2020-06-23,67,47792
QC,2020-06-24,77,47869
QC,2020-06-25,82,47951
QC,2020-06-26,69,48020
QC,2020-06-27,61,48081
QC,2020-06-28,73,48154
QC,2020-06-29,52,48206
QC,2020-06-30,33,48239
QC,2020-07-01,87,48326
QC,2020-07-02,83,48409
QC,2020-07-03,70,48479
QC,2020-07-04,87,48566
QC,2020-07-05,92,48658
QC,2020-07-06,53,48711
QC,2020-07-07,65,48776
QC,2020-07-08,105,48881
QC,2020-07-09,122,49003
QC,2020-07-10,121,49124
QC,2020-07-11,97,49221
QC,2020-07-12,108,49329
QC,2020-07-13,74,49403
QC,2020-07-14,136,49539
QC,2020-07-15,123,49662
QC,2020-07-16,155,49817
QC,2020-07-17,137,49954
QC,2020-07-18,176,50130
QC,2020-07-19,195,50325
QC,2020-07-20,110,50435
QC,2020-07-21,143,50578
QC,2020-07-22,193,50771
QC,2020-07-23,186,50957
QC,2020-07-24,161,51118
QC,2020-07-25,153,51271
QC,2020-07-26,145,51416
QC,2020-07-27,106,51522
QC,2020-07-28,113,51635
QC,2020-07-29,138,51773
QC,2020-07-30,172,51945
QC,2020-07-31,160,52105
QC,2020-08-01,122,52227
QC,2020-08-02,123,52350
QC,2020-08-03,102,52452
QC,2020-08-04,140,52592
QC,2020-08-05,147,52739
QC,2020-08-06,130,52869
QC,2020-08-07,106,52975
QC,2020-08-08,124,53099
QC,2020-08-09,120,53219
QC,2020-08-10,91,53310
QC,2020-08-11,82,53392
QC,2020-08-12,112,53504
QC,2020-08-13,100,53604
QC,2020-08-14,83,53687
QC,2020-08-15,65,53752
QC,2020-08-16,60,53812
QC,2020-08-17,48,53860
QC,2020-08-18,54,53914
QC,2020-08-19,89,54003
QC,2020-08-20,93,54096
QC,2020-08-21,107,54203
QC,2020-08-22,101,54304
QC,2020-08-23,88,54392
QC,2020-08-24,47,54439
QC,2020-08-25,54,54493
QC,2020-08-26,126,54619
QC,2020-08-27,130,54749
QC,2020-08-28,104,54853
QC,2020-08-29,131,54984
QC,2020-08-30,119,55103
QC,2020-08-31,119,55222
QC,2020-09-01,133,55355
QC,2020-09-02,185,55540
QC,2020-09-03,167,55707
QC,2020-09-04,218,55925
QC,2020-09-05,201,56126
QC,2020-09-06,220,56346
QC,2020-09-07,193,56539
QC,2020-09-08,150,56689
QC,2020-09-09,207,56896
QC,2020-09-10,249,57145
QC,2020-09-11,245,57390
QC,2020-09-12,345,57735
QC,2020-09-13,331,58066
QC,2020-09-14,286,58352
QC,2020-09-15,251,58603
QC,2020-09-16,323,58926
QC,2020-09-17,325,59251
QC,2020-09-18,359,59610
QC,2020-09-19,496,60106
QC,2020-09-20,449,60555
QC,2020-09-21,500,61055
QC,2020-09-22,506,61561
QC,2020-09-23,535,62096
QC,2020-09-24,658,62754
QC,2020-09-25,737,63491
QC,2020-09-26,787,64278
QC,2020-09-27,876,65154
QC,2020-09-28,921,66075
QC,2020-09-29,869,66944
QC,2020-09-30,972,67916
QC,2020-10-01,1066,68982
QC,2020-10-02,1112,70094
QC,2020-10-03,1303,71397
QC,2020-10-04,1037,72434
QC,2020-10-05,920,73354
QC,2020-10-06,807,74161
QC,2020-10-07,1093,75254
QC,2020-10-08,995,76249
QC,2020-10-09,1102,77351
QC,2020-10-10,1062,78413
QC,2020-10-11,964,79377
QC,2020-10-12,979,80356
QC,2020-10-13,696,81052
QC,2020-10-14,1026,82078
QC,2020-10-15,1179,83257
QC,2020-10-16,1172,84429
QC,2020-10-17,1250,85679
QC,2020-10-18,896,86575
QC,2020-10-19,796,87371
QC,2020-10-20,882,88253
QC,2020-10-21,1061,89314
QC,2020-10-22,970,90284
QC,2020-10-23,921,91205
QC,2020-10-24,1026,92231
QC,2020-10-25,896,93127
QC,2020-10-26,895,94022
QC,2020-10-27,717,94739
QC,2020-10-28,1070,95809
QC,2020-10-29,930,96739
QC,2020-10-30,1015,97754
QC,2020-10-31,974,98728
QC,2020-11-01,1066,99794
QC,2020-11-02,913,100707
QC,2020-11-03,827,101534
QC,2020-11-04,1067,102601
QC,2020-11-05,1140,103741
QC,2020-11-06,1335,105076
QC,2020-11-07,1261,106337
QC,2020-11-08,1272,107609
QC,2020-11-09,1215,108824
QC,2020-11-10,1301,110125
QC,2020-11-11,1265,111390
QC,2020-11-12,1260,112650
QC,2020-11-13,1395,114045
QC,2020-11-14,1414,115459
QC,2020-11-15,1136,116595
QC,2020-11-16,1108,117703
QC,2020-11-17,1032,118735
QC,2020-11-18,1264,119999
QC,2020-11-19,1248,121247
QC,2020-11-20,1183,122430
QC,2020-11-21,1143,123573
QC,2020-11-22,1090,124663
QC,2020-11-23,1271,125934
QC,2020-11-24,986,126920
QC,2020-11-25,1275,128195
QC,2020-11-26,1429,129624
QC,2020-11-27,1372,130996
QC,2020-11-28,1414,132410
QC,2020-11-29,1268,133678
QC,2020-11-30,1245,134923
QC,2020-12-01,1411,136334
QC,2020-12-02,1585,137919
QC,2020-12-03,1604,139523
QC,2020-12-04,1711,141234
QC,2020-12-05,1594,142828
QC,2020-12-06,1701,144529
QC,2020-12-07,1499,146028
QC,2020-12-08,1495,147523
QC,2020-12-09,1750,149273
QC,2020-12-10,1797,151070
QC,2020-12-11,1818,152888
QC,2020-12-12,2004,154892
QC,2020-12-13,1868,156760
QC,2020-12-14,1686,158446
QC,2020-12-15,1884,160330
QC,2020-12-16,1865,162195
QC,2020-12-17,2125,164320
QC,2020-12-18,2192,166512
QC,2020-12-19,2027,168539
QC,2020-12-20,2165,170704
QC,2020-12-21,1996,172700
QC,2020-12-22,2002,174702
QC,2020-12-23,2206,176908
QC,2020-12-24,2374,179282
QC,2020-12-25,2414,181696
QC,2020-12-26,2320,184016
QC,2020-12-27,2058,186074
QC,2020-12-28,2240,188314
QC,2020-12-29,2143,190457
QC,2020-12-30,3100,193557
QC,2020-12-31,3003,196560
QC,2021-01-01,2554,199114
QC,2021-01-02,2427,201541
QC,2021-01-03,2287,203828
QC,2021-01-04,2340,206168
QC,2021-01-05,2510,208678
QC,2021-01-06,2635,211313
QC,2021-01-07,2650,213963
QC,2021-01-08,2799,216762
QC,2021-01-09,2523,219285
QC,2021-01-10,1985,221270
QC,2021-01-11,2239,223509
QC,2021-01-12,1839,225348
QC,2021-01-13,2165,227513
QC,2021-01-14,2049,229562
QC,2021-01-15,1964,231526
QC,2021-01-16,2007,233533
QC,2021-01-17,1782,235315
QC,2021-01-18,1374,236689
QC,2021-01-19,1374,238063
QC,2021-01-20,1570,239633
QC,2021-01-21,1612,241245
QC,2021-01-22,1671,242916
QC,2021-01-23,1500,244416
QC,2021-01-24,1390,245806
QC,2021-01-25,1147,246953
QC,2021-01-26,1176,248129
QC,2021-01-27,1351,249480
QC,2021-01-28,1267,250747
QC,2021-01-29,1312,252059
QC,2021-01-30,1280,253339
QC,2021-01-31,1211,254550
QC,2021-02-01,916,255466
QC,2021-02-02,889,256355
QC,2021-02-03,1178,257533
QC,2021-02-04,1105,258638
QC,2021-02-05,1005,259643
QC,2021-02-06,1234,260877
QC,2021-02-07,1078,261955
QC,2021-02-08,821,262776
QC,2021-02-09,748,263524
QC,2021-02-10,931,264455
QC,2021-02-11,1153,265608
QC,2021-02-12,971,266579
QC,2021-02-13,1036,267615
QC,2021-02-14,816,268431
QC,2021-02-15,717,269148
QC,2021-02-16,668,269816
QC,2021-02-17,807,270623
QC,2021-02-18,790,271413
QC,2021-02-19,858,272271
QC,2021-02-20,756,273027
QC,2021-02-21,753,273780
QC,2021-02-22,794,274574
QC,2021-02-23,618,275192
QC,2021-02-24,804,275996
QC,2021-02-25,841,276837
QC,2021-02-26,771,277608
QC,2021-02-27,876,278484
QC,2021-02-28,666,279150
QC,2021-03-01,572,279722
QC,2021-03-02,526,280248
QC,2021-03-03,824,281072
QC,2021-03-04,736,281808
QC,2021-03-05,862,282670
QC,2021-03-06,732,283402
QC,2021-03-07,688,284090
QC,2021-03-08,576,284666
QC,2021-03-09,595,285261
QC,2021-03-10,741,286002
QC,2021-03-11,715,286717
QC,2021-03-12,920,287637
QC,2021-03-13,813,288450
QC,2021-03-14,638,289088
QC,2021-03-15,571,289659
QC,2021-03-16,661,290320
QC,2021-03-17,1053,291373
QC,2021-03-18,913,292286
QC,2021-03-19,824,293110
QC,2021-03-20,789,293899
QC,2021-03-21,597,294496
QC,2021-03-22,489,294985
QC,2021-03-23,1072,296057
QC,2021-03-24,969,297026
QC,2021-03-25,1032,298058
QC,2021-03-26,819,298877
QC,2021-03-27,896,299773
QC,2021-03-28,940,300713
QC,2021-03-29,859,301572
QC,2021-03-30,981,302553
QC,2021-03-31,1260,303813
QC,2021-04-01,1147,304960
QC,2021-04-02,1298,306258
QC,2021-04-03,1326,307584
QC,2021-04-04,1238,308822
QC,2021-04-05,1106,309928
QC,2021-04-06,1214,311142
QC,2021-04-07,1937,313079
QC,2021-04-08,1603,314682
QC,2021-04-09,2267,316949
QC,2021-04-10,1894,318843
QC,2021-04-11,1654,320497
QC,2021-04-12,1407,321904
QC,2021-04-13,1410,323314
QC,2021-04-14,1530,324844
QC,2021-04-15,1550,326394
QC,2021-04-16,1679,328073
QC,2021-04-17,1429,329502
QC,2021-04-18,1225,330727
QC,2021-04-19,1053,331780
QC,2021-04-20,1149,332929
QC,2021-04-21,1267,334196
QC,2021-04-22,1134,335330
QC,2021-04-23,1052,336382
QC,2021-04-24,1231,337613
QC,2021-04-25,835,338448
QC,2021-04-26,902,339350
QC,2021-04-27,1035,340385
QC,2021-04-28,1100,341485
QC,2021-04-29,1139,342624
QC,2021-04-30,1097,343721
QC,2021-05-01,1112,344833
QC,2021-05-02,893,345726
QC,2021-05-03,836,346562
QC,2021-05-04,854,347416
QC,2021-05-05,881,348297
QC,2021-05-06,920,349217
QC,2021-05-07,1014,350231
QC,2021-05-08,1022,351253
QC,2021-05-09,716,351969
QC,2021-05-10,681,352650
QC,2021-05-11,725,353375
QC,2021-05-12,817,354192
QC,2021-05-13,865,355057
QC,2021-05-14,884,355941
QC,2021-05-15,884,356825
QC,2021-05-16,626,357451
QC,2021-05-17,537,357988
QC,2021-05-18,559,358547
QC,2021-05-19,617,359164
QC,2021-05-20,784,359948
QC,2021-05-21,617,360565
QC,2021-05-22,589,361154
QC,2021-05-23,429,361583
QC,2021-05-24,376,361959
QC,2021-05-25,379,362338
QC,2021-05-26,459,362797
QC,2021-05-27,450,363247
QC,2021-05-28,426,363673
QC,2021-05-29,375,364048
QC,2021-05-30,314,364362
QC,2021-05-31,236,364598
QC,2021-06-01,264,364862
QC,2021-06-02,300,365162
QC,2021-06-03,297,365459
QC,2021-06-04,265,365724
QC,2021-06-05,232,365956
QC,2021-06-06,196,366152
QC,2021-06-07,163,366315
QC,2021-06-08,160,366475
QC,2021-06-09,204,366679
QC,2021-06-10,251,366930
QC,2021-06-11,205,367135
QC,2021-06-12,162,367297
QC,2021-06-13,140,367437
QC,2021-06-14,121,367558
QC,2021-06-15,109,367667
QC,2021-06-16,166,367833
QC,2021-06-17,167,368000
QC,2021-06-18,178,368178
QC,2021-06-19,130,368308
QC,2021-06-20,91,368399
QC,2021-06-21,97,368496
QC,2021-06-22,98,368594
QC,2021-06-23,110,368704
QC,2021-06-24,86,368790
QC,2021-06-25,80,368870
QC,2021-06-26,100,368970
QC,2021-06-27,74,369044
QC,2021-06-28,55,369099
QC,2021-06-29,95,369194
QC,2021-06-30,108,369302
QC,2021-07-01,77,369379
QC,2021-07-02,72,369451
QC,2021-07-03,53,369504
QC,2021-07-04,51,369555
QC,2021-07-05,35,369590
QC,2021-07-06,95,369685
QC,2021-07-07,77,369762
QC,2021-07-08,97,369859
QC,2021-07-09,61,369920
QC,2021-07-10,64,369984
QC,2021-07-11,63,370047
QC,2021-07-12,57,370104
QC,2021-07-13,52,370156
QC,2021-07-14,79,370235
QC,2021-07-15,83,370318
QC,2021-07-16,98,370416
QC,2021-07-17,75,370491
QC,2021-07-18,71,370562
QC,2021-07-19,57,370619
QC,2021-07-20,93,370712
QC,2021-07-21,106,370818
QC,2021-07-22,91,370909
QC,2021-07-23,128,371037
QC,2021-07-24,113,371150
QC,2021-07-25,93,371243
QC,2021-07-26,62,371305
QC,2021-07-27,118,371423
QC,2021-07-28,116,371539
QC,2021-07-29,128,371667
QC,2021-07-30,147,371814
QC,2021-07-31,169,371983
QC,2021-08-01,157,372140
QC,2021-08-02,133,372273
QC,2021-08-03,172,372445
QC,2021-08-04,200,372645
QC,2021-08-05,271,372916
QC,2021-08-06,280,373196
QC,2021-08-07,257,373453
QC,2021-08-08,255,373708
QC,2021-08-09,215,373923
QC,2021-08-10,279,374202
QC,2021-08-11,377,374579
QC,2021-08-12,384,374963
QC,2021-08-13,394,375357
QC,2021-08-14,389,375746
QC,2021-08-15,410,376156
QC,2021-08-16,328,376484
QC,2021-08-17,401,376885
QC,2021-08-18,418,377303
QC,2021-08-19,483,377786
QC,2021-08-20,597,378383
QC,2021-08-21,523,378906
QC,2021-08-22,377,379283
QC,2021-08-23,328,379611
QC,2021-08-24,410,380021
QC,2021-08-25,527,380548
QC,2021-08-26,634,381182
QC,2021-08-27,630,381812
QC,2021-08-28,497,382309
QC,2021-08-29,495,382804
QC,2021-08-30,414,383218
QC,2021-08-31,563,383781
QC,2021-09-01,695,384476
QC,2021-09-02,707,385183
QC,2021-09-03,753,385936
QC,2021-09-04,646,386582
QC,2021-09-05,623,387205
QC,2021-09-06,476,387681
QC,2021-09-07,596,388277
QC,2021-09-08,627,388904
QC,2021-09-09,760,389664
QC,2021-09-10,948,390612
QC,2021-09-11,873,391485
QC,2021-09-12,646,392131
QC,2021-09-13,613,392744
QC,2021-09-14,675,393419
QC,2021-09-15,746,394165
QC,2021-09-16,825,394990
QC,2021-09-17,816,395806
QC,2021-09-18,799,396605
QC,2021-09-19,637,397242
QC,2021-09-20,619,397861
QC,2021-09-21,639,398500
QC,2021-09-22,607,399107
QC,2021-09-23,777,399884
QC,2021-09-24,716,400600
QC,2021-09-25,772,401372
QC,2021-09-26,579,401951
QC,2021-09-27,491,402442
QC,2021-09-28,496,402938
QC,2021-09-29,564,403502
QC,2021-09-30,708,404210
QC,2021-10-01,581,404791
QC,2021-10-02,622,405413
QC,2021-10-03,392,405805
QC,2021-10-04,438,406243
QC,2021-10-05,475,406718
QC,2021-10-06,533,407251
QC,2021-10-07,610,407861
QC,2021-10-08,626,408487
QC,2021-10-09,597,409084
QC,2021-10-10,526,409610
QC,2021-10-11,419,410029
QC,2021-10-12,429,410458
QC,2021-10-13,579,411037
QC,2021-10-14,631,411668
QC,2021-10-15,687,412355
QC,2021-10-16,784,413139
QC,2021-10-17,425,413564
QC,2021-10-18,347,413911
QC,2021-10-19,418,414329
QC,2021-10-20,484,414813
QC,2021-10-21,409,415222
QC,2021-10-22,410,415632
QC,2021-10-23,445,416077
QC,2021-10-24,376,416453
QC,2021-10-25,341,416794
QC,2021-10-26,376,417170
QC,2021-10-27,451,417621
QC,2021-10-28,474,418095
QC,2021-10-29,555,418650
QC,2021-10-30,541,419191
QC,2021-10-31,537,419728
QC,2021-11-01,489,420217
QC,2021-11-02,484,420701
QC,2021-11-03,534,421235
QC,2021-11-04,634,421869
QC,2021-11-05,666,422535
QC,2021-11-06,597,423132
QC,2021-11-07,582,423714
QC,2021-11-08,502,424216
QC,2021-11-09,521,424737
QC,2021-11-10,722,425459
QC,2021-11-11,676,426135
QC,2021-11-12,698,426833
QC,2021-11-13,712,427545
QC,2021-11-14,510,428055
QC,2021-11-15,542,428597
QC,2021-11-16,592,429189
QC,2021-11-17,704,429893
QC,2021-11-18,792,430685
QC,2021-11-19,718,431403
QC,2021-11-20,764,432167
QC,2021-11-21,720,432887
QC,2021-11-22,662,433549
QC,2021-11-23,738,434287
QC,2021-11-24,884,435171
QC,2021-11-25,982,436153
QC,2021-11-26,1171,437324
QC,2021-11-27,1005,438329
QC,2021-11-28,813,439142
QC,2021-11-29,716,439858
QC,2021-11-30,917,440775
QC,2021-12-01,1110,441885
QC,2021-12-02,1290,443175
QC,2021-12-03,1456,444631
QC,2021-12-04,1391,446022
QC,2021-12-05,1256,447278
QC,2021-12-06,1150,448428
QC,2021-12-07,1292,449720
QC,2021-12-08,1552,451272
QC,2021-12-09,1985,453257
QC,2021-12-10,1978,455235
QC,2021-12-11,2025,457260
QC,2021-12-12,1712,458972
QC,2021-12-13,1639,460611
QC,2021-12-14,2155,462766
QC,2021-12-15,2666,465432
QC,2021-12-16,3346,468778
QC,2021-12-17,4027,472805
QC,2021-12-18,4319,477124
QC,2021-12-19,4696,481820
QC,2021-12-20,4388,486208
QC,2021-12-21,6554,492762
QC,2021-12-22,8263,501025
QC,2021-12-23,11364,512389
QC,2021-12-24,11760,524149
QC,2021-12-25,11580,535729
QC,2021-12-26,10540,546269
QC,2021-12-27,10462,556731
QC,2021-12-28,13389,570120
QC,2021-12-29,15406,585526
QC,2021-12-30,18710,604236
QC,2021-12-31,18598,622834
QC,2022-01-01,16900,639734
QC,2022-01-02,14733,654467
QC,2022-01-03,14062,668529
QC,2022-01-04,13947,682476
QC,2022-01-05,17587,700063
QC,2022-01-06,17843,717906
QC,2022-01-07,16283,734189
QC,2022-01-08,13690,747879
QC,2022-01-09,9175,757054
QC,2022-01-10,8109,765163
QC,2022-01-11,7340,772503
QC,2022-01-12,7375,779878
QC,2022-01-13,6871,786749
QC,2022-01-14,6296,793045
QC,2022-01-15,5396,798441
QC,2022-01-16,5101,803542
QC,2022-01-17,4158,807700
QC,2022-01-18,4484,812184
QC,2022-01-19,5060,817244
QC,2022-01-20,4833,822077
QC,2022-01-21,4349,826426
QC,2022-01-22,3957,830383
QC,2022-01-23,3157,833540
QC,2022-01-24,2686,836226
QC,2022-01-25,3399,839625
QC,2022-01-26,4113,843738
QC,2022-01-27,3610,847348
QC,2022-01-28,3546,850894
QC,2022-01-29,3214,854108
QC,2022-01-30,2647,856755
QC,2022-01-31,2470,859225
QC,2022-02-01,3129,862354
QC,2022-02-02,3752,866106
QC,2022-02-03,3476,869582
QC,2022-02-04,2887,872469
QC,2022-02-05,2842,875311
QC,2022-02-06,2199,877510
QC,2022-02-07,2082,879592
QC,2022-02-08,2910,882502
QC,2022-02-09,3037,885539
QC,2022-02-10,2646,888185
QC,2022-02-11,2398,890583
QC,2022-02-12,2108,892691
QC,2022-02-13,1555,894246
QC,2022-02-14,1554,895800
QC,2022-02-15,1917,897717
QC,2022-02-16,1957,899674
QC,2022-02-17,1860,901534
QC,2022-02-18,1690,903224
QC,2022-02-19,1464,904688
QC,2022-02-20,1149,905837
QC,2022-02-21,1153,906990
QC,2022-02-22,1602,908592
QC,2022-02-23,1603,910195
QC,2022-02-24,1439,911634
QC,2022-02-25,1290,912924
QC,2022-02-26,1024,913948
QC,2022-02-27,932,914880
QC,2022-02-28,880,915760
QC,2022-03-01,1266,917026
QC,2022-03-02,1175,918201
QC,2022-03-03,1133,919334
QC,2022-03-04,1207,920541
QC,2022-03-05,1040,921581
QC,2022-03-06,801,922382
QC,2022-03-07,782,923164
QC,2022-03-08,1288,924452
QC,2022-03-09,1317,925769
QC,2022-03-10,1230,926999
QC,2022-03-11,1100,928099
QC,2022-03-12,995,929094
QC,2022-03-13,741,929835
QC,2022-03-14,716,930551
QC,2022-03-15,1297,931848
QC,2022-03-16,1420,933268
QC,2022-03-17,1493,934761
QC,2022-03-18,1340,936101
QC,2022-03-19,1192,937293
QC,2022-03-20,934,938227
QC,2022-03-21,1062,939289
QC,2022-03-22,1675,940964
QC,2022-03-23,2261,943225
QC,2022-03-24,2366,945591
QC,2022-03-25,2191,947782
QC,2022-03-26,2127,949909
QC,2022-03-27,1627,951536
QC,2022-03-28,1757,953293
QC,2022-03-29,2878,956171
QC,2022-03-30,3131,959302
QC,2022-03-31,3534,962836
QC,2022-04-01,3084,965920
QC,2022-04-02,2991,968911
QC,2022-04-03,2367,971278
QC,2022-04-04,2273,973551
QC,2022-04-05,3420,976971
QC,2022-04-06,3748,980719
QC,2022-04-07,3546,984265
QC,2022-04-08,3587,987852
QC,2022-04-09,2957,990809
QC,2022-04-10,2606,993415
QC,2022-04-11,2446,995861
QC,2022-04-12,2915,998776
QC,2022-04-13,3565,1002341
QC,2022-04-14,3460,1005801
QC,2022-04-15,2929,1008730
QC,2022-04-16,2331,1011061
QC,2022-04-17,1787,1012848
QC,2022-04-18,1608,1014456
QC,2022-04-19,2089,1016545
QC,2022-04-20,2774,1019319
QC,2022-04-21,2945,1022264
QC,2022-04-22,2396,1024660
QC,2022-04-23,2123,1026783
QC,2022-04-24,1406,1028189
QC,2022-04-25,1447,1029636
QC,2022-04-26,1968,1031604
QC,2022-04-27,1950,1033554
QC,2022-04-28,1795,1035349
QC,2022-04-29,1762,1037111
QC,2022-04-30,1434,1038545
QC,2022-05-01,1037,1039582
QC,2022-05-02,901,1040483
QC,2022-05-03,1543,1042026
QC,2022-05-04,1587,1043613
QC,2022-05-05,1299,1044912
QC,2022-05-06,1233,1046145
QC,2022-05-07,1035,1047180
QC,2022-05-08,727,1047907
QC,2022-05-09,711,1048618
QC,2022-05-10,954,1049572
QC,2022-05-11,1109,1050681
QC,2022-05-12,932,1051613
QC,2022-05-13,842,1052455
QC,2022-05-14,769,1053224
QC,2022-05-15,588,1053812
QC,2022-05-16,516,1054328
QC,2022-05-17,725,1055053
QC,2022-05-18,696,1055749
QC,2022-05-19,632,1056381
QC,2022-05-20,548,1056929
QC,2022-05-21,526,1057455
QC,2022-05-22,384,1057839
QC,2022-05-23,397,1058236
QC,2022-05-24,547,1058783
QC,2022-05-25,664,1059447
QC,2022-05-26,687,1060134
QC,2022-05-27,580,1060714
QC,2022-05-28,524,1061238
QC,2022-05-29,429,1061667
QC,2022-05-30,413,1062080
QC,2022-05-31,682,1062762
QC,2022-06-01,717,1063479
QC,2022-06-02,779,1064258
QC,2022-06-03,601,1064859
QC,2022-06-04,499,1065358
QC,2022-06-05,446,1065804
QC,2022-06-06,451,1066255
QC,2022-06-07,791,1067046
QC,2022-06-08,719,1067765
QC,2022-06-09,803,1068568
QC,2022-06-10,752,1069320
QC,2022-06-11,626,1069946
QC,2022-06-12,513,1070459
QC,2022-06-13,530,1070989
QC,2022-06-14,868,1071857
QC,2022-06-15,839,1072696
QC,2022-06-16,972,1073668
QC,2022-06-17,898,1074566
QC,2022-06-18,765,1075331
QC,2022-06-19,655,1075986
QC,2022-06-20,603,1076589
QC,2022-06-21,1089,1077678
QC,2022-06-22,1170,1078848
QC,2022-06-23,1349,1080197
QC,2022-06-24,1104,1081301
QC,2022-06-25,917,1082218
QC,2022-06-26,825,1083043
QC,2022-06-27,863,1083906
QC,2022-06-28,1631,1085537
QC,2022-06-29,1765,1087302
QC,2022-06-30,1715,1089017
QC,2022-07-01,1649,1090666
QC,2022-07-02,1192,1091858
QC,2022-07-03,1141,1092999
QC,2022-07-04,1137,1094136
QC,2022-07-05,2061,1096197
QC,2022-07-06,1896,1098093
QC,2022-07-07,2013,1100106
QC,2022-07-08,1788,1101894
QC,2022-07-09,1523,1103417
QC,2022-07-10,1230,1104647
QC,2022-07-11,1242,1105889
QC,2022-07-12,2010,1107899
QC,2022-07-13,2201,1110100
QC,2022-07-14,2328,1112428
QC,2022-07-15,1908,1114336
QC,2022-07-16,2002,1116338
QC,2022-07-17,1521,1117859
QC,2022-07-18,1393,1119252
QC,2022-07-19,2140,1121392
QC,2022-07-20,2391,1123783
QC,2022-07-21,2069,1125852
QC,2022-07-22,1943,1127795
QC,2022-07-23,1604,1129399
QC,2022-07-24,1279,1130678
QC,2022-07-25,1271,1131949
QC,2022-07-26,1798,1133747
QC,2022-07-27,1797,1135544
QC,2022-07-28,1564,1137108
QC,2022-07-29,1453,1138561
QC,2022-07-30,1330,1139891
QC,2022-07-31,973,1140864
QC,2022-08-01,965,1141829
QC,2022-08-02,1381,1143210
QC,2022-08-03,1445,1144655
QC,2022-08-04,1336,1145991
QC,2022-08-05,1039,1147030
QC,2022-08-06,1089,1148119
QC,2022-08-07,778,1148897
QC,2022-08-08,784,1149681
QC,2022-08-09,1266,1150947
QC,2022-08-10,1130,1152077
QC,2022-08-11,1167,1153244
QC,2022-08-12,1190,1154434
QC,2022-08-13,915,1155349
QC,2022-08-14,775,1156124
QC,2022-08-15,713,1156837
QC,2022-08-16,1222,1158059
QC,2022-08-17,1256,1159315
QC,2022-08-18,1120,1160435
QC,2022-08-19,995,1161430
QC,2022-08-20,859,1162289
QC,2022-08-21,680,1162969
QC,2022-08-22,641,1163610
QC,2022-08-23,939,1164549
QC,2022-08-24,1022,1165571
QC,2022-08-25,903,1166474
QC,2022-08-26,768,1167242
QC,2022-08-27,754,1167996
QC,2022-08-28,569,1168565
QC,2022-08-29,488,1169053
QC,2022-08-30,796,1169849
QC,2022-08-31,955,1170804
QC,2022-09-01,842,1171646
QC,2022-09-02,792,1172438
QC,2022-09-03,658,1173096
QC,2022-09-04,477,1173573
QC,2022-09-05,454,1174027
QC,2022-09-06,612,1174639
QC,2022-09-07,913,1175552
QC,2022-09-08,865,1176417
QC,2022-09-09,868,1177285
QC,2022-09-10,650,1177935
QC,2022-09-11,576,1178511
QC,2022-09-12,564,1179075
QC,2022-09-13,911,1179986
QC,2022-09-14,838,1180824
QC,2022-09-15,770,1181594
QC,2022-09-16,752,1182346
QC,2022-09-17,627,1182973
QC,2022-09-18,461,1183434
QC,2022-09-19,593,1184027
QC,2022-09-20,925,1184952
QC,2022-09-21,908,1185860
QC,2022-09-22,849,1186709
QC,2022-09-23,863,1187572
QC,2022-09-24,767,1188339
QC,2022-09-25,631,1188970
QC,2022-09-26,602,1189572
QC,2022-09-27,966,1190538
QC,2022-09-28,1078,1191616
QC,2022-09-29,1031,1192647
QC,2022-09-30,890,1193537
QC,2022-10-01,876,1194413
QC,2022-10-02,602,1195015
QC,2022-10-03,722,1195737
QC,2022-10-04,955,1196692
QC,2022-10-05,1104,1197796
QC,2022-10-06,974,1198770
QC,2022-10-07,1028,1199798
QC,2022-10-08,929,1200727
QC,2022-10-09,625,1201352
QC,2022-10-10,704,1202056
QC,2022-10-11,779,1202835
QC,2022-10-12,1101,1203936
QC,2022-10-13,1236,1205172
QC,2022-10-14,1056,1206228
QC,2022-10-15,1009,1207237
QC,2022-10-16,707,1207944
QC,2022-10-17,646,1208590
QC,2022-10-18,1049,1209639
QC,2022-10-19,1080,1210719
QC,2022-10-20,1027,1211746
QC,2022-10-21,903,1212649
QC,2022-10-22,760,1213409
QC,2022-10-23,590,1213999
QC,2022-10-24,594,1214593
QC,2022-10-25,1065,1215658
QC,2022-10-26,1009,1216667
QC,2022-10-27,989,1217656
QC,2022-10-28,932,1218588
QC,2022-10-29,833,1219421
QC,2022-10-30,548,1219969
QC,2022-10-31,558,1220527
QC,2022-11-01,895,1221422
QC,2022-11-02,1032,1222454
QC,2022-11-03,866,1223320
QC,2022-11-04,933,1224253
QC,2022-11-05,812,1225065
QC,2022-11-06,603,1225668
QC,2022-11-07,635,1226303
QC,2022-11-08,926,1227229
QC,2022-11-09,911,1228140
QC,2022-11-10,884,1229024
QC,2022-11-11,727,1229751
QC,2022-11-12,670,1230421
QC,2022-11-13,518,1230939
QC,2022-11-14,521,1231460
QC,2022-11-15,813,1232273
QC,2022-11-16,1034,1233307
QC,2022-11-17,839,1234146
QC,2022-11-18,795,1234941
QC,2022-11-19,708,1235649
QC,2022-11-20,610,1236259
QC,2022-11-21,618,1236877
QC,2022-11-22,970,1237847
QC,2022-11-23,1074,1238921
QC,2022-11-24,1028,1239949
QC,2022-11-25,942,1240891
QC,2022-11-26,849,1241740
QC,2022-11-27,698,1242438
QC,2022-11-28,749,1243187
QC,2022-11-29,1154,1244341
QC,2022-11-30,1286,1245627
QC,2022-12-01,1314,1246941
QC,2022-12-02,982,1247923
QC,2022-12-03,994,1248917
QC,2022-12-04,803,1249720
QC,2022-12-05,717,1250437
QC,2022-12-06,1194,1251631
QC,2022-12-07,1347,1252978
QC,2022-12-08,1223,1254201
QC,2022-12-09,1097,1255298
QC,2022-12-10,963,1256261
QC,2022-12-11,819,1257080
QC,2022-12-12,764,1257844
QC,2022-12-13,1163,1259007
QC,2022-12-14,1307,1260314
QC,2022-12-15,1357,1261671
QC,2022-12-16,1218,1262889
QC,2022-12-17,1060,1263949
QC,2022-12-18,861,1264810
QC,2022-12-19,880,1265690
QC,2022-12-20,1285,1266975
QC,2022-12-21,1453,1268428
QC,2022-12-22,1215,1269643
QC,2022-12-23,990,1270633
QC,2022-12-24,765,1271398
QC,2022-12-25,510,1271908
QC,2022-12-26,470,1272378
QC,2022-12-27,766,1273144
QC,2022-12-28,969,1274113
QC,2022-12-29,1141,1275254
QC,2022-12-30,1204,1276458
QC,2022-12-31,816,1277274
SK,2020-03-11,1,1
SK,2020-03-12,2,3
SK,2020-03-13,0,3
SK,2020-03-14,3,6
SK,2020-03-15,2,8
SK,2020-03-16,1,9
SK,2020-03-17,10,19
SK,2020-03-18,1,20
SK,2020-03-19,7,27
SK,2020-03-20,17,44
SK,2020-03-21,8,52
SK,2020-03-22,13,65
SK,2020-03-23,6,71
SK,2020-03-24,14,85
SK,2020-03-25,8,93
SK,2020-03-26,9,102
SK,2020-03-27,30,132
SK,2020-03-28,21,153
SK,2020-03-29,20,173
SK,2020-03-30,8,181
SK,2020-03-31,9,190
SK,2020-04-01,13,203
SK,2020-04-02,11,214
SK,2020-04-03,11,225
SK,2020-04-04,16,241
SK,2020-04-05,4,245
SK,2020-04-06,7,252
SK,2020-04-07,11,263
SK,2020-04-08,7,270
SK,2020-04-09,6,276
SK,2020-04-10,5,281
SK,2020-04-11,7,288
SK,2020-04-12,4,292
SK,2020-04-13,1,293
SK,2020-04-14,3,296
SK,2020-04-15,1,297
SK,2020-04-16,1,298
SK,2020-04-17,4,302
SK,2020-04-18,4,306
SK,2020-04-19,2,308
SK,2020-04-20,4,312
SK,2020-04-21,6,318
SK,2020-04-22,4,322
SK,2020-04-23,10,332
SK,2020-04-24,7,339
SK,2020-04-25,6,345
SK,2020-04-26,12,357
SK,2020-04-27,1,358
SK,2020-04-28,17,375
SK,2020-04-29,6,381
SK,2020-04-30,25,406
SK,2020-05-01,6,412
SK,2020-05-02,12,424
SK,2020-05-03,34,458
SK,2020-05-04,22,480
SK,2020-05-05,27,507
SK,2020-05-06,15,522
SK,2020-05-07,13,535
SK,2020-05-08,7,542
SK,2020-05-09,11,553
SK,2020-05-10,4,557
SK,2020-05-11,5,562
SK,2020-05-12,4,566
SK,2020-05-13,5,571
SK,2020-05-14,8,579
SK,2020-05-15,1,580
SK,2020-05-16,1,581
SK,2020-05-17,3,584
SK,2020-05-18,4,588
SK,2020-05-19,21,609
SK,2020-05-20,3,612
SK,2020-05-21,5,617
SK,2020-05-22,2,619
SK,2020-05-23,2,621
SK,2020-05-24,2,623
SK,2020-05-25,0,623
SK,2020-05-26,2,625
SK,2020-05-27,3,628
SK,2020-05-28,2,630
SK,2020-05-29,4,634
SK,2020-05-30,0,634
SK,2020-05-31,1,635
SK,2020-06-01,0,635
SK,2020-06-02,1,636
SK,2020-06-03,1,637
SK,2020-06-04,1,638
SK,2020-06-05,1,639
SK,2020-06-06,3,642
SK,2020-06-07,2,644
SK,2020-06-08,1,645
SK,2020-06-09,2,647
SK,2020-06-10,2,649
SK,2020-06-11,3,652
SK,2020-06-12,1,653
SK,2020-06-13,3,656
SK,2020-06-14,11,667
SK,2020-06-15,0,667
SK,2020-06-16,10,677
SK,2020-06-17,14,691
SK,2020-06-18,8,699
SK,2020-06-19,26,725
SK,2020-06-20,7,732
SK,2020-06-21,0,732
SK,2020-06-22,11,743
SK,2020-06-23,3,746
SK,2020-06-24,13,759
SK,2020-06-25,8,767
SK,2020-06-26,1,768
SK,2020-06-27,1,769
SK,2020-06-28,3,772
SK,2020-06-29,5,777
SK,2020-06-30,8,785
SK,2020-07-01,2,787
SK,2020-07-02,1,788
SK,2020-07-03,2,790
SK,2020-07-04,3,793
SK,2020-07-05,3,796
SK,2020-07-06,1,797
SK,2020-07-07,1,798
SK,2020-07-08,4,802
SK,2020-07-09,3,805
SK,2020-07-10,8,813
SK,2020-07-11,11,824
SK,2020-07-12,32,856
SK,2020-07-13,4,860
SK,2020-07-14,6,866
SK,2020-07-15,44,910
SK,2020-07-16,11,921
SK,2020-07-17,6,927
SK,2020-07-18,9,936
SK,2020-07-19,15,951
SK,2020-07-20,8,959
SK,2020-07-21,66,1025
SK,2020-07-22,36,1061
SK,2020-07-23,37,1098
SK,2020-07-24,47,1145
SK,2020-07-25,28,1173
SK,2020-07-26,22,1195
SK,2020-07-27,10,1205
SK,2020-07-28,71,1276
SK,2020-07-29,25,1301
SK,2020-07-30,11,1312
SK,2020-07-31,17,1329
SK,2020-08-01,10,1339
SK,2020-08-02,12,1351
SK,2020-08-03,9,1360
SK,2020-08-04,8,1368
SK,2020-08-05,8,1376
SK,2020-08-06,11,1387
SK,2020-08-07,22,1409
SK,2020-08-08,24,1433
SK,2020-08-09,12,1445
SK,2020-08-10,5,1450
SK,2020-08-11,29,1479
SK,2020-08-12,5,1484
SK,2020-08-13,27,1511
SK,2020-08-14,30,1541
SK,2020-08-15,25,1566
SK,2020-08-16,14,1580
SK,2020-08-17,1,1581
SK,2020-08-18,1,1582
SK,2020-08-19,4,1586
SK,2020-08-20,4,1590
SK,2020-08-21,5,1595
SK,2020-08-22,2,1597
SK,2020-08-23,3,1600
SK,2020-08-24,2,1602
SK,2020-08-25,-1,1601
SK,2020-08-26,3,1604
SK,2020-08-27,5,1609
SK,2020-08-28,2,1611
SK,2020-08-29,4,1615
SK,2020-08-30,0,1615
SK,2020-08-31,4,1619
SK,2020-09-01,3,1622
SK,2020-09-02,2,1624
SK,2020-09-03,10,1634
SK,2020-09-04,4,1638
SK,2020-09-05,5,1643
SK,2020-09-06,8,1651
SK,2020-09-07,11,1662
SK,2020-09-08,7,1669
SK,2020-09-09,1,1670
SK,2020-09-10,6,1676
SK,2020-09-11,12,1688
SK,2020-09-12,21,1709
SK,2020-09-13,17,1726
SK,2020-09-14,5,1731
SK,2020-09-15,10,1741
SK,2020-09-16,10,1751
SK,2020-09-17,6,1757
SK,2020-09-18,19,1776
SK,2020-09-19,11,1787
SK,2020-09-20,20,1807
SK,2020-09-21,7,1814
SK,2020-09-22,10,1824
SK,2020-09-23,6,1830
SK,2020-09-24,5,1835
SK,2020-09-25,11,1846
SK,2020-09-26,17,1863
SK,2020-09-27,15,1878
SK,2020-09-28,14,1892
SK,2020-09-29,7,1899
SK,2020-09-30,14,1913
SK,2020-10-01,14,1927
SK,2020-10-02,13,1940
SK,2020-10-03,14,1954
SK,2020-10-04,5,1959
SK,2020-10-05,9,1968
SK,2020-10-06,16,1984
SK,2020-10-07,10,1994
SK,2020-10-08,18,2012
SK,2020-10-09,22,2034
SK,2020-10-10,34,2068
SK,2020-10-11,24,2092
SK,2020-10-12,48,2140
SK,2020-10-13,34,2174
SK,2020-10-14,25,2199
SK,2020-10-15,33,2232
SK,2020-10-16,38,2270
SK,2020-10-17,36,2306
SK,2020-10-18,24,2330
SK,2020-10-19,66,2396
SK,2020-10-20,43,2439
SK,2020-10-21,57,2496
SK,2020-10-22,62,2558
SK,2020-10-23,33,2591
SK,2020-10-24,78,2669
SK,2020-10-25,60,2729
SK,2020-10-26,54,2783
SK,2020-10-27,58,2841
SK,2020-10-28,67,2908
SK,2020-10-29,82,2990
SK,2020-10-30,76,3066
SK,2020-10-31,78,3144
SK,2020-11-01,74,3218
SK,2020-11-02,74,3292
SK,2020-11-03,81,3373
SK,2020-11-04,35,3408
SK,2020-11-05,128,3536
SK,2020-11-06,87,3623
SK,2020-11-07,115,3738
SK,2020-11-08,159,3897
SK,2020-11-09,190,4087
SK,2020-11-10,127,4214
SK,2020-11-11,112,4326
SK,2020-11-12,111,4437
SK,2020-11-13,76,4513
SK,2020-11-14,307,4820
SK,2020-11-15,181,5001
SK,2020-11-16,181,5182
SK,2020-11-17,240,5422
SK,2020-11-18,131,5553
SK,2020-11-19,98,5651
SK,2020-11-20,153,5804
SK,2020-11-21,433,6237
SK,2020-11-22,236,6473
SK,2020-11-23,235,6708
SK,2020-11-24,175,6883
SK,2020-11-25,164,7047
SK,2020-11-26,315,7362
SK,2020-11-27,329,7691
SK,2020-11-28,197,7888
SK,2020-11-29,351,8239
SK,2020-11-30,325,8564
SK,2020-12-01,181,8745
SK,2020-12-02,237,8982
SK,2020-12-03,262,9244
SK,2020-12-04,283,9527
SK,2020-12-05,203,9730
SK,2020-12-06,409,10139
SK,2020-12-07,273,10412
SK,2020-12-08,185,10597
SK,2020-12-09,302,10899
SK,2020-12-10,324,11223
SK,2020-12-11,252,11475
SK,2020-12-12,274,11749
SK,2020-12-13,222,11971
SK,2020-12-14,267,12238
SK,2020-12-15,194,12432
SK,2020-12-16,162,12594
SK,2020-12-17,238,12832
SK,2020-12-18,245,13077
SK,2020-12-19,252,13329
SK,2020-12-20,226,13555
SK,2020-12-21,206,13761
SK,2020-12-22,181,13942
SK,2020-12-23,159,14101
SK,2020-12-24,154,14255
SK,2020-12-25,0,14255
SK,2020-12-26,0,14255
SK,2020-12-27,559,14814
SK,2020-12-28,0,14814
SK,2020-12-29,208,15022
SK,2020-12-30,138,15160
SK,2020-12-31,190,15350
SK,2021-01-01,0,15350
SK,2021-01-02,495,15845
SK,2021-01-03,238,16083
SK,2021-01-04,284,16367
SK,2021-01-05,153,16520
SK,2021-01-06,284,16804
SK,2021-01-07,334,17138
SK,2021-01-08,336,17474
SK,2021-01-09,329,17803
SK,2021-01-10,0,17803
SK,2021-01-11,719,18522
SK,2021-01-12,248,18770
SK,2021-01-13,247,19017
SK,2021-01-14,312,19329
SK,2021-01-15,386,19715
SK,2021-01-16,270,19985
SK,2021-01-17,287,20272
SK,2021-01-18,290,20562
SK,2021-01-19,309,20871
SK,2021-01-20,241,21112
SK,2021-01-21,226,21338
SK,2021-01-22,305,21643
SK,2021-01-23,274,21917
SK,2021-01-24,260,22177
SK,2021-01-25,239,22416
SK,2021-01-26,230,22646
SK,2021-01-27,148,22794
SK,2021-01-28,244,23038
SK,2021-01-29,328,23366
SK,2021-01-30,260,23626
SK,2021-01-31,238,23864
SK,2021-02-01,147,24011
SK,2021-02-02,225,24236
SK,2021-02-03,194,24430
SK,2021-02-04,250,24680
SK,2021-02-05,266,24946
SK,2021-02-06,263,25209
SK,2021-02-07,194,25403
SK,2021-02-08,171,25574
SK,2021-02-09,80,25654
SK,2021-02-10,189,25843
SK,2021-02-11,114,25957
SK,2021-02-12,188,26145
SK,2021-02-13,244,26389
SK,2021-02-14,161,26550
SK,2021-02-15,143,26693
SK,2021-02-16,136,26829
SK,2021-02-17,124,26953
SK,2021-02-18,146,27099
SK,2021-02-19,146,27245
SK,2021-02-20,193,27438
SK,2021-02-21,182,27620
SK,2021-02-22,177,27797
SK,2021-02-23,126,27923
SK,2021-02-24,57,27980
SK,2021-02-25,211,28191
SK,2021-02-26,153,28344
SK,2021-02-27,162,28506
SK,2021-02-28,141,28647
SK,2021-03-01,154,28801
SK,2021-03-02,137,28938
SK,2021-03-03,121,29059
SK,2021-03-04,161,29220
SK,2021-03-05,212,29432
SK,2021-03-06,161,29593
SK,2021-03-07,116,29709
SK,2021-03-08,98,29807
SK,2021-03-09,111,29918
SK,2021-03-10,111,30029
SK,2021-03-11,164,30193
SK,2021-03-12,176,30369
SK,2021-03-13,153,30522
SK,2021-03-14,98,30620
SK,2021-03-15,107,30727
SK,2021-03-16,156,30883
SK,2021-03-17,87,30970
SK,2021-03-18,115,31085
SK,2021-03-19,174,31259
SK,2021-03-20,200,31459
SK,2021-03-21,178,31637
SK,2021-03-22,205,31842
SK,2021-03-23,149,31991
SK,2021-03-24,190,32181
SK,2021-03-25,165,32346
SK,2021-03-26,213,32559
SK,2021-03-27,224,32783
SK,2021-03-28,248,33031
SK,2021-03-29,203,33234
SK,2021-03-30,165,33399
SK,2021-03-31,191,33590
SK,2021-04-01,199,33789
SK,2021-04-02,254,34043
SK,2021-04-03,281,34324
SK,2021-04-04,220,34544
SK,2021-04-05,217,34761
SK,2021-04-06,220,34981
SK,2021-04-07,190,35171
SK,2021-04-08,205,35376
SK,2021-04-09,372,35748
SK,2021-04-10,235,35983
SK,2021-04-11,322,36305
SK,2021-04-12,299,36604
SK,2021-04-13,288,36892
SK,2021-04-14,193,37085
SK,2021-04-15,299,37384
SK,2021-04-16,231,37615
SK,2021-04-17,258,37873
SK,2021-04-18,287,38160
SK,2021-04-19,241,38401
SK,2021-04-20,250,38651
SK,2021-04-21,232,38883
SK,2021-04-22,254,39137
SK,2021-04-23,255,39392
SK,2021-04-24,291,39683
SK,2021-04-25,249,39932
SK,2021-04-26,245,40177
SK,2021-04-27,224,40401
SK,2021-04-28,213,40614
SK,2021-04-29,210,40824
SK,2021-04-30,274,41098
SK,2021-05-01,262,41360
SK,2021-05-02,239,41599
SK,2021-05-03,207,41806
SK,2021-05-04,200,42006
SK,2021-05-05,197,42203
SK,2021-05-06,173,42376
SK,2021-05-07,319,42695
SK,2021-05-08,269,42964
SK,2021-05-09,177,43141
SK,2021-05-10,147,43288
SK,2021-05-11,193,43481
SK,2021-05-12,192,43673
SK,2021-05-13,0,43673
SK,2021-05-14,486,44159
SK,2021-05-15,205,44364
SK,2021-05-16,167,44531
SK,2021-05-17,178,44709
SK,2021-05-18,132,44841
SK,2021-05-19,141,44982
SK,2021-05-20,146,45128
SK,2021-05-21,182,45310
SK,2021-05-22,180,45490
SK,2021-05-23,115,45605
SK,2021-05-24,104,45709
SK,2021-05-25,111,45820
SK,2021-05-26,181,46001
SK,2021-05-27,162,46163
SK,2021-05-28,122,46285
SK,2021-05-29,179,46464
SK,2021-05-30,171,46635
SK,2021-05-31,113,46748
SK,2021-06-01,86,46834
SK,2021-06-02,130,46964
SK,2021-06-03,133,47097
SK,2021-06-04,89,47186
SK,2021-06-05,99,47285
SK,2021-06-06,74,47359
SK,2021-06-07,68,47427
SK,2021-06-08,90,47517
SK,2021-06-09,57,47574
SK,2021-06-10,94,47668
SK,2021-06-11,96,47764
SK,2021-06-12,111,47875
SK,2021-06-13,66,47941
SK,2021-06-14,55,47996
SK,2021-06-15,47,48043
SK,2021-06-16,82,48125
SK,2021-06-17,95,48220
SK,2021-06-18,107,48327
SK,2021-06-19,54,48381
SK,2021-06-20,60,48441
SK,2021-06-21,49,48490
SK,2021-06-22,15,48505
SK,2021-06-23,32,48537
SK,2021-06-24,53,48590
SK,2021-06-25,56,48646
SK,2021-06-26,60,48706
SK,2021-06-27,48,48754
SK,2021-06-28,17,48771
SK,2021-06-29,52,48823
SK,2021-06-30,31,48854
SK,2021-07-01,7,48861
SK,2021-07-02,21,48882
SK,2021-07-03,49,48931
SK,2021-07-04,27,48958
SK,2021-07-05,20,48978
SK,2021-07-06,14,48992
SK,2021-07-07,47,49039
SK,2021-07-08,113,49152
SK,2021-07-09,46,49198
SK,2021-07-10,42,49240
SK,2021-07-11,20,49260
SK,2021-07-12,19,49279
SK,2021-07-13,25,49304
SK,2021-07-14,18,49322
SK,2021-07-15,19,49341
SK,2021-07-16,21,49362
SK,2021-07-17,35,49397
SK,2021-07-18,36,49433
SK,2021-07-19,17,49450
SK,2021-07-20,22,49472
SK,2021-07-21,53,49525
SK,2021-07-22,31,49556
SK,2021-07-23,52,49608
SK,2021-07-24,48,49656
SK,2021-07-25,27,49683
SK,2021-07-26,44,49727
SK,2021-07-27,38,49765
SK,2021-07-28,65,49830
SK,2021-07-29,52,49882
SK,2021-07-30,58,49940
SK,2021-07-31,84,50024
SK,2021-08-01,43,50067
SK,2021-08-02,29,50096
SK,2021-08-03,24,50120
SK,2021-08-04,61,50181
SK,2021-08-05,70,50251
SK,2021-08-06,87,50338
SK,2021-08-07,139,50477
SK,2021-08-08,81,50558
SK,2021-08-09,56,50614
SK,2021-08-10,65,50679
SK,2021-08-11,92,50771
SK,2021-08-12,141,50912
SK,2021-08-13,122,51034
SK,2021-08-14,128,51162
SK,2021-08-15,143,51305
SK,2021-08-16,85,51390
SK,2021-08-17,109,51499
SK,2021-08-18,131,51630
SK,2021-08-19,191,51821
SK,2021-08-20,244,52065
SK,2021-08-21,187,52252
SK,2021-08-22,220,52472
SK,2021-08-23,188,52660
SK,2021-08-24,140,52800
SK,2021-08-25,45,52845
SK,2021-08-26,159,53004
SK,2021-08-27,258,53262
SK,2021-08-28,355,53617
SK,2021-08-29,258,53875
SK,2021-08-30,201,54076
SK,2021-08-31,291,54367
SK,2021-09-01,321,54688
SK,2021-09-02,265,54953
SK,2021-09-03,443,55396
SK,2021-09-04,354,55750
SK,2021-09-05,389,56139
SK,2021-09-06,394,56533
SK,2021-09-07,305,56838
SK,2021-09-08,405,57243
SK,2021-09-09,278,57521
SK,2021-09-10,431,57952
SK,2021-09-11,341,58293
SK,2021-09-12,422,58715
SK,2021-09-13,450,59165
SK,2021-09-14,508,59673
SK,2021-09-15,476,60149
SK,2021-09-16,440,60589
SK,2021-09-17,476,61065
SK,2021-09-18,493,61558
SK,2021-09-19,543,62101
SK,2021-09-20,519,62620
SK,2021-09-21,369,62989
SK,2021-09-22,426,63415
SK,2021-09-23,460,63875
SK,2021-09-24,527,64402
SK,2021-09-25,547,64949
SK,2021-09-26,552,65501
SK,2021-09-27,396,65897
SK,2021-09-28,446,66343
SK,2021-09-29,394,66737
SK,2021-09-30,602,67339
SK,2021-10-01,471,67810
SK,2021-10-02,480,68290
SK,2021-10-03,354,68644
SK,2021-10-04,445,69089
SK,2021-10-05,242,69331
SK,2021-10-06,478,69809
SK,2021-10-07,648,70457
SK,2021-10-08,577,71034
SK,2021-10-09,492,71526
SK,2021-10-10,507,72033
SK,2021-10-11,425,72458
SK,2021-10-12,272,72730
SK,2021-10-13,327,73057
SK,2021-10-14,293,73350
SK,2021-10-15,312,73662
SK,2021-10-16,412,74074
SK,2021-10-17,320,74394
SK,2021-10-18,279,74673
SK,2021-10-19,267,74940
SK,2021-10-20,245,75185
SK,2021-10-21,355,75540
SK,2021-10-22,302,75842
SK,2021-10-23,232,76074
SK,2021-10-24,237,76311
SK,2021-10-25,170,76481
SK,2021-10-26,126,76607
SK,2021-10-27,223,76830
SK,2021-10-28,237,77067
SK,2021-10-29,238,77305
SK,2021-10-30,189,77494
SK,2021-10-31,170,77664
SK,2021-11-01,129,77793
SK,2021-11-02,109,77902
SK,2021-11-03,173,78075
SK,2021-11-04,187,78262
SK,2021-11-05,141,78403
SK,2021-11-06,164,78567
SK,2021-11-07,157,78724
SK,2021-11-08,100,78824
SK,2021-11-09,86,78910
SK,2021-11-10,120,79030
SK,2021-11-11,182,79212
SK,2021-11-12,122,79334
SK,2021-11-13,53,79387
SK,2021-11-14,110,79497
SK,2021-11-15,97,79594
SK,2021-11-16,16,79610
SK,2021-11-17,173,79783
SK,2021-11-18,154,79937
SK,2021-11-19,88,80025
SK,2021-11-20,253,80278
SK,2021-11-21,62,80340
SK,2021-11-22,73,80413
SK,2021-11-23,68,80481
SK,2021-11-24,90,80571
SK,2021-11-25,96,80667
SK,2021-11-26,108,80775
SK,2021-11-27,73,80848
SK,2021-11-28,53,80901
SK,2021-11-29,49,80950
SK,2021-11-30,42,80992
SK,2021-12-01,82,81074
SK,2021-12-02,71,81145
SK,2021-12-03,80,81225
SK,2021-12-04,68,81293
SK,2021-12-05,70,81363
SK,2021-12-06,47,81410
SK,2021-12-07,52,81462
SK,2021-12-08,48,81510
SK,2021-12-09,62,81572
SK,2021-12-10,74,81646
SK,2021-12-11,134,81780
SK,2021-12-12,37,81817
SK,2021-12-13,35,81852
SK,2021-12-14,47,81899
SK,2021-12-15,62,81961
SK,2021-12-16,54,82015
SK,2021-12-17,54,82069
SK,2021-12-18,62,82131
SK,2021-12-19,77,82208
SK,2021-12-20,59,82267
SK,2021-12-21,67,82334
SK,2021-12-22,108,82442
SK,2021-12-23,198,82640
SK,2021-12-24,0,82640
SK,2021-12-25,0,82640
SK,2021-12-26,0,82640
SK,2021-12-27,0,82640
SK,2021-12-28,918,83558
SK,2021-12-29,297,83855
SK,2021-12-30,591,84446
SK,2021-12-31,742,85188
SK,2022-01-01,0,85188
SK,2022-01-02,0,85188
SK,2022-01-03,0,85188
SK,2022-01-04,1979,87167
SK,2022-01-05,541,87708
SK,2022-01-06,930,88638
SK,2022-01-07,1183,89821
SK,2022-01-08,944,90765
SK,2022-01-09,1095,91860
SK,2022-01-10,1080,92940
SK,2022-01-11,1140,94080
SK,2022-01-12,1094,95174
SK,2022-01-13,951,96125
SK,2022-01-14,1420,97545
SK,2022-01-15,1154,98699
SK,2022-01-16,1474,100173
SK,2022-01-17,1364,101537
SK,2022-01-18,1104,102641
SK,2022-01-19,1260,103901
SK,2022-01-20,1171,105072
SK,2022-01-21,1256,106328
SK,2022-01-22,1514,107842
SK,2022-01-23,1642,109484
SK,2022-01-24,915,110399
SK,2022-01-25,1048,111447
SK,2022-01-26,1246,112693
SK,2022-01-27,1300,113993
SK,2022-01-28,1412,115405
SK,2022-01-29,1106,116511
SK,2022-01-30,1347,117858
SK,2022-01-31,748,118606
SK,2022-02-01,666,119272
SK,2022-02-02,622,119894
SK,2022-02-03,851,120745
SK,2022-02-04,771,121516
SK,2022-02-05,1009,122525
SK,2022-02-06,733,123258
SK,2022-02-07,0,123258
SK,2022-02-08,0,123258
SK,2022-02-09,0,123258
SK,2022-02-10,0,123258
SK,2022-02-11,0,123258
SK,2022-02-12,1036,124294
SK,2022-02-13,0,124294
SK,2022-02-14,0,124294
SK,2022-02-15,0,124294
SK,2022-02-16,0,124294
SK,2022-02-17,0,124294
SK,2022-02-18,0,124294
SK,2022-02-19,1407,125701
SK,2022-02-20,0,125701
SK,2022-02-21,0,125701
SK,2022-02-22,0,125701
SK,2022-02-23,0,125701
SK,2022-02-24,0,125701
SK,2022-02-25,0,125701
SK,2022-02-26,1102,126803
SK,2022-02-27,0,126803
SK,2022-02-28,0,126803
SK,2022-03-01,0,126803
SK,2022-03-02,0,126803
SK,2022-03-03,0,126803
SK,2022-03-04,0,126803
SK,2022-03-05,1013,127816
SK,2022-03-06,0,127816
SK,2022-03-07,0,127816
SK,2022-03-08,0,127816
SK,2022-03-09,0,127816
SK,2022-03-10,0,127816
SK,2022-03-11,0,127816
SK,2022-03-12,832,128648
SK,2022-03-13,0,128648
SK,2022-03-14,0,128648
SK,2022-03-15,0,128648
SK,2022-03-16,0,128648
SK,2022-03-17,0,128648
SK,2022-03-18,0,128648
SK,2022-03-19,895,129543
SK,2022-03-20,0,129543
SK,2022-03-21,0,129543
SK,2022-03-22,0,129543
SK,2022-03-23,0,129543
SK,2022-03-24,0,129543
SK,2022-03-25,0,129543
SK,2022-03-26,1196,130739
SK,2022-03-27,0,130739
SK,2022-03-28,0,130739
SK,2022-03-29,0,130739
SK,2022-03-30,0,130739
SK,2022-03-31,0,130739
SK,2022-04-01,0,130739
SK,2022-04-02,1032,131771
SK,2022-04-03,0,131771
SK,2022-04-04,0,131771
SK,2022-04-05,0,131771
SK,2022-04-06,0,131771
SK,2022-04-07,0,131771
SK,2022-04-08,0,131771
SK,2022-04-09,1051,132822
SK,2022-04-10,0,132822
SK,2022-04-11,0,132822
SK,2022-04-12,0,132822
SK,2022-04-13,0,132822
SK,2022-04-14,0,132822
SK,2022-04-15,0,132822
SK,2022-04-16,890,133712
SK,2022-04-17,0,133712
SK,2022-04-18,0,133712
SK,2022-04-19,0,133712
SK,2022-04-20,0,133712
SK,2022-04-21,0,133712
SK,2022-04-22,0,133712
SK,2022-04-23,829,134541
SK,2022-04-24,0,134541
SK,2022-04-25,0,134541
SK,2022-04-26,0,134541
SK,2022-04-27,0,134541
SK,2022-04-28,0,134541
SK,2022-04-29,0,134541
SK,2022-04-30,766,135307
SK,2022-05-01,0,135307
SK,2022-05-02,0,135307
SK,2022-05-03,0,135307
SK,2022-05-04,0,135307
SK,2022-05-05,0,135307
SK,2022-05-06,0,135307
SK,2022-05-07,710,136017
SK,2022-05-08,0,136017
SK,2022-05-09,0,136017
SK,2022-05-10,0,136017
SK,2022-05-11,0,136017
SK,2022-05-12,0,136017
SK,2022-05-13,0,136017
SK,2022-05-14,465,136482
SK,2022-05-15,0,136482
SK,2022-05-16,0,136482
SK,2022-05-17,0,136482
SK,2022-05-18,0,136482
SK,2022-05-19,0,136482
SK,2022-05-20,0,136482
SK,2022-05-21,376,136858
SK,2022-05-22,0,136858
SK,2022-05-23,0,136858
SK,2022-05-24,0,136858
SK,2022-05-25,0,136858
SK,2022-05-26,0,136858
SK,2022-05-27,0,136858
SK,2022-05-28,364,137222
SK,2022-05-29,0,137222
SK,2022-05-30,0,137222
SK,2022-05-31,0,137222
SK,2022-06-01,0,137222
SK,2022-06-02,0,137222
SK,2022-06-03,0,137222
SK,2022-06-04,285,137507
SK,2022-06-05,0,137507
SK,2022-06-06,0,137507
SK,2022-06-07,0,137507
SK,2022-06-08,0,137507
SK,2022-06-09,0,137507
SK,2022-06-10,0,137507
SK,2022-06-11,394,137901
SK,2022-06-12,0,137901
SK,2022-06-13,0,137901
SK,2022-06-14,0,137901
SK,2022-06-15,0,137901
SK,2022-06-16,0,137901
SK,2022-06-17,0,137901
SK,2022-06-18,231,138132
SK,2022-06-19,0,138132
SK,2022-06-20,0,138132
SK,2022-06-21,0,138132
SK,2022-06-22,0,138132
SK,2022-06-23,0,138132
SK,2022-06-24,0,138132
SK,2022-06-25,208,138340
SK,2022-06-26,0,138340
SK,2022-06-27,0,138340
SK,2022-06-28,0,138340
SK,2022-06-29,0,138340
SK,2022-06-30,0,138340
SK,2022-07-01,0,138340
SK,2022-07-02,0,138340
SK,2022-07-03,0,138340
SK,2022-07-04,0,138340
SK,2022-07-05,0,138340
SK,2022-07-06,0,138340
SK,2022-07-07,0,138340
SK,2022-07-08,0,138340
SK,2022-07-09,0,138340
SK,2022-07-10,0,138340
SK,2022-07-11,0,138340
SK,2022-07-12,0,138340
SK,2022-07-13,0,138340
SK,2022-07-14,0,138340
SK,2022-07-15,0,138340
SK,2022-07-16,628,138968
SK,2022-07-17,0,138968
SK,2022-07-18,0,138968
SK,2022-07-19,0,138968
SK,2022-07-20,0,138968
SK,2022-07-21,0,138968
SK,2022-07-22,0,138968
SK,2022-07-23,0,138968
SK,2022-07-24,0,138968
SK,2022-07-25,0,138968
SK,2022-07-26,0,138968
SK,2022-07-27,0,138968
SK,2022-07-28,0,138968
SK,2022-07-29,0,138968
SK,2022-07-30,0,138968
SK,2022-07-31,0,138968
SK,2022-08-01,0,138968
SK,2022-08-02,0,138968
SK,2022-08-03,0,138968
SK,2022-08-04,0,138968
SK,2022-08-05,0,138968
SK,2022-08-06,0,138968
SK,2022-08-07,0,138968
SK,2022-08-08,0,138968
SK,2022-08-09,0,138968
SK,2022-08-10,0,138968
SK,2022-08-11,0,138968
SK,2022-08-12,0,138968
SK,2022-08-13,1524,140492
SK,2022-08-14,0,140492
SK,2022-08-15,0,140492
SK,2022-08-16,0,140492
SK,2022-08-17,0,140492
SK,2022-08-18,0,140492
SK,2022-08-19,0,140492
SK,2022-08-20,0,140492
SK,2022-08-21,0,140492
SK,2022-08-22,0,140492
SK,2022-08-23,0,140492
SK,2022-08-24,0,140492
SK,2022-08-25,0,140492
SK,2022-08-26,0,140492
SK,2022-08-27,0,140492
SK,2022-08-28,0,140492
SK,2022-08-29,0,140492
SK,2022-08-30,0,140492
SK,2022-08-31,0,140492
SK,2022-09-01,0,140492
SK,2022-09-02,0,140492
SK,2022-09-03,0,140492
SK,2022-09-04,0,140492
SK,2022-09-05,0,140492
SK,2022-09-06,0,140492
SK,2022-09-07,0,140492
SK,2022-09-08,0,140492
SK,2022-09-09,0,140492
SK,2022-09-10,1932,142424
SK,2022-09-11,0,142424
SK,2022-09-12,0,142424
SK,2022-09-13,0,142424
SK,2022-09-14,0,142424
SK,2022-09-15,0,142424
SK,2022-09-16,0,142424
SK,2022-09-17,488,142912
SK,2022-09-18,0,142912
SK,2022-09-19,0,142912
SK,2022-09-20,0,142912
SK,2022-09-21,0,142912
SK,2022-09-22,0,142912
SK,2022-09-23,0,142912
SK,2022-09-24,469,143381
SK,2022-09-25,0,143381
SK,2022-09-26,0,143381
SK,2022-09-27,0,143381
SK,2022-09-28,0,143381
SK,2022-09-29,0,143381
SK,2022-09-30,0,143381
SK,2022-10-01,556,143937
SK,2022-10-02,0,143937
SK,2022-10-03,0,143937
SK,2022-10-04,0,143937
SK,2022-10-05,0,143937
SK,2022-10-06,0,143937
SK,2022-10-07,0,143937
SK,2022-10-08,474,144411
SK,2022-10-09,0,144411
SK,2022-10-10,0,144411
SK,2022-10-11,0,144411
SK,2022-10-12,0,144411
SK,2022-10-13,0,144411
SK,2022-10-14,0,144411
SK,2022-10-15,488,144899
SK,2022-10-16,0,144899
SK,2022-10-17,0,144899
SK,2022-10-18,0,144899
SK,2022-10-19,0,144899
SK,2022-10-20,0,144899
SK,2022-10-21,0,144899
SK,2022-10-22,666,145565
SK,2022-10-23,0,145565
SK,2022-10-24,0,145565
SK,2022-10-25,0,145565
SK,2022-10-26,0,145565
SK,2022-10-27,0,145565
SK,2022-10-28,0,145565
SK,2022-10-29,800,146365
SK,2022-10-30,0,146365
SK,2022-10-31,0,146365
SK,2022-11-01,0,146365
SK,2022-11-02,0,146365
SK,2022-11-03,0,146365
SK,2022-11-04,0,146365
SK,2022-11-05,600,146965
SK,2022-11-06,0,146965
SK,2022-11-07,0,146965
SK,2022-11-08,0,146965
SK,2022-11-09,0,146965
SK,2022-11-10,0,146965
SK,2022-11-11,0,146965
SK,2022-11-12,448,147413
SK,2022-11-13,0,147413
SK,2022-11-14,0,147413
SK,2022-11-15,0,147413
SK,2022-11-16,0,147413
SK,2022-11-17,0,147413
SK,2022-11-18,0,147413
SK,2022-11-19,453,147866
SK,2022-11-20,0,147866
SK,2022-11-21,0,147866
SK,2022-11-22,0,147866
SK,2022-11-23,0,147866
SK,2022-11-24,0,147866
SK,2022-11-25,0,147866
SK,2022-11-26,489,148355
SK,2022-11-27,0,148355
SK,2022-11-28,0,148355
SK,2022-11-29,0,148355
SK,2022-11-30,0,148355
SK,2022-12-01,0,148355
SK,2022-12-02,0,148355
SK,2022-12-03,461,148816
SK,2022-12-04,0,148816
SK,2022-12-05,0,148816
SK,2022-12-06,0,148816
SK,2022-12-07,0,148816
SK,2022-12-08,0,148816
SK,2022-12-09,0,148816
SK,2022-12-10,427,149243
SK,2022-12-11,0,149243
SK,2022-12-12,0,149243
SK,2022-12-13,0,149243
SK,2022-12-14,0,149243
SK,2022-12-15,0,149243
SK,2022-12-16,0,149243
SK,2022-12-17,376,149619
SK,2022-12-18,0,149619
SK,2022-12-19,0,149619
SK,2022-12-20,0,149619
SK,2022-12-21,0,149619
SK,2022-12-22,0,149619
SK,2022-12-23,0,149619
SK,2022-12-24,326,149945
SK,2022-12-25,0,149945
SK,2022-12-26,0,149945
SK,2022-12-27,0,149945
SK,2022-12-28,0,149945
SK,2022-12-29,0,149945
SK,2022-12-30,0,149945
SK,2022-12-31,302,150247
YT,2020-03-19,2,2
YT,2020-03-20,0,2
YT,2020-03-21,0,2
YT,2020-03-22,0,2
YT,2020-03-23,1,3
YT,2020-03-24,1,4
YT,2020-03-25,0,4
YT,2020-03-26,1,5
YT,2020-03-27,1,6
YT,2020-03-28,1,7
YT,2020-03-29,0,7
YT,2020-03-30,0,7
YT,2020-03-31,2,9
YT,2020-04-01,0,9
YT,2020-04-02,1,10
YT,2020-04-03,0,10
YT,2020-04-04,1,11
YT,2020-04-05,0,11
YT,2020-04-06,0,11
YT,2020-04-07,0,11
YT,2020-04-08,0,11
YT,2020-04-09,0,11
YT,2020-04-10,0,11
YT,2020-04-11,0,11
YT,2020-04-12,0,11
YT,2020-04-13,0,11
YT,2020-04-14,0,11
YT,2020-04-15,0,11
YT,2020-04-16,0,11
YT,2020-04-17,1,12
YT,2020-04-18,2,14
YT,2020-04-19,0,14
YT,2020-04-20,0,14
YT,2020-04-21,0,14
YT,2020-04-22,0,14
YT,2020-04-23,0,14
YT,2020-04-24,0,14
YT,2020-04-25,0,14
YT,2020-04-26,0,14
YT,2020-04-27,0,14
YT,2020-04-28,0,14
YT,2020-04-29,0,14
YT,2020-04-30,0,14
YT,2020-05-01,0,14
YT,2020-05-02,0,14
YT,2020-05-03,0,14
YT,2020-05-04,0,14
YT,2020-05-05,0,14
YT,2020-05-06,0,14
YT,2020-05-07,0,14
YT,2020-05-08,0,14
YT,2020-05-09,0,14
YT,2020-05-10,0,14
YT,2020-05-11,0,14
YT,2020-05-12,0,14
YT,2020-05-13,0,14
YT,2020-05-14,0,14
YT,2020-05-15,0,14
YT,2020-05-16,0,14
YT,2020-05-17,0,14
YT,2020-05-18,0,14
YT,2020-05-19,0,14
YT,2020-05-20,0,14
YT,2020-05-21,0,14
YT,2020-05-22,0,14
YT,2020-05-23,0,14
YT,2020-05-24,0,14
YT,2020-05-25,0,14
YT,2020-05-26,0,14
YT,2020-05-27,0,14
YT,2020-05-28,0,14
YT,2020-05-29,0,14
YT,2020-05-30,0,14
YT,2020-05-31,0,14
YT,2020-06-01,0,14
YT,2020-06-02,0,14
YT,2020-06-03,0,14
YT,2020-06-04,0,14
YT,2020-06-05,0,14
YT,2020-06-06,0,14
YT,2020-06-07,0,14
YT,2020-06-08,0,14
YT,2020-06-09,0,14
YT,2020-06-10,0,14
YT,2020-06-11,0,14
YT,2020-06-12,0,14
YT,2020-06-13,0,14
YT,2020-06-14,0,14
YT,2020-06-15,0,14
YT,2020-06-16,0,14
YT,2020-06-17,0,14
YT,2020-06-18,0,14
YT,2020-06-19,0,14
YT,2020-06-20,0,14
YT,2020-06-21,0,14
YT,2020-06-22,0,14
YT,2020-06-23,0,14
YT,2020-06-24,0,14
YT,2020-06-25,0,14
YT,2020-06-26,0,14
YT,2020-06-27,0,14
YT,2020-06-28,0,14
YT,2020-06-29,0,14
YT,2020-06-30,0,14
YT,2020-07-01,0,14
YT,2020-07-02,0,14
YT,2020-07-03,0,14
YT,2020-07-04,0,14
YT,2020-07-05,0,14
YT,2020-07-06,0,14
YT,2020-07-07,0,14
YT,2020-07-08,0,14
YT,2020-07-09,0,14
YT,2020-07-10,0,14
YT,2020-07-11,0,14
YT,2020-07-12,0,14
YT,2020-07-13,0,14
YT,2020-07-14,0,14
YT,2020-07-15,0,14
YT,2020-07-16,1,15
YT,2020-07-17,3,18
YT,2020-07-18,0,18
YT,2020-07-19,0,18
YT,2020-07-20,0,18
YT,2020-07-21,0,18
YT,2020-07-22,0,18
YT,2020-07-23,0,18
YT,2020-07-24,0,18
YT,2020-07-25,0,18
YT,2020-07-26,0,18
YT,2020-07-27,0,18
YT,2020-07-28,0,18
YT,2020-07-29,0,18
YT,2020-07-30,0,18
YT,2020-07-31,0,18
YT,2020-08-01,0,18
YT,2020-08-02,0,18
YT,2020-08-03,0,18
YT,2020-08-04,0,18
YT,2020-08-05,0,18
YT,2020-08-06,0,18
YT,2020-08-07,0,18
YT,2020-08-08,1,19
YT,2020-08-09,0,19
YT,2020-08-10,0,19
YT,2020-08-11,0,19
YT,2020-08-12,0,19
YT,2020-08-13,0,19
YT,2020-08-14,0,19
YT,2020-08-15,0,19
YT,2020-08-16,0,19
YT,2020-08-17,0,19
YT,2020-08-18,0,19
YT,2020-08-19,0,19
YT,2020-08-20,0,19
YT,2020-08-21,0,19
YT,2020-08-22,0,19
YT,2020-08-23,0,19
YT,2020-08-24,0,19
YT,2020-08-25,0,19
YT,2020-08-26,0,19
YT,2020-08-27,0,19
YT,2020-08-28,0,19
YT,2020-08-29,0,19
YT,2020-08-30,0,19
YT,2020-08-31,0,19
YT,2020-09-01,0,19
YT,2020-09-02,0,19
YT,2020-09-03,0,19
YT,2020-09-04,0,19
YT,2020-09-05,0,19
YT,2020-09-06,0,19
YT,2020-09-07,0,19
YT,2020-09-08,0,19
YT,2020-09-09,0,19
YT,2020-09-10,0,19
YT,2020-09-11,0,19
YT,2020-09-12,0,19
YT,2020-09-13,0,19
YT,2020-09-14,0,19
YT,2020-09-15,0,19
YT,2020-09-16,0,19
YT,2020-09-17,0,19
YT,2020-09-18,0,19
YT,2020-09-19,0,19
YT,2020-09-20,0,19
YT,2020-09-21,0,19
YT,2020-09-22,0,19
YT,2020-09-23,0,19
YT,2020-09-24,0,19
YT,2020-09-25,1,20
YT,2020-09-26,0,20
YT,2020-09-27,0,20
YT,2020-09-28,0,20
YT,2020-09-29,0,20
YT,2020-09-30,0,20
YT,2020-10-01,0,20
YT,2020-10-02,0,20
YT,2020-10-03,0,20
YT,2020-10-04,0,20
YT,2020-10-05,0,20
YT,2020-10-06,0,20
YT,2020-10-07,0,20
YT,2020-10-08,0,20
YT,2020-10-09,0,20
YT,2020-10-10,0,20
YT,2020-10-11,0,20
YT,2020-10-12,0,20
YT,2020-10-13,0,20
YT,2020-10-14,0,20
YT,2020-10-15,0,20
YT,2020-10-16,0,20
YT,2020-10-17,0,20
YT,2020-10-18,2,22
YT,2020-10-19,1,23
YT,2020-10-20,0,23
YT,2020-10-21,0,23
YT,2020-10-22,3,26
YT,2020-10-23,0,26
YT,2020-10-24,0,26
YT,2020-10-25,0,26
YT,2020-10-26,2,28
YT,2020-10-27,0,28
YT,2020-10-28,0,28
YT,2020-10-29,0,28
YT,2020-10-30,0,28
YT,2020-10-31,0,28
YT,2020-11-01,0,28
YT,2020-11-02,0,28
YT,2020-11-03,1,29
YT,2020-11-04,0,29
YT,2020-11-05,0,29
YT,2020-11-06,0,29
YT,2020-11-07,0,29
YT,2020-11-08,0,29
YT,2020-11-09,1,30
YT,2020-11-10,0,30
YT,2020-11-11,1,31
YT,2020-11-12,0,31
YT,2020-11-13,0,31
YT,2020-11-14,2,33
YT,2020-11-15,0,33
YT,2020-11-16,1,34
YT,2020-11-17,0,34
YT,2020-11-18,6,40
YT,2020-11-19,4,44
YT,2020-11-20,0,44
YT,2020-11-21,2,46
YT,2020-11-22,0,46
YT,2020-11-23,2,48
YT,2020-11-24,1,49
YT,2020-11-25,3,52
YT,2020-11-26,2,54
YT,2020-11-27,2,56
YT,2020-11-28,1,57
YT,2020-11-29,1,58
YT,2020-11-30,2,60
YT,2020-12-01,1,61
YT,2020-12-02,2,63
YT,2020-12-03,4,67
YT,2020-12-04,0,67
YT,2020-12-05,2,69
YT,2020-12-06,0,69
YT,2020-12-07,0,69
YT,2020-12-08,0,69
YT,2020-12-09,0,69
YT,2020-12-10,0,69
YT,2020-12-11,0,69
YT,2020-12-12,0,69
YT,2020-12-13,0,69
YT,2020-12-14,0,69
YT,2020-12-15,0,69
YT,2020-12-16,0,69
YT,2020-12-17,0,69
YT,2020-12-18,0,69
YT,2020-12-19,0,69
YT,2020-12-20,0,69
YT,2020-12-21,0,69
YT,2020-12-22,0,69
YT,2020-12-23,0,69
YT,2020-12-24,1,70
YT,2020-12-25,0,70
YT,2020-12-26,0,70
YT,2020-12-27,0,70
YT,2020-12-28,0,70
YT,2020-12-29,0,70
YT,2020-12-30,0,70
YT,2020-12-31,1,71
YT,2021-01-01,7,78
YT,2021-01-02,0,78
YT,2021-01-03,1,79
YT,2021-01-04,1,80
YT,2021-01-05,1,81
YT,2021-01-06,2,83
YT,2021-01-07,0,83
YT,2021-01-08,0,83
YT,2021-01-09,0,83
YT,2021-01-10,0,83
YT,2021-01-11,0,83
YT,2021-01-12,0,83
YT,2021-01-13,0,83
YT,2021-01-14,0,83
YT,2021-01-15,0,83
YT,2021-01-16,0,83
YT,2021-01-17,0,83
YT,2021-01-18,0,83
YT,2021-01-19,0,83
YT,2021-01-20,0,83
YT,2021-01-21,0,83
YT,2021-01-22,0,83
YT,2021-01-23,0,83
YT,2021-01-24,0,83
YT,2021-01-25,0,83
YT,2021-01-26,0,83
YT,2021-01-27,0,83
YT,2021-01-28,0,83
YT,2021-01-29,0,83
YT,2021-01-30,0,83
YT,2021-01-31,0,83
YT,2021-02-01,0,83
YT,2021-02-02,0,83
YT,2021-02-03,0,83
YT,2021-02-04,0,83
YT,2021-02-05,0,83
YT,2021-02-06,1,84
YT,2021-02-07,0,84
YT,2021-02-08,0,84
YT,2021-02-09,0,84
YT,2021-02-10,0,84
YT,2021-02-11,0,84
YT,2021-02-12,1,85
YT,2021-02-13,1,86
YT,2021-02-14,0,86
YT,2021-02-15,0,86
YT,2021-02-16,0,86
YT,2021-02-17,0,86
YT,2021-02-18,0,86
YT,2021-02-19,0,86
YT,2021-02-20,0,86
YT,2021-02-21,0,86
YT,2021-02-22,0,86
YT,2021-02-23,0,86
YT,2021-02-24,0,86
YT,2021-02-25,0,86
YT,2021-02-26,0,86
YT,2021-02-27,0,86
YT,2021-02-28,0,86
YT,2021-03-01,0,86
YT,2021-03-02,0,86
YT,2021-03-03,0,86
YT,2021-03-04,0,86
YT,2021-03-05,0,86
YT,2021-03-06,0,86
YT,2021-03-07,0,86
YT,2021-03-08,0,86
YT,2021-03-09,0,86
YT,2021-03-10,0,86
YT,2021-03-11,0,86
YT,2021-03-12,0,86
YT,2021-03-13,0,86
YT,2021-03-14,1,87
YT,2021-03-15,0,87
YT,2021-03-16,0,87
YT,2021-03-17,0,87
YT,2021-03-18,0,87
YT,2021-03-19,0,87
YT,2021-03-20,0,87
YT,2021-03-21,0,87
YT,2021-03-22,0,87
YT,2021-03-23,0,87
YT,2021-03-24,1,88
YT,2021-03-25,0,88
YT,2021-03-26,1,89
YT,2021-03-27,2,91
YT,2021-03-28,0,91
YT,2021-03-29,0,91
YT,2021-03-30,0,91
YT,2021-03-31,0,91
YT,2021-04-01,1,92
YT,2021-04-02,0,92
YT,2021-04-03,0,92
YT,2021-04-04,0,92
YT,2021-04-05,0,92
YT,2021-04-06,0,92
YT,2021-04-07,0,92
YT,2021-04-08,0,92
YT,2021-04-09,0,92
YT,2021-04-10,1,93
YT,2021-04-11,0,93
YT,2021-04-12,4,97
YT,2021-04-13,0,97
YT,2021-04-14,0,97
YT,2021-04-15,0,97
YT,2021-04-16,0,97
YT,2021-04-17,1,98
YT,2021-04-18,0,98
YT,2021-04-19,0,98
YT,2021-04-20,0,98
YT,2021-04-21,2,100
YT,2021-04-22,1,101
YT,2021-04-23,1,102
YT,2021-04-24,0,102
YT,2021-04-25,0,102
YT,2021-04-26,0,102
YT,2021-04-27,0,102
YT,2021-04-28,0,102
YT,2021-04-29,0,102
YT,2021-04-30,1,103
YT,2021-05-01,0,103
YT,2021-05-02,0,103
YT,2021-05-03,0,103
YT,2021-05-04,0,103
YT,2021-05-05,0,103
YT,2021-05-06,0,103
YT,2021-05-07,0,103
YT,2021-05-08,0,103
YT,2021-05-09,0,103
YT,2021-05-10,1,104
YT,2021-05-11,1,105
YT,2021-05-12,0,105
YT,2021-05-13,0,105
YT,2021-05-14,0,105
YT,2021-05-15,0,105
YT,2021-05-16,0,105
YT,2021-05-17,0,105
YT,2021-05-18,0,105
YT,2021-05-19,0,105
YT,2021-05-20,0,105
YT,2021-05-21,0,105
YT,2021-05-22,0,105
YT,2021-05-23,0,105
YT,2021-05-24,0,105
YT,2021-05-25,0,105
YT,2021-05-26,0,105
YT,2021-05-27,0,105
YT,2021-05-28,0,105
YT,2021-05-29,0,105
YT,2021-05-30,0,105
YT,2021-05-31,0,105
YT,2021-06-01,0,105
YT,2021-06-02,0,105
YT,2021-06-03,0,105
YT,2021-06-04,0,105
YT,2021-06-05,4,109
YT,2021-06-06,0,109
YT,2021-06-07,0,109
YT,2021-06-08,2,111
YT,2021-06-09,4,115
YT,2021-06-10,3,118
YT,2021-06-11,5,123
YT,2021-06-12,0,123
YT,2021-06-13,10,133
YT,2021-06-14,10,143
YT,2021-06-15,20,163
YT,2021-06-16,16,179
YT,2021-06-17,16,195
YT,2021-06-18,25,220
YT,2021-06-19,29,249
YT,2021-06-20,7,256
YT,2021-06-21,8,264
YT,2021-06-22,20,284
YT,2021-06-23,5,289
YT,2021-06-24,9,298
YT,2021-06-25,10,308
YT,2021-06-26,26,334
YT,2021-06-27,25,359
YT,2021-06-28,17,376
YT,2021-06-29,15,391
YT,2021-06-30,12,403
YT,2021-07-01,11,414
YT,2021-07-02,16,430
YT,2021-07-03,13,443
YT,2021-07-04,25,468
YT,2021-07-05,13,481
YT,2021-07-06,7,488
YT,2021-07-07,6,494
YT,2021-07-08,13,507
YT,2021-07-09,6,513
YT,2021-07-10,7,520
YT,2021-07-11,6,526
YT,2021-07-12,2,528
YT,2021-07-13,2,530
YT,2021-07-14,3,533
YT,2021-07-15,4,537
YT,2021-07-16,6,543
YT,2021-07-17,13,556
YT,2021-07-18,7,563
YT,2021-07-19,4,567
YT,2021-07-20,8,575
YT,2021-07-21,6,581
YT,2021-07-22,3,584
YT,2021-07-23,10,594
YT,2021-07-24,21,615
YT,2021-07-25,10,625
YT,2021-07-26,3,628
YT,2021-07-27,6,634
YT,2021-07-28,7,641
YT,2021-07-29,5,646
YT,2021-07-30,5,651
YT,2021-07-31,8,659
YT,2021-08-01,3,662
YT,2021-08-02,3,665
YT,2021-08-03,3,668
YT,2021-08-04,2,670
YT,2021-08-05,1,671
YT,2021-08-06,6,677
YT,2021-08-07,2,679
YT,2021-08-08,6,685
YT,2021-08-09,4,689
YT,2021-08-10,4,693
YT,2021-08-11,3,696
YT,2021-08-12,1,697
YT,2021-08-13,6,703
YT,2021-08-14,1,704
YT,2021-08-15,10,714
YT,2021-08-16,0,714
YT,2021-08-17,1,715
YT,2021-08-18,9,724
YT,2021-08-19,5,729
YT,2021-08-20,4,733
YT,2021-08-21,0,733
YT,2021-08-22,1,734
YT,2021-08-23,0,734
YT,2021-08-24,1,735
YT,2021-08-25,1,736
YT,2021-08-26,0,736
YT,2021-08-27,1,737
YT,2021-08-28,3,740
YT,2021-08-29,1,741
YT,2021-08-30,3,744
YT,2021-08-31,1,745
YT,2021-09-01,2,747
YT,2021-09-02,3,750
YT,2021-09-03,2,752
YT,2021-09-04,2,754
YT,2021-09-05,1,755
YT,2021-09-06,0,755
YT,2021-09-07,1,756
YT,2021-09-08,4,760
YT,2021-09-09,0,760
YT,2021-09-10,2,762
YT,2021-09-11,3,765
YT,2021-09-12,0,765
YT,2021-09-13,2,767
YT,2021-09-14,6,773
YT,2021-09-15,2,775
YT,2021-09-16,3,778
YT,2021-09-17,1,779
YT,2021-09-18,6,785
YT,2021-09-19,4,789
YT,2021-09-20,5,794
YT,2021-09-21,7,801
YT,2021-09-22,4,805
YT,2021-09-23,7,812
YT,2021-09-24,7,819
YT,2021-09-25,4,823
YT,2021-09-26,2,825
YT,2021-09-27,4,829
YT,2021-09-28,1,830
YT,2021-09-29,0,830
YT,2021-09-30,1,831
YT,2021-10-01,5,836
YT,2021-10-02,0,836
YT,2021-10-03,8,844
YT,2021-10-04,10,854
YT,2021-10-05,0,854
YT,2021-10-06,16,870
YT,2021-10-07,11,881
YT,2021-10-08,7,888
YT,2021-10-09,4,892
YT,2021-10-10,6,898
YT,2021-10-11,7,905
YT,2021-10-12,11,916
YT,2021-10-13,7,923
YT,2021-10-14,8,931
YT,2021-10-15,3,934
YT,2021-10-16,16,950
YT,2021-10-17,16,966
YT,2021-10-18,4,970
YT,2021-10-19,3,973
YT,2021-10-20,11,984
YT,2021-10-21,5,989
YT,2021-10-22,14,1003
YT,2021-10-23,5,1008
YT,2021-10-24,10,1018
YT,2021-10-25,3,1021
YT,2021-10-26,7,1028
YT,2021-10-27,5,1033
YT,2021-10-28,8,1041
YT,2021-10-29,13,1054
YT,2021-10-30,4,1058
YT,2021-10-31,14,1072
YT,2021-11-01,5,1077
YT,2021-11-02,9,1086
YT,2021-11-03,20,1106
YT,2021-11-04,30,1136
YT,2021-11-05,15,1151
YT,2021-11-06,23,1174
YT,2021-11-07,23,1197
YT,2021-11-08,22,1219
YT,2021-11-09,29,1248
YT,2021-11-10,15,1263
YT,2021-11-11,23,1286
YT,2021-11-12,22,1308
YT,2021-11-13,24,1332
YT,2021-11-14,38,1370
YT,2021-11-15,27,1397
YT,2021-11-16,17,1414
YT,2021-11-17,24,1438
YT,2021-11-18,28,1466
YT,2021-11-19,33,1499
YT,2021-11-20,17,1516
YT,2021-11-21,15,1531
YT,2021-11-22,16,1547
YT,2021-11-23,18,1565
YT,2021-11-24,14,1579
YT,2021-11-25,17,1596
YT,2021-11-26,8,1604
YT,2021-11-27,21,1625
YT,2021-11-28,7,1632
YT,2021-11-29,5,1637
YT,2021-11-30,8,1645
YT,2021-12-01,4,1649
YT,2021-12-02,13,1662
YT,2021-12-03,7,1669
YT,2021-12-04,10,1679
YT,2021-12-05,7,1686
YT,2021-12-06,6,1692
YT,2021-12-07,1,1693
YT,2021-12-08,5,1698
YT,2021-12-09,7,1705
YT,2021-12-10,14,1719
YT,2021-12-11,6,1725
YT,2021-12-12,10,1735
YT,2021-12-13,5,1740
YT,2021-12-14,4,1744
YT,2021-12-15,7,1751
YT,2021-12-16,6,1757
YT,2021-12-17,7,1764
YT,2021-12-18,13,1777
YT,2021-12-19,9,1786
YT,2021-12-20,8,1794
YT,2021-12-21,2,1796
YT,2021-12-22,2,1798
YT,2021-12-23,12,1810
YT,2021-12-24,9,1819
YT,2021-12-25,1,1820
YT,2021-12-26,4,1824
YT,2021-12-27,3,1827
YT,2021-12-28,9,1836
YT,2021-12-29,14,1850
YT,2021-12-30,39,1889
YT,2021-12-31,31,1920
YT,2022-01-01,54,1974
YT,2022-01-02,35,2009
YT,2022-01-03,76,2085
YT,2022-01-04,38,2123
YT,2022-01-05,78,2201
YT,2022-01-06,73,2274
YT,2022-01-07,48,2322
YT,2022-01-08,85,2407
YT,2022-01-09,56,2463
YT,2022-01-10,68,2531
YT,2022-01-11,130,2661
YT,2022-01-12,76,2737
YT,2022-01-13,65,2802
YT,2022-01-14,53,2855
YT,2022-01-15,64,2919
YT,2022-01-16,38,2957
YT,2022-01-17,22,2979
YT,2022-01-18,32,3011
YT,2022-01-19,47,3058
YT,2022-01-20,49,3107
YT,2022-01-21,42,3149
YT,2022-01-22,39,3188
YT,2022-01-23,34,3222
YT,2022-01-24,39,3261
YT,2022-01-25,21,3282
YT,2022-01-26,32,3314
YT,2022-01-27,32,3346
YT,2022-01-28,29,3375
YT,2022-01-29,23,3398
YT,2022-01-30,21,3419
YT,2022-01-31,10,3429
YT,2022-02-01,25,3454
YT,2022-02-02,22,3476
YT,2022-02-03,24,3500
YT,2022-02-04,21,3521
YT,2022-02-05,17,3538
YT,2022-02-06,24,3562
YT,2022-02-07,14,3576
YT,2022-02-08,18,3594
YT,2022-02-09,12,3606
YT,2022-02-10,26,3632
YT,2022-02-11,19,3651
YT,2022-02-12,12,3663
YT,2022-02-13,17,3680
YT,2022-02-14,9,3689
YT,2022-02-15,1,3690
YT,2022-02-16,12,3702
YT,2022-02-17,13,3715
YT,2022-02-18,9,3724
YT,2022-02-19,10,3734
YT,2022-02-20,11,3745
YT,2022-02-21,9,3754
YT,2022-02-22,6,3760
YT,2022-02-23,9,3769
YT,2022-02-24,15,3784
YT,2022-02-25,12,3796
YT,2022-02-26,11,3807
YT,2022-02-27,9,3816
YT,2022-02-28,8,3824
YT,2022-03-01,4,3828
YT,2022-03-02,9,3837
YT,2022-03-03,6,3843
YT,2022-03-04,8,3851
YT,2022-03-05,9,3860
YT,2022-03-06,15,3875
YT,2022-03-07,13,3888
YT,2022-03-08,12,3900
YT,2022-03-09,14,3914
YT,2022-03-10,13,3927
YT,2022-03-11,12,3939
YT,2022-03-12,4,3943
YT,2022-03-13,10,3953
YT,2022-03-14,8,3961
YT,2022-03-15,8,3969
YT,2022-03-16,17,3986
YT,2022-03-17,18,4004
YT,2022-03-18,13,4017
YT,2022-03-19,19,4036
YT,2022-03-20,11,4047
YT,2022-03-21,12,4059
YT,2022-03-22,7,4066
YT,2022-03-23,21,4087
YT,2022-03-24,16,4103
YT,2022-03-25,19,4122
YT,2022-03-26,25,4147
YT,2022-03-27,21,4168
YT,2022-03-28,7,4175
YT,2022-03-29,15,4190
YT,2022-03-30,10,4200
YT,2022-03-31,25,4225
YT,2022-04-01,24,4249
YT,2022-04-02,16,4265
YT,2022-04-03,14,4279
YT,2022-04-04,7,4286
YT,2022-04-05,9,4295
YT,2022-04-06,24,4319
YT,2022-04-07,22,4341
YT,2022-04-08,15,4356
YT,2022-04-09,15,4371
YT,2022-04-10,17,4388
YT,2022-04-11,13,4401
YT,2022-04-12,12,4413
YT,2022-04-13,14,4427
YT,2022-04-14,23,4450
YT,2022-04-15,12,4462
YT,2022-04-16,9,4471
YT,2022-04-17,7,4478
YT,2022-04-18,10,4488
YT,2022-04-19,10,4498
YT,2022-04-20,22,4520
YT,2022-04-21,18,4538
YT,2022-04-22,23,4561
YT,2022-04-23,22,4583
YT,2022-04-24,6,4589
YT,2022-04-25,0,4589
YT,2022-04-26,17,4606
YT,2022-04-27,16,4622
YT,2022-04-28,21,4643
YT,2022-04-29,11,4654
YT,2022-04-30,8,4662
YT,2022-05-01,6,4668
YT,2022-05-02,6,4674
YT,2022-05-03,11,4685
YT,2022-05-04,12,4697
YT,2022-05-05,17,4714
YT,2022-05-06,10,4724
YT,2022-05-07,14,4738
YT,2022-05-08,6,4744
YT,2022-05-09,8,4752
YT,2022-05-10,5,4757
YT,2022-05-11,6,4763
YT,2022-05-12,9,4772
YT,2022-05-13,10,4782
YT,2022-05-14,6,4788
YT,2022-05-15,4,4792
YT,2022-05-16,1,4793
YT,2022-05-17,9,4802
YT,2022-05-18,5,4807
YT,2022-05-19,4,4811
YT,2022-05-20,4,4815
YT,2022-05-21,2,4817
YT,2022-05-22,8,4825
YT,2022-05-23,3,4828
YT,2022-05-24,2,4830
YT,2022-05-25,3,4833
YT,2022-05-26,3,4836
YT,2022-05-27,8,4844
YT,2022-05-28,5,4849
YT,2022-05-29,4,4853
YT,2022-05-30,2,4855
YT,2022-05-31,2,4857
YT,2022-06-01,2,4859
YT,2022-06-02,7,4866
YT,2022-06-03,2,4868
YT,2022-06-04,4,4872
YT,2022-06-05,0,4872
YT,2022-06-06,3,4875
YT,2022-06-07,0,4875
YT,2022-06-08,3,4878
YT,2022-06-09,4,4882
YT,2022-06-10,2,4884
YT,2022-06-11,1,4885
YT,2022-06-12,3,4888
YT,2022-06-13,2,4890
YT,2022-06-14,4,4894
YT,2022-06-15,3,4897
YT,2022-06-16,3,4900
YT,2022-06-17,6,4906
YT,2022-06-18,5,4911
YT,2022-06-19,1,4912
YT,2022-06-20,1,4913
YT,2022-06-21,3,4916
YT,2022-06-22,4,4920
YT,2022-06-23,5,4925
YT,2022-06-24,6,4931
YT,2022-06-25,4,4935
YT,2022-06-26,6,4941
YT,2022-06-27,7,4948
YT,2022-06-28,8,4956
YT,2022-06-29,5,4961
YT,2022-06-30,4,4965
YT,2022-07-01,5,4970
YT,2022-07-02,3,4973
YT,2022-07-03,8,4981
YT,2022-07-04,4,4985
YT,2022-07-05,1,4986
YT,2022-07-06,8,4994
YT,2022-07-07,0,4994
YT,2022-07-08,7,5001
YT,2022-07-09,10,5011
YT,2022-07-10,6,5017
YT,2022-07-11,7,5024
YT,2022-07-12,2,5026
YT,2022-07-13,14,5040
YT,2022-07-14,11,5051
YT,2022-07-15,13,5064
YT,2022-07-16,10,5074
YT,2022-07-17,10,5084
YT,2022-07-18,5,5089
YT,2022-07-19,4,5093
YT,2022-07-20,8,5101
YT,2022-07-21,6,5107
YT,2022-07-22,15,5122
YT,2022-07-23,0,5122
YT,2022-07-24,0,5122
YT,2022-07-25,1,5123
YT,2022-07-26,8,5131
YT,2022-07-27,20,5151
YT,2022-07-28,25,5176
YT,2022-07-29,15,5191
YT,2022-07-30,16,5207
YT,2022-07-31,12,5219
YT,2022-08-01,2,5221
YT,2022-08-02,15,5236
YT,2022-08-03,6,5242
YT,2022-08-04,8,5250
YT,2022-08-05,4,5254
YT,2022-08-06,14,5268
YT,2022-08-07,6,5274
YT,2022-08-08,7,5281
YT,2022-08-09,5,5286
YT,2022-08-10,2,5288
YT,2022-08-11,5,5293
YT,2022-08-12,8,5301
YT,2022-08-13,6,5307
YT,2022-08-14,7,5314
YT,2022-08-15,3,5317
YT,2022-08-16,3,5320
YT,2022-08-17,4,5324
YT,2022-08-18,2,5326
YT,2022-08-19,5,5331
YT,2022-08-20,4,5335
YT,2022-08-21,0,5335
YT,2022-08-22,0,5335
YT,2022-08-23,10,5345
YT,2022-08-24,2,5347
YT,2022-08-25,4,5351
YT,2022-08-26,4,5355
YT,2022-08-27,6,5361
YT,2022-08-28,4,5365
YT,2022-08-29,2,5367
YT,2022-08-30,7,5374
YT,2022-08-31,3,5377
YT,2022-09-01,6,5383
YT,2022-09-02,5,5388
YT,2022-09-03,4,5392
YT,2022-09-04,5,5397
YT,2022-09-05,1,5398
YT,2022-09-06,8,5406
YT,2022-09-07,5,5411
YT,2022-09-08,4,5415
YT,2022-09-09,1,5416
YT,2022-09-10,2,5418
YT,2022-09-11,0,5418
YT,2022-09-12,3,5421
YT,2022-09-13,1,5422
YT,2022-09-14,3,5425
YT,2022-09-15,3,5428
YT,2022-09-16,5,5433
YT,2022-09-17,3,5436
YT,2022-09-18,4,5440
YT,2022-09-19,2,5442
YT,2022-09-20,4,5446
YT,2022-09-21,7,5453
YT,2022-09-22,3,5456
YT,2022-09-23,3,5459
YT,2022-09-24,5,5464
YT,2022-09-25,4,5468
YT,2022-09-26,2,5470
YT,2022-09-27,4,5474
YT,2022-09-28,2,5476
YT,2022-09-29,5,5481
YT,2022-09-30,5,5486
YT,2022-10-01,0,5486
YT,2022-10-02,2,5488
YT,2022-10-03,5,5493
YT,2022-10-04,4,5497
YT,2022-10-05,3,5500
YT,2022-10-06,2,5502
YT,2022-10-07,2,5504
YT,2022-10-08,1,5505
YT,2022-10-09,3,5508
YT,2022-10-10,0,5508
YT,2022-10-11,1,5509
YT,2022-10-12,3,5512
YT,2022-10-13,0,5512
YT,2022-10-14,0,5512
YT,2022-10-15,0,5512
YT,2022-10-16,0,5512
YT,2022-10-17,1,5513
YT,2022-10-18,1,5514
YT,2022-10-19,3,5517
YT,2022-10-20,4,5521
YT,2022-10-21,4,5525
YT,2022-10-22,8,5533
YT,2022-10-23,6,5539
YT,2022-10-24,1,5540
YT,2022-10-25,1,5541
YT,2022-10-26,2,5543
YT,2022-10-27,1,5544
YT,2022-10-28,3,5547
YT,2022-10-29,1,5548
YT,2022-10-30,0,5548
YT,2022-10-31,5,5553
YT,2022-11-01,3,5556
YT,2022-11-02,4,5560
YT,2022-11-03,4,5564
YT,2022-11-04,2,5566
YT,2022-11-05,7,5573
YT,2022-11-06,5,5578
YT,2022-11-07,3,5581
YT,2022-11-08,1,5582
YT,2022-11-09,0,5582
YT,2022-11-10,6,5588
