"region","date","cases","cumulative_cases"
"AB","2020-03-05",1,1
"AB","2020-03-06",0,1
"AB","2020-03-07",1,2
"AB","2020-03-08",1,3
"AB","2020-03-09",4,7
"AB","2020-03-10",9,16
"AB","2020-03-11",7,23
"AB","2020-03-12",3,26
"AB","2020-03-13",8,34
"AB","2020-03-14",22,56
"AB","2020-03-15",11,67
"AB","2020-03-16",24,91
"AB","2020-03-17",11,102
"AB","2020-03-18",29,131
"AB","2020-03-19",32,163
"AB","2020-03-20",46,209
"AB","2020-03-21",35,244
"AB","2020-03-22",47,291
"AB","2020-03-23",52,343
"AB","2020-03-24",68,411
"AB","2020-03-25",63,474
"AB","2020-03-26",53,527
"AB","2020-03-27",85,612
"AB","2020-03-28",54,666
"AB","2020-03-29",34,700
"AB","2020-03-30",40,740
"AB","2020-03-31",132,872
"AB","2020-04-01",108,980
"AB","2020-04-02",122,1102
"AB","2020-04-03",70,1172
"AB","2020-04-04",60,1232
"AB","2020-04-05",42,1274
"AB","2020-04-06",34,1308
"AB","2020-04-07",53,1361
"AB","2020-04-08",33,1394
"AB","2020-04-09",45,1439
"AB","2020-04-10",49,1488
"AB","2020-04-11",65,1553
"AB","2020-04-12",68,1621
"AB","2020-04-13",68,1689
"AB","2020-04-14",127,1816
"AB","2020-04-15",133,1949
"AB","2020-04-16",146,2095
"AB","2020-04-17",213,2308
"AB","2020-04-18",187,2495
"AB","2020-04-19",201,2696
"AB","2020-04-20",183,2879
"AB","2020-04-21",264,3143
"AB","2020-04-22",294,3437
"AB","2020-04-23",340,3777
"AB","2020-04-24",232,4009
"AB","2020-04-25",222,4231
"AB","2020-04-26",203,4434
"AB","2020-04-27",178,4612
"AB","2020-04-28",249,4861
"AB","2020-04-29",231,5092
"AB","2020-04-30",222,5314
"AB","2020-05-01",141,5455
"AB","2020-05-02",112,5567
"AB","2020-05-03",70,5637
"AB","2020-05-04",79,5716
"AB","2020-05-05",62,5778
"AB","2020-05-06",65,5843
"AB","2020-05-07",87,5930
"AB","2020-05-08",77,6007
"AB","2020-05-09",85,6092
"AB","2020-05-10",71,6163
"AB","2020-05-11",47,6210
"AB","2020-05-12",70,6280
"AB","2020-05-13",62,6342
"AB","2020-05-14",61,6403
"AB","2020-05-15",73,6476
"AB","2020-05-16",54,6530
"AB","2020-05-17",46,6576
"AB","2020-05-18",38,6614
"AB","2020-05-19",43,6657
"AB","2020-05-20",27,6684
"AB","2020-05-21",30,6714
"AB","2020-05-22",27,6741
"AB","2020-05-23",32,6773
"AB","2020-05-24",29,6802
"AB","2020-05-25",13,6815
"AB","2020-05-26",19,6834
"AB","2020-05-27",27,6861
"AB","2020-05-28",28,6889
"AB","2020-05-29",30,6919
"AB","2020-05-30",20,6939
"AB","2020-05-31",34,6973
"AB","2020-06-01",21,6994
"AB","2020-06-02",19,7013
"AB","2020-06-03",18,7031
"AB","2020-06-04",19,7050
"AB","2020-06-05",37,7087
"AB","2020-06-06",23,7110
"AB","2020-06-07",33,7143
"AB","2020-06-08",24,7167
"AB","2020-06-09",38,7205
"AB","2020-06-10",48,7253
"AB","2020-06-11",43,7296
"AB","2020-06-12",27,7323
"AB","2020-06-13",35,7358
"AB","2020-06-14",53,7411
"AB","2020-06-15",36,7447
"AB","2020-06-16",45,7492
"AB","2020-06-17",46,7538
"AB","2020-06-18",46,7584
"AB","2020-06-19",47,7631
"AB","2020-06-20",30,7661
"AB","2020-06-21",33,7694
"AB","2020-06-22",41,7735
"AB","2020-06-23",45,7780
"AB","2020-06-24",25,7805
"AB","2020-06-25",36,7841
"AB","2020-06-26",66,7907
"AB","2020-06-27",37,7944
"AB","2020-06-28",68,8012
"AB","2020-06-29",44,8056
"AB","2020-06-30",33,8089
"AB","2020-07-01",64,8153
"AB","2020-07-02",55,8208
"AB","2020-07-03",30,8238
"AB","2020-07-04",48,8286
"AB","2020-07-05",48,8334
"AB","2020-07-06",49,8383
"AB","2020-07-07",44,8427
"AB","2020-07-08",43,8470
"AB","2020-07-09",74,8544
"AB","2020-07-10",62,8606
"AB","2020-07-11",90,8696
"AB","2020-07-12",78,8774
"AB","2020-07-13",87,8861
"AB","2020-07-14",85,8946
"AB","2020-07-15",115,9061
"AB","2020-07-16",103,9164
"AB","2020-07-17",168,9332
"AB","2020-07-18",102,9434
"AB","2020-07-19",88,9522
"AB","2020-07-20",131,9653
"AB","2020-07-21",136,9789
"AB","2020-07-22",113,9902
"AB","2020-07-23",116,10018
"AB","2020-07-24",117,10135
"AB","2020-07-25",98,10233
"AB","2020-07-26",89,10322
"AB","2020-07-27",81,10403
"AB","2020-07-28",131,10534
"AB","2020-07-29",118,10652
"AB","2020-07-30",124,10776
"AB","2020-07-31",99,10875
"AB","2020-08-01",67,10942
"AB","2020-08-02",73,11015
"AB","2020-08-03",64,11079
"AB","2020-08-04",94,11173
"AB","2020-08-05",61,11234
"AB","2020-08-06",128,11362
"AB","2020-08-07",111,11473
"AB","2020-08-08",97,11570
"AB","2020-08-09",45,11615
"AB","2020-08-10",86,11701
"AB","2020-08-11",116,11817
"AB","2020-08-12",72,11889
"AB","2020-08-13",81,11970
"AB","2020-08-14",104,12074
"AB","2020-08-15",83,12157
"AB","2020-08-16",95,12252
"AB","2020-08-17",85,12337
"AB","2020-08-18",81,12418
"AB","2020-08-19",101,12519
"AB","2020-08-20",140,12659
"AB","2020-08-21",88,12747
"AB","2020-08-22",103,12850
"AB","2020-08-23",70,12920
"AB","2020-08-24",73,12993
"AB","2020-08-25",125,13118
"AB","2020-08-26",104,13222
"AB","2020-08-27",153,13375
"AB","2020-08-28",142,13517
"AB","2020-08-29",181,13698
"AB","2020-08-30",109,13807
"AB","2020-08-31",152,13959
"AB","2020-09-01",109,14068
"AB","2020-09-02",132,14200
"AB","2020-09-03",157,14357
"AB","2020-09-04",169,14526
"AB","2020-09-05",168,14694
"AB","2020-09-06",134,14828
"AB","2020-09-07",147,14975
"AB","2020-09-08",97,15072
"AB","2020-09-09",113,15185
"AB","2020-09-10",116,15301
"AB","2020-09-11",115,15416
"AB","2020-09-12",166,15582
"AB","2020-09-13",137,15719
"AB","2020-09-14",123,15842
"AB","2020-09-15",170,16012
"AB","2020-09-16",182,16194
"AB","2020-09-17",125,16319
"AB","2020-09-18",137,16456
"AB","2020-09-19",120,16576
"AB","2020-09-20",152,16728
"AB","2020-09-21",156,16884
"AB","2020-09-22",128,17012
"AB","2020-09-23",129,17141
"AB","2020-09-24",124,17265
"AB","2020-09-25",175,17440
"AB","2020-09-26",155,17595
"AB","2020-09-27",121,17716
"AB","2020-09-28",127,17843
"AB","2020-09-29",175,18018
"AB","2020-09-30",154,18172
"AB","2020-10-01",147,18319
"AB","2020-10-02",222,18541
"AB","2020-10-03",195,18736
"AB","2020-10-04",213,18949
"AB","2020-10-05",206,19155
"AB","2020-10-06",243,19398
"AB","2020-10-07",218,19616
"AB","2020-10-08",186,19802
"AB","2020-10-09",258,20060
"AB","2020-10-10",250,20310
"AB","2020-10-11",241,20551
"AB","2020-10-12",221,20772
"AB","2020-10-13",242,21014
"AB","2020-10-14",242,21256
"AB","2020-10-15",319,21575
"AB","2020-10-16",307,21882
"AB","2020-10-17",225,22107
"AB","2020-10-18",370,22477
"AB","2020-10-19",324,22801
"AB","2020-10-20",392,23193
"AB","2020-10-21",436,23629
"AB","2020-10-22",442,24071
"AB","2020-10-23",390,24461
"AB","2020-10-24",578,25039
"AB","2020-10-25",500,25539
"AB","2020-10-26",416,25955
"AB","2020-10-27",407,26362
"AB","2020-10-28",479,26841
"AB","2020-10-29",614,27455
"AB","2020-10-30",589,28044
"AB","2020-10-31",524,28568
"AB","2020-11-01",605,29173
"AB","2020-11-02",571,29744
"AB","2020-11-03",537,30281
"AB","2020-11-04",771,31052
"AB","2020-11-05",735,31787
"AB","2020-11-06",825,32612
"AB","2020-11-07",640,33252
"AB","2020-11-08",630,33882
"AB","2020-11-09",724,34606
"AB","2020-11-10",676,35282
"AB","2020-11-11",854,36136
"AB","2020-11-12",896,37032
"AB","2020-11-13",1017,38049
"AB","2020-11-14",981,39030
"AB","2020-11-15",852,39882
"AB","2020-11-16",765,40647
"AB","2020-11-17",729,41376
"AB","2020-11-18",1102,42478
"AB","2020-11-19",1140,43618
"AB","2020-11-20",1333,44951
"AB","2020-11-21",1562,46513
"AB","2020-11-22",1528,48041
"AB","2020-11-23",1120,49161
"AB","2020-11-24",1271,50432
"AB","2020-11-25",1084,51516
"AB","2020-11-26",1228,52744
"AB","2020-11-27",1714,54458
"AB","2020-11-28",1593,56051
"AB","2020-11-29",1709,57760
"AB","2020-11-30",1317,59077
"AB","2020-12-01",1695,60772
"AB","2020-12-02",1851,62623
"AB","2020-12-03",1794,64417
"AB","2020-12-04",1880,66297
"AB","2020-12-05",1828,68125
"AB","2020-12-06",1725,69850
"AB","2020-12-07",1794,71644
"AB","2020-12-08",1494,73138
"AB","2020-12-09",1596,74734
"AB","2020-12-10",1745,76479
"AB","2020-12-11",1597,78076
"AB","2020-12-12",1709,79785
"AB","2020-12-13",1865,81650
"AB","2020-12-14",1342,82992
"AB","2020-12-15",1287,84279
"AB","2020-12-16",1592,85871
"AB","2020-12-17",1461,87332
"AB","2020-12-18",1369,88701
"AB","2020-12-19",1307,90008
"AB","2020-12-20",1251,91259
"AB","2020-12-21",1052,92311
"AB","2020-12-22",1336,93647
"AB","2020-12-23",1130,94777
"AB","2020-12-24",1240,96017
"AB","2020-12-25",904,96921
"AB","2020-12-26",486,97407
"AB","2020-12-27",955,98362
"AB","2020-12-28",897,99259
"AB","2020-12-29",1364,100623
"AB","2020-12-30",1263,101886
"AB","2020-12-31",1360,103246
"AB","2021-01-01",921,104167
"AB","2021-01-02",466,104633
"AB","2021-01-03",1138,105771
"AB","2021-01-04",878,106649
"AB","2021-01-05",1148,107797
"AB","2021-01-06",966,108763
"AB","2021-01-07",1177,109940
"AB","2021-01-08",980,110920
"AB","2021-01-09",809,111729
"AB","2021-01-10",627,112356
"AB","2021-01-11",675,113031
"AB","2021-01-12",867,113898
"AB","2021-01-13",966,114864
"AB","2021-01-14",779,115643
"AB","2021-01-15",702,116345
"AB","2021-01-16",743,117088
"AB","2021-01-17",461,117549
"AB","2021-01-18",462,118011
"AB","2021-01-19",670,118681
"AB","2021-01-20",672,119353
"AB","2021-01-21",642,119995
"AB","2021-01-22",567,120562
"AB","2021-01-23",451,121013
"AB","2021-01-24",358,121371
"AB","2021-01-25",362,121733
"AB","2021-01-26",468,122201
"AB","2021-01-27",473,122674
"AB","2021-01-28",519,123193
"AB","2021-01-29",388,123581
"AB","2021-01-30",468,124049
"AB","2021-01-31",351,124400
"AB","2021-02-01",280,124680
"AB","2021-02-02",456,125136
"AB","2021-02-03",403,125539
"AB","2021-02-04",394,125933
"AB","2021-02-05",361,126294
"AB","2021-02-06",352,126646
"AB","2021-02-07",268,126914
"AB","2021-02-08",220,127134
"AB","2021-02-09",335,127469
"AB","2021-02-10",348,127817
"AB","2021-02-11",318,128135
"AB","2021-02-12",301,128436
"AB","2021-02-13",286,128722
"AB","2021-02-14",244,128966
"AB","2021-02-15",260,129226
"AB","2021-02-16",286,129512
"AB","2021-02-17",420,129932
"AB","2021-02-18",331,130263
"AB","2021-02-19",384,130647
"AB","2021-02-20",327,130974
"AB","2021-02-21",268,131242
"AB","2021-02-22",277,131519
"AB","2021-02-23",425,131944
"AB","2021-02-24",404,132348
"AB","2021-02-25",355,132703
"AB","2021-02-26",413,133116
"AB","2021-02-27",301,133417
"AB","2021-02-28",287,133704
"AB","2021-03-01",262,133966
"AB","2021-03-02",400,134366
"AB","2021-03-03",333,134699
"AB","2021-03-04",408,135107
"AB","2021-03-05",335,135442
"AB","2021-03-06",306,135748
"AB","2021-03-07",250,135998
"AB","2021-03-08",250,136248
"AB","2021-03-09",384,136632
"AB","2021-03-10",405,137037
"AB","2021-03-11",447,137484
"AB","2021-03-12",426,137910
"AB","2021-03-13",376,138286
"AB","2021-03-14",364,138650
"AB","2021-03-15",349,138999
"AB","2021-03-16",507,139506
"AB","2021-03-17",516,140022
"AB","2021-03-18",669,140691
"AB","2021-03-19",528,141219
"AB","2021-03-20",544,141763
"AB","2021-03-21",456,142219
"AB","2021-03-22",481,142700
"AB","2021-03-23",677,143377
"AB","2021-03-24",762,144139
"AB","2021-03-25",727,144866
"AB","2021-03-26",655,145521
"AB","2021-03-27",640,146161
"AB","2021-03-28",540,146701
"AB","2021-03-29",622,147323
"AB","2021-03-30",895,148218
"AB","2021-03-31",878,149096
"AB","2021-04-01",1078,150174
"AB","2021-04-02",1066,151240
"AB","2021-04-03",936,152176
"AB","2021-04-04",867,153043
"AB","2021-04-05",930,153973
"AB","2021-04-06",1365,155338
"AB","2021-04-07",1414,156752
"AB","2021-04-08",1533,158285
"AB","2021-04-09",1281,159566
"AB","2021-04-10",1171,160737
"AB","2021-04-11",1096,161833
"AB","2021-04-12",1052,162885
"AB","2021-04-13",1433,164318
"AB","2021-04-14",1649,165967
"AB","2021-04-15",1606,167573
"AB","2021-04-16",1501,169074
"AB","2021-04-17",1474,170548
"AB","2021-04-18",1355,171903
"AB","2021-04-19",1349,173252
"AB","2021-04-20",1729,174981
"AB","2021-04-21",1841,176822
"AB","2021-04-22",1672,178494
"AB","2021-04-23",1512,180006
"AB","2021-04-24",1446,181452
"AB","2021-04-25",1492,182944
"AB","2021-04-26",1547,184491
"AB","2021-04-27",1835,186326
"AB","2021-04-28",2069,188395
"AB","2021-04-29",1996,190391
"AB","2021-04-30",2411,192802
"AB","2021-05-01",1701,194503
"AB","2021-05-02",1971,196474
"AB","2021-05-03",1792,198266
"AB","2021-05-04",2282,200548
"AB","2021-05-05",2183,202731
"AB","2021-05-06",1943,204674
"AB","2021-05-07",2050,206724
"AB","2021-05-08",1583,208307
"AB","2021-05-09",1570,209877
"AB","2021-05-10",1511,211388
"AB","2021-05-11",1813,213201
"AB","2021-05-12",1591,214792
"AB","2021-05-13",1485,216277
"AB","2021-05-14",1238,217515
"AB","2021-05-15",1132,218647
"AB","2021-05-16",718,219365
"AB","2021-05-17",918,220283
"AB","2021-05-18",955,221238
"AB","2021-05-19",829,222067
"AB","2021-05-20",756,222823
"AB","2021-05-21",635,223458
"AB","2021-05-22",552,224010
"AB","2021-05-23",447,224457
"AB","2021-05-24",388,224845
"AB","2021-05-25",407,225252
"AB","2021-05-26",540,225792
"AB","2021-05-27",537,226329
"AB","2021-05-28",409,226738
"AB","2021-05-29",397,227135
"AB","2021-05-30",259,227394
"AB","2021-05-31",213,227607
"AB","2021-06-01",430,228037
"AB","2021-06-02",308,228345
"AB","2021-06-03",241,228586
"AB","2021-06-04",298,228884
"AB","2021-06-05",232,229116
"AB","2021-06-06",159,229275
"AB","2021-06-07",141,229416
"AB","2021-06-08",319,229735
"AB","2021-06-09",171,229906
"AB","2021-06-10",178,230084
"AB","2021-06-11",176,230260
"AB","2021-06-12",163,230423
"AB","2021-06-13",129,230552
"AB","2021-06-14",129,230681
"AB","2021-06-15",145,230826
"AB","2021-06-16",141,230967
"AB","2021-06-17",119,231086
"AB","2021-06-18",123,231209
"AB","2021-06-19",86,231295
"AB","2021-06-20",53,231348
"AB","2021-06-21",67,231415
"AB","2021-06-22",100,231515
"AB","2021-06-23",80,231595
"AB","2021-06-24",93,231688
"AB","2021-06-25",77,231765
"AB","2021-06-26",45,231810
"AB","2021-06-27",40,231850
"AB","2021-06-28",56,231906
"AB","2021-06-29",75,231981
"AB","2021-06-30",60,232041
"AB","2021-07-01",36,232077
"AB","2021-07-02",34,232111
"AB","2021-07-03",52,232163
"AB","2021-07-04",39,232202
"AB","2021-07-05",36,232238
"AB","2021-07-06",57,232295
"AB","2021-07-07",49,232344
"AB","2021-07-08",57,232401
"AB","2021-07-09",35,232436
"AB","2021-07-10",31,232467
"AB","2021-07-11",30,232497
"AB","2021-07-12",32,232529
"AB","2021-07-13",34,232563
"AB","2021-07-14",49,232612
"AB","2021-07-15",52,232664
"AB","2021-07-16",51,232715
"AB","2021-07-17",40,232755
"AB","2021-07-18",41,232796
"AB","2021-07-19",61,232857
"AB","2021-07-20",89,232946
"AB","2021-07-21",96,233042
"AB","2021-07-22",167,233209
"AB","2021-07-23",145,233354
"AB","2021-07-24",138,233492
"AB","2021-07-25",92,233584
"AB","2021-07-26",134,233718
"AB","2021-07-27",205,233923
"AB","2021-07-28",222,234145
"AB","2021-07-29",196,234341
"AB","2021-07-30",231,234572
"AB","2021-07-31",223,234795
"AB","2021-08-01",143,234938
"AB","2021-08-02",123,235061
"AB","2021-08-03",203,235264
"AB","2021-08-04",394,235658
"AB","2021-08-05",365,236023
"AB","2021-08-06",391,236414
"AB","2021-08-07",376,236790
"AB","2021-08-08",240,237030
"AB","2021-08-09",285,237315
"AB","2021-08-10",504,237819
"AB","2021-08-11",547,238366
"AB","2021-08-12",581,238947
"AB","2021-08-13",567,239514
"AB","2021-08-14",449,239963
"AB","2021-08-15",389,240352
"AB","2021-08-16",409,240761
"AB","2021-08-17",691,241452
"AB","2021-08-18",810,242262
"AB","2021-08-19",740,243002
"AB","2021-08-20",811,243813
"AB","2021-08-21",679,244492
"AB","2021-08-22",470,244962
"AB","2021-08-23",641,245603
"AB","2021-08-24",1077,246680
"AB","2021-08-25",1102,247782
"AB","2021-08-26",1172,248954
"AB","2021-08-27",1226,250180
"AB","2021-08-28",957,251137
"AB","2021-08-29",867,252004
"AB","2021-08-30",917,252921
"AB","2021-08-31",1341,254262
"AB","2021-09-01",1338,255600
"AB","2021-09-02",1414,257014
"AB","2021-09-03",1310,258324
"AB","2021-09-04",1449,259773
"AB","2021-09-05",811,260584
"AB","2021-09-06",1296,261880
"AB","2021-09-07",1219,263099
"AB","2021-09-08",1498,264597
"AB","2021-09-09",1475,266072
"AB","2021-09-10",1649,267721
"AB","2021-09-11",1492,269213
"AB","2021-09-12",1592,270805
"AB","2021-09-13",1413,272218
"AB","2021-09-14",1630,273848
"AB","2021-09-15",1726,275574
"AB","2021-09-16",2003,277577
"AB","2021-09-17",1595,279172
"AB","2021-09-18",1589,280761
"AB","2021-09-19",1434,282195
"AB","2021-09-20",1519,283714
"AB","2021-09-21",1312,285026
"AB","2021-09-22",1686,286712
"AB","2021-09-23",1670,288382
"AB","2021-09-24",1873,290255
"AB","2021-09-25",1525,291780
"AB","2021-09-26",1755,293535
"AB","2021-09-27",1271,294806
"AB","2021-09-28",1704,296510
"AB","2021-09-29",1721,298231
"AB","2021-09-30",1649,299880
"AB","2021-10-01",1607,301487
"AB","2021-10-02",1285,302772
"AB","2021-10-03",1129,303901
"AB","2021-10-04",696,304597
"AB","2021-10-05",1262,305859
"AB","2021-10-06",1245,307104
"AB","2021-10-07",1267,308371
"AB","2021-10-08",1086,309457
"AB","2021-10-09",1041,310498
"AB","2021-10-10",637,311135
"AB","2021-10-11",602,311737
"AB","2021-10-12",652,312389
"AB","2021-10-13",930,313319
"AB","2021-10-14",1044,314363
"AB","2021-10-15",772,315135
"AB","2021-10-16",795,315930
"AB","2021-10-17",608,316538
"AB","2021-10-18",531,317069
"AB","2021-10-19",807,317876
"AB","2021-10-20",773,318649
"AB","2021-10-21",666,319315
"AB","2021-10-22",704,320019
"AB","2021-10-23",522,320541
"AB","2021-10-24",366,320907
"AB","2021-10-25",458,321365
"AB","2021-10-26",626,321991
"AB","2021-10-27",541,322532
"AB","2021-10-28",607,323139
"AB","2021-10-29",530,323669
"AB","2021-10-30",339,324008
"AB","2021-10-31",341,324349
"AB","2021-11-01",326,324675
"AB","2021-11-02",489,325164
"AB","2021-11-03",540,325704
"AB","2021-11-04",468,326172
"AB","2021-11-05",590,326762
"AB","2021-11-06",433,327195
"AB","2021-11-07",287,327482
"AB","2021-11-08",426,327908
"AB","2021-11-09",500,328408
"AB","2021-11-10",468,328876
"AB","2021-11-11",376,329252
"AB","2021-11-12",435,329687
"AB","2021-11-13",357,330044
"AB","2021-11-14",289,330333
"AB","2021-11-15",321,330654
"AB","2021-11-16",416,331070
"AB","2021-11-17",388,331458
"AB","2021-11-18",417,331875
"AB","2021-11-19",472,332347
"AB","2021-11-20",379,332726
"AB","2021-11-21",270,332996
"AB","2021-11-22",271,333267
"AB","2021-11-23",473,333740
"AB","2021-11-24",397,334137
"AB","2021-11-25",363,334500
"AB","2021-11-26",323,334823
"AB","2021-11-27",251,335074
"AB","2021-11-28",231,335305
"AB","2021-11-29",231,335536
"AB","2021-11-30",433,335969
"AB","2021-12-01",364,336333
"AB","2021-12-02",342,336675
"AB","2021-12-03",347,337022
"AB","2021-12-04",247,337269
"AB","2021-12-05",184,337453
"AB","2021-12-06",234,337687
"AB","2021-12-07",384,338071
"AB","2021-12-08",354,338425
"AB","2021-12-09",344,338769
"AB","2021-12-10",312,339081
"AB","2021-12-11",259,339340
"AB","2021-12-12",201,339541
"AB","2021-12-13",276,339817
"AB","2021-12-14",444,340261
"AB","2021-12-15",467,340728
"AB","2021-12-16",546,341274
"AB","2021-12-17",619,341893
"AB","2021-12-18",710,342603
"AB","2021-12-19",563,343166
"AB","2021-12-20",790,343956
"AB","2021-12-21",1354,345310
"AB","2021-12-22",1573,346883
"AB","2021-12-23",1969,348852
"AB","2021-12-24",2450,351302
"AB","2021-12-25",1571,352873
"AB","2021-12-26",687,353560
"AB","2021-12-27",1377,354937
"AB","2021-12-28",2769,357706
"AB","2021-12-29",3969,361675
"AB","2021-12-30",4346,366021
"AB","2021-12-31",4337,370358
"AB","2022-01-01",3197,373555
"AB","2022-01-02",1957,375512
"AB","2022-01-03",2935,378447
"AB","2022-01-04",4681,383128
"AB","2022-01-05",4754,387882
"AB","2022-01-06",6125,394007
"AB","2022-01-07",6115,400122
"AB","2022-01-08",6149,406271
"AB","2022-01-09",5310,411581
"AB","2022-01-10",4624,416205
"AB","2022-01-11",6763,422968
"AB","2022-01-12",5851,428819
"AB","2022-01-13",6235,435054
"AB","2022-01-14",6095,441149
"AB","2022-01-15",5345,446494
"AB","2022-01-16",4133,450627
"AB","2022-01-17",3516,454143
"AB","2022-01-18",3772,457915
"AB","2022-01-19",3630,461545
"AB","2022-01-20",3682,465227
"AB","2022-01-21",3873,469100
"AB","2022-01-22",2617,471717
"AB","2022-01-23",1686,473403
"AB","2022-01-24",2841,476244
"AB","2022-01-25",3343,479587
"AB","2022-01-26",3231,482818
"AB","2022-01-27",3074,485892
"AB","2022-01-28",2946,488838
"AB","2022-01-29",1823,490661
"AB","2022-01-30",1733,492394
"AB","2022-01-31",2015,494409
"AB","2022-02-01",3037,497446
"AB","2022-02-02",2474,499920
"AB","2022-02-03",2089,502009
"AB","2022-02-04",2023,504032
"AB","2022-02-05",1374,505406
"AB","2022-02-06",1121,506527
"AB","2022-02-07",1538,508065
"AB","2022-02-08",1799,509864
"AB","2022-02-09",1466,511330
"AB","2022-02-10",1403,512733
"AB","2022-02-11",1106,513839
"AB","2022-02-12",851,514690
"AB","2022-02-13",634,515324
"AB","2022-02-14",858,516182
"AB","2022-02-15",1048,517230
"AB","2022-02-16",960,518190
"AB","2022-02-17",799,518989
"AB","2022-02-18",739,519728
"AB","2022-02-19",472,520200
"AB","2022-02-20",465,520665
"AB","2022-02-21",454,521119
"AB","2022-02-22",752,521871
"AB","2022-02-23",737,522608
"AB","2022-02-24",657,523265
"AB","2022-02-25",599,523864
"AB","2022-02-26",465,524329
"AB","2022-02-27",376,524705
"AB","2022-02-28",518,525223
"AB","2022-03-01",548,525771
"AB","2022-03-02",638,526409
"AB","2022-03-03",493,526902
"AB","2022-03-04",424,527326
"AB","2022-03-05",397,527723
"AB","2022-03-06",284,528007
"AB","2022-03-07",472,528479
"AB","2022-03-08",539,529018
"AB","2022-03-09",580,529598
"AB","2022-03-10",471,530069
"AB","2022-03-11",503,530572
"AB","2022-03-12",395,530967
"AB","2022-03-13",438,531405
"AB","2022-03-14",476,531881
"AB","2022-03-15",578,532459
"AB","2022-03-16",568,533027
"AB","2022-03-17",605,533632
"AB","2022-03-18",564,534196
"AB","2022-03-19",479,534675
"AB","2022-03-20",343,535018
"AB","2022-03-21",485,535503
"AB","2022-03-22",769,536272
"AB","2022-03-23",740,537012
"AB","2022-03-24",821,537833
"AB","2022-03-25",691,538524
"AB","2022-03-26",529,539053
"AB","2022-03-27",459,539512
"AB","2022-03-28",570,540082
"AB","2022-03-29",873,540955
"AB","2022-03-30",867,541822
"AB","2022-03-31",909,542731
"AB","2022-04-01",859,543590
"AB","2022-04-02",664,544254
"AB","2022-04-03",520,544774
"AB","2022-04-04",823,545597
"AB","2022-04-05",1031,546628
"AB","2022-04-06",1011,547639
"AB","2022-04-07",920,548559
"AB","2022-04-08",932,549491
"AB","2022-04-09",822,550313
"AB","2022-04-10",591,550904
"AB","2022-04-11",839,551743
"AB","2022-04-12",1012,552755
"AB","2022-04-13",1025,553780
"AB","2022-04-14",1023,554803
"AB","2022-04-15",846,555649
"AB","2022-04-16",738,556387
"AB","2022-04-17",637,557024
"AB","2022-04-18",812,557836
"AB","2022-04-19",1124,558960
"AB","2022-04-20",1228,560188
"AB","2022-04-21",1038,561226
"AB","2022-04-22",968,562194
"AB","2022-04-23",838,563032
"AB","2022-04-24",677,563709
"AB","2022-04-25",700,564409
"AB","2022-04-26",1078,565487
"AB","2022-04-27",942,566429
"AB","2022-04-28",918,567347
"AB","2022-04-29",756,568103
"AB","2022-04-30",726,568829
"AB","2022-05-01",609,569438
"AB","2022-05-02",671,570109
"AB","2022-05-03",756,570865
"AB","2022-05-04",772,571637
"AB","2022-05-05",777,572414
"AB","2022-05-06",690,573104
"AB","2022-05-07",590,573694
"AB","2022-05-08",134,573828
"AB","2022-05-09",822,574650
"AB","2022-05-10",654,575304
"AB","2022-05-11",585,575889
"AB","2022-05-12",603,576492
"AB","2022-05-13",470,576962
"AB","2022-05-14",450,577412
"AB","2022-05-15",354,577766
"AB","2022-05-16",479,578245
"AB","2022-05-17",546,578791
"AB","2022-05-18",469,579260
"AB","2022-05-19",493,579753
"AB","2022-05-20",355,580108
"AB","2022-05-21",291,580399
"AB","2022-05-22",231,580630
"AB","2022-05-23",320,580950
"AB","2022-05-24",389,581339
"AB","2022-05-25",453,581792
"AB","2022-05-26",363,582155
"AB","2022-05-27",341,582496
"AB","2022-05-28",259,582755
"AB","2022-05-29",88,582843
"AB","2022-05-30",438,583281
"AB","2022-05-31",357,583638
"AB","2022-06-01",271,583909
"AB","2022-06-02",298,584207
"AB","2022-06-03",266,584473
"AB","2022-06-04",195,584668
"AB","2022-06-05",187,584855
"AB","2022-06-06",232,585087
"AB","2022-06-07",290,585377
"AB","2022-06-08",263,585640
"AB","2022-06-09",246,585886
"AB","2022-06-10",183,586069
"AB","2022-06-11",142,586211
"AB","2022-06-12",146,586357
"AB","2022-06-13",163,586520
"AB","2022-06-14",206,586726
"AB","2022-06-15",184,586910
"AB","2022-06-16",146,587056
"AB","2022-06-17",176,587232
"AB","2022-06-18",162,587394
"AB","2022-06-19",66,587460
"AB","2022-06-20",138,587598
"AB","2022-06-21",180,587778
"AB","2022-06-22",153,587931
"AB","2022-06-23",127,588058
"AB","2022-06-24",132,588190
"AB","2022-06-25",121,588311
"AB","2022-06-26",92,588403
"AB","2022-06-27",128,588531
"AB","2022-06-28",168,588699
"AB","2022-06-29",174,588873
"AB","2022-06-30",197,589070
"AB","2022-07-01",156,589226
"AB","2022-07-02",125,589351
"AB","2022-07-03",114,589465
"AB","2022-07-04",180,589645
"AB","2022-07-05",247,589892
"AB","2022-07-06",188,590080
"AB","2022-07-07",230,590310
"AB","2022-07-08",190,590500
"AB","2022-07-09",191,590691
"AB","2022-07-10",131,590822
"AB","2022-07-11",176,590998
"AB","2022-07-12",250,591248
"AB","2022-07-13",264,591512
"AB","2022-07-14",235,591747
"AB","2022-07-15",245,591992
"AB","2022-07-16",205,592197
"AB","2022-07-17",179,592376
"AB","2022-07-18",304,592680
"AB","2022-07-19",320,593000
"AB","2022-07-20",264,593264
"AB","2022-07-21",275,593539
"AB","2022-07-22",217,593756
"AB","2022-07-23",232,593988
"AB","2022-07-24",162,594150
"AB","2022-07-25",217,594367
"AB","2022-07-26",297,594664
"AB","2022-07-27",237,594901
"AB","2022-07-28",252,595153
"AB","2022-07-29",308,595461
"AB","2022-07-30",198,595659
"AB","2022-07-31",150,595809
"AB","2022-08-01",212,596021
"AB","2022-08-02",246,596267
"AB","2022-08-03",332,596599
"AB","2022-08-04",266,596865
"AB","2022-08-05",257,597122
"AB","2022-08-06",245,597367
"AB","2022-08-07",212,597579
"AB","2022-08-08",215,597794
"AB","2022-08-09",277,598071
"AB","2022-08-10",247,598318
"AB","2022-08-11",271,598589
"AB","2022-08-12",278,598867
"AB","2022-08-13",233,599100
"AB","2022-08-14",126,599226
"AB","2022-08-15",202,599428
"AB","2022-08-16",313,599741
"AB","2022-08-17",231,599972
"AB","2022-08-18",272,600244
"AB","2022-08-19",192,600436
"AB","2022-08-20",193,600629
"AB","2022-08-21",205,600834
"AB","2022-08-22",157,600991
"AB","2022-08-23",259,601250
"AB","2022-08-24",241,601491
"AB","2022-08-25",187,601678
"AB","2022-08-26",166,601844
"AB","2022-08-27",184,602028
"AB","2022-08-28",164,602192
"AB","2022-08-29",141,602333
"AB","2022-08-30",170,602503
"AB","2022-08-31",199,602702
"AB","2022-09-01",174,602876
"AB","2022-09-02",149,603025
"AB","2022-09-03",140,603165
"AB","2022-09-04",118,603283
"AB","2022-09-05",114,603397
"AB","2022-09-06",117,603514
"AB","2022-09-07",213,603727
"AB","2022-09-08",175,603902
"AB","2022-09-09",179,604081
"AB","2022-09-10",129,604210
"AB","2022-09-11",127,604337
"AB","2022-09-12",142,604479
"AB","2022-09-13",228,604707
"AB","2022-09-14",190,604897
"AB","2022-09-15",201,605098
"AB","2022-09-16",169,605267
"AB","2022-09-17",190,605457
"AB","2022-09-18",133,605590
"AB","2022-09-19",197,605787
"AB","2022-09-20",175,605962
"AB","2022-09-21",257,606219
"AB","2022-09-22",246,606465
"AB","2022-09-23",193,606658
"AB","2022-09-24",208,606866
"AB","2022-09-25",154,607020
"AB","2022-09-26",175,607195
"AB","2022-09-27",271,607466
"AB","2022-09-28",206,607672
"AB","2022-09-29",249,607921
"AB","2022-09-30",168,608089
"AB","2022-10-01",167,608256
"AB","2022-10-02",169,608425
"AB","2022-10-03",189,608614
"AB","2022-10-04",268,608882
"AB","2022-10-05",180,609062
"AB","2022-10-06",212,609274
"AB","2022-10-07",182,609456
"AB","2022-10-08",168,609624
"AB","2022-10-09",145,609769
"AB","2022-10-10",135,609904
"AB","2022-10-11",172,610076
"AB","2022-10-12",225,610301
"AB","2022-10-13",258,610559
"AB","2022-10-14",220,610779
"AB","2022-10-15",163,610942
"AB","2022-10-16",183,611125
"AB","2022-10-17",159,611284
"AB","2022-10-18",234,611518
"AB","2022-10-19",238,611756
"AB","2022-10-20",234,611990
"AB","2022-10-21",202,612192
"AB","2022-10-22",158,612350
"AB","2022-10-23",191,612541
"AB","2022-10-24",191,612732
"AB","2022-10-25",226,612958
"AB","2022-10-26",148,613106
"AB","2022-10-27",247,613353
"AB","2022-10-28",145,613498
"AB","2022-10-29",194,613692
"AB","2022-10-30",155,613847
"AB","2022-10-31",156,614003
"AB","2022-11-01",264,614267
"AB","2022-11-02",193,614460
"AB","2022-11-03",236,614696
"AB","2022-11-04",201,614897
"AB","2022-11-05",190,615087
"AB","2022-11-06",138,615225
"AB","2022-11-07",174,615399
"AB","2022-11-08",229,615628
"AB","2022-11-09",181,615809
"AB","2022-11-10",241,616050
"AB","2022-11-11",150,616200
"AB","2022-11-12",198,616398
"AB","2022-11-13",160,616558
"AB","2022-11-14",177,616735
"AB","2022-11-15",260,616995
"AB","2022-11-16",244,617239
"AB","2022-11-17",174,617413
"AB","2022-11-18",154,617567
"AB","2022-11-19",207,617774
"AB","2022-11-20",129,617903
"AB","2022-11-21",187,618090
"AB","2022-11-22",181,618271
"AB","2022-11-23",274,618545
"AB","2022-11-24",203,618748
"AB","2022-11-25",205,618953
"AB","2022-11-26",185,619138
"AB","2022-11-27",131,619269
"AB","2022-11-28",123,619392
"AB","2022-11-29",213,619605
"AB","2022-11-30",152,619757
"AB","2022-12-01",227,619984
"AB","2022-12-02",139,620123
"AB","2022-12-03",168,620291
"AB","2022-12-04",120,620411
"AB","2022-12-05",117,620528
"AB","2022-12-06",170,620698
"AB","2022-12-07",166,620864
"AB","2022-12-08",204,621068
"AB","2022-12-09",166,621234
"AB","2022-12-10",101,621335
"AB","2022-12-11",26,621361
"AB","2022-12-12",202,621563
"AB","2022-12-13",185,621748
"AB","2022-12-14",144,621892
"AB","2022-12-15",156,622048
"AB","2022-12-16",111,622159
"AB","2022-12-17",139,622298
"AB","2022-12-18",79,622377
"AB","2022-12-19",107,622484
"AB","2022-12-20",166,622650
"AB","2022-12-21",112,622762
"AB","2022-12-22",152,622914
"AB","2022-12-23",97,623011
"AB","2022-12-24",110,623121
"AB","2022-12-25",81,623202
"AB","2022-12-26",88,623290
"AB","2022-12-27",128,623418
"AB","2022-12-28",125,623543
"AB","2022-12-29",201,623744
"AB","2022-12-30",124,623868
"AB","2022-12-31",123,623991
"AB","2023-01-01",104,624095
"AB","2023-01-02",119,624214
"AB","2023-01-03",156,624370
"AB","2023-01-04",146,624516
"AB","2023-01-05",182,624698
"AB","2023-01-06",134,624832
"AB","2023-01-07",127,624959
"AB","2023-01-08",121,625080
"AB","2023-01-09",114,625194
"AB","2023-01-10",185,625379
"AB","2023-01-11",134,625513
"AB","2023-01-12",153,625666
"AB","2023-01-13",116,625782
"AB","2023-01-14",106,625888
"AB","2023-01-15",76,625964
"AB","2023-01-16",70,626034
"AB","2023-01-17",122,626156
"AB","2023-01-18",106,626262
"AB","2023-01-19",109,626371
"AB","2023-01-20",112,626483
"AB","2023-01-21",72,626555
"AB","2023-01-22",69,626624
"AB","2023-01-23",50,626674
"AB","2023-01-24",132,626806
"AB","2023-01-25",80,626886
"AB","2023-01-26",116,627002
"AB","2023-01-27",71,627073
"AB","2023-01-28",84,627157
"AB","2023-01-29",55,627212
"AB","2023-01-30",56,627268
"AB","2023-01-31",96,627364
"AB","2023-02-01",98,627462
"AB","2023-02-02",83,627545
"AB","2023-02-03",88,627633
"AB","2023-02-04",69,627702
"AB","2023-02-05",58,627760
"AB","2023-02-06",60,627820
"AB","2023-02-07",74,627894
"AB","2023-02-08",93,627987
"AB","2023-02-09",75,628062
"AB","2023-02-10",43,628105
"AB","2023-02-11",44,628149
"AB","2023-02-12",44,628193
"AB","2023-02-13",60,628253
"AB","2023-02-14",66,628319
"AB","2023-02-15",76,628395
"AB","2023-02-16",45,628440
"AB","2023-02-17",89,628529
"AB","2023-02-18",47,628576
"AB","2023-02-19",43,628619
"AB","2023-02-20",54,628673
"AB","2023-02-21",52,628725
"AB","2023-02-22",64,628789
"AB","2023-02-23",56,628845
"AB","2023-02-24",53,628898
"AB","2023-02-25",48,628946
"AB","2023-02-26",52,628998
"AB","2023-02-27",58,629056
"AB","2023-02-28",51,629107
"AB","2023-03-01",51,629158
"AB","2023-03-02",43,629201
"AB","2023-03-03",50,629251
"AB","2023-03-04",55,629306
"AB","2023-03-05",40,629346
"AB","2023-03-06",55,629401
"AB","2023-03-07",51,629452
"AB","2023-03-08",45,629497
"AB","2023-03-09",68,629565
"AB","2023-03-10",51,629616
"AB","2023-03-11",71,629687
"AB","2023-03-12",40,629727
"AB","2023-03-13",60,629787
"AB","2023-03-14",51,629838
"AB","2023-03-15",92,629930
"AB","2023-03-16",50,629980
"AB","2023-03-17",54,630034
"AB","2023-03-18",51,630085
"AB","2023-03-19",51,630136
"AB","2023-03-20",48,630184
"AB","2023-03-21",69,630253
"AB","2023-03-22",62,630315
"AB","2023-03-23",66,630381
"AB","2023-03-24",56,630437
"AB","2023-03-25",48,630485
"AB","2023-03-26",53,630538
"AB","2023-03-27",40,630578
"AB","2023-03-28",63,630641
"AB","2023-03-29",43,630684
"AB","2023-03-30",73,630757
"AB","2023-03-31",57,630814
"AB","2023-04-01",48,630862
"AB","2023-04-02",46,630908
"AB","2023-04-03",50,630958
"AB","2023-04-04",40,630998
"AB","2023-04-05",68,631066
"AB","2023-04-06",53,631119
"AB","2023-04-07",46,631165
"AB","2023-04-08",41,631206
"AB","2023-04-09",44,631250
"AB","2023-04-10",46,631296
"AB","2023-04-11",48,631344
"AB","2023-04-12",47,631391
"AB","2023-04-13",44,631435
"AB","2023-04-14",39,631474
"AB","2023-04-15",37,631511
"AB","2023-04-16",48,631559
"AB","2023-04-17",45,631604
"AB","2023-04-18",66,631670
"AB","2023-04-19",72,631742
"AB","2023-04-20",57,631799
"AB","2023-04-21",47,631846
"AB","2023-04-22",48,631894
"AB","2023-04-23",48,631942
"AB","2023-04-24",49,631991
"AB","2023-04-25",52,632043
"AB","2023-04-26",51,632094
"AB","2023-04-27",46,632140
"AB","2023-04-28",59,632199
"AB","2023-04-29",36,632235
"AB","2023-04-30",32,632267
"AB","2023-05-01",45,632312
"AB","2023-05-02",51,632363
"AB","2023-05-03",50,632413
"AB","2023-05-04",48,632461
"AB","2023-05-05",50,632511
"AB","2023-05-06",40,632551
"AB","2023-05-07",29,632580
"AB","2023-05-08",51,632631
"AB","2023-05-09",49,632680
"AB","2023-05-10",40,632720
"AB","2023-05-11",43,632763
"AB","2023-05-12",45,632808
"AB","2023-05-13",40,632848
"AB","2023-05-14",32,632880
"AB","2023-05-15",28,632908
"AB","2023-05-16",49,632957
"AB","2023-05-17",30,632987
"AB","2023-05-18",33,633020
"AB","2023-05-19",29,633049
"AB","2023-05-20",27,633076
"AB","2023-05-21",32,633108
"AB","2023-05-22",24,633132
"AB","2023-05-23",41,633173
"AB","2023-05-24",21,633194
"AB","2023-05-25",40,633234
"AB","2023-05-26",20,633254
"AB","2023-05-27",33,633287
"AB","2023-05-28",26,633313
"AB","2023-05-29",23,633336
"AB","2023-05-30",39,633375
"AB","2023-05-31",30,633405
"AB","2023-06-01",23,633428
"AB","2023-06-02",28,633456
"AB","2023-06-03",22,633478
"AB","2023-06-04",21,633499
"AB","2023-06-05",18,633517
"AB","2023-06-06",22,633539
"AB","2023-06-07",8,633547
"AB","2023-06-08",23,633570
"AB","2023-06-09",4,633574
"AB","2023-06-10",28,633602
"AB","2023-06-11",10,633612
"AB","2023-06-12",16,633628
"AB","2023-06-13",14,633642
"AB","2023-06-14",8,633650
"AB","2023-06-15",17,633667
"AB","2023-06-16",13,633680
"AB","2023-06-17",13,633693
"AB","2023-06-18",9,633702
"AB","2023-06-19",18,633720
"AB","2023-06-20",10,633730
"AB","2023-06-21",10,633740
"AB","2023-06-22",8,633748
"AB","2023-06-23",14,633762
"AB","2023-06-24",19,633781
"AB","2023-06-25",6,633787
"AB","2023-06-26",14,633801
"AB","2023-06-27",12,633813
"AB","2023-06-28",13,633826
"AB","2023-06-29",15,633841
"AB","2023-06-30",13,633854
"AB","2023-07-01",23,633877
"AB","2023-07-02",5,633882
"AB","2023-07-03",15,633897
"AB","2023-07-04",6,633903
"AB","2023-07-05",3,633906
"AB","2023-07-06",13,633919
"AB","2023-07-07",10,633929
"AB","2023-07-08",10,633939
"AB","2023-07-09",7,633946
"AB","2023-07-10",15,633961
"AB","2023-07-11",13,633974
"AB","2023-07-12",5,633979
"AB","2023-07-13",6,633985
"AB","2023-07-14",7,633992
"AB","2023-07-15",13,634005
"AB","2023-07-16",10,634015
"AB","2023-07-17",13,634028
"AB","2023-07-18",12,634040
"AB","2023-07-19",19,634059
"AB","2023-07-20",11,634070
"AB","2023-07-21",18,634088
"AB","2023-07-22",16,634104
"AB","2023-07-23",14,634118
"AB","2023-07-24",28,634146
"AB","2023-07-25",17,634163
"AB","2023-07-26",21,634184
"AB","2023-07-27",21,634205
"AB","2023-07-28",30,634235
"AB","2023-07-29",28,634263
"AB","2023-07-30",19,634282
"AB","2023-07-31",14,634296
"AB","2023-08-01",34,634330
"AB","2023-08-02",23,634353
"AB","2023-08-03",23,634376
"AB","2023-08-04",20,634396
"AB","2023-08-05",18,634414
"AB","2023-08-06",20,634434
"AB","2023-08-07",30,634464
"AB","2023-08-08",31,634495
"AB","2023-08-09",32,634527
"AB","2023-08-10",22,634549
"AB","2023-08-11",34,634583
"AB","2023-08-12",20,634603
"AB","2023-08-13",27,634630
"AB","2023-08-14",25,634655
"AB","2023-08-15",23,634678
"AB","2023-08-16",33,634711
"AB","2023-08-17",33,634744
"AB","2023-08-18",29,634773
"AB","2023-08-19",29,634802
"AB","2023-08-20",22,634824
"AB","2023-08-21",28,634852
"AB","2023-08-22",30,634882
"AB","2023-08-23",39,634921
"AB","2023-08-24",49,634970
"AB","2023-08-25",39,635009
"AB","2023-08-26",33,635042
"AB","2023-08-27",37,635079
"AB","2023-08-28",40,635119
"AB","2023-08-29",0,635119
"AB","2023-08-30",0,635119
"AB","2023-08-31",0,635119
"AB","2023-09-01",0,635119
"AB","2023-09-02",308,635427
"AB","2023-09-03",0,635427
"AB","2023-09-04",0,635427
"AB","2023-09-05",0,635427
"AB","2023-09-06",0,635427
"AB","2023-09-07",0,635427
"AB","2023-09-08",0,635427
"AB","2023-09-09",381,635808
"AB","2023-09-10",0,635808
"AB","2023-09-11",0,635808
"AB","2023-09-12",0,635808
"AB","2023-09-13",0,635808
"AB","2023-09-14",0,635808
"AB","2023-09-15",0,635808
"AB","2023-09-16",492,636300
"AB","2023-09-17",0,636300
"AB","2023-09-18",0,636300
"AB","2023-09-19",0,636300
"AB","2023-09-20",0,636300
"AB","2023-09-21",0,636300
"AB","2023-09-22",0,636300
"AB","2023-09-23",591,636891
"AB","2023-09-24",0,636891
"AB","2023-09-25",0,636891
"AB","2023-09-26",0,636891
"AB","2023-09-27",0,636891
"AB","2023-09-28",0,636891
"AB","2023-09-29",0,636891
"AB","2023-09-30",727,637618
"AB","2023-10-01",0,637618
"AB","2023-10-02",0,637618
"AB","2023-10-03",0,637618
"AB","2023-10-04",0,637618
"AB","2023-10-05",0,637618
"AB","2023-10-06",0,637618
"AB","2023-10-07",859,638477
"AB","2023-10-08",0,638477
"AB","2023-10-09",0,638477
"AB","2023-10-10",0,638477
"AB","2023-10-11",0,638477
"AB","2023-10-12",0,638477
"AB","2023-10-13",0,638477
"AB","2023-10-14",950,639427
"AB","2023-10-15",0,639427
"AB","2023-10-16",0,639427
"AB","2023-10-17",0,639427
"AB","2023-10-18",0,639427
"AB","2023-10-19",0,639427
"AB","2023-10-20",0,639427
"AB","2023-10-21",928,640355
"AB","2023-10-22",0,640355
"AB","2023-10-23",0,640355
"AB","2023-10-24",0,640355
"AB","2023-10-25",0,640355
"AB","2023-10-26",0,640355
"AB","2023-10-27",0,640355
"AB","2023-10-28",826,641181
"AB","2023-10-29",0,641181
"AB","2023-10-30",0,641181
"AB","2023-10-31",0,641181
"AB","2023-11-01",0,641181
"AB","2023-11-02",0,641181
"AB","2023-11-03",0,641181
"AB","2023-11-04",946,642127
"AB","2023-11-05",0,642127
"AB","2023-11-06",0,642127
"AB","2023-11-07",0,642127
"AB","2023-11-08",0,642127
"AB","2023-11-09",0,642127
"AB","2023-11-10",0,642127
"AB","2023-11-11",841,642968
"AB","2023-11-12",0,642968
"AB","2023-11-13",0,642968
"AB","2023-11-14",0,642968
"AB","2023-11-15",0,642968
"AB","2023-11-16",0,642968
"AB","2023-11-17",0,642968
"AB","2023-11-18",919,643887
"AB","2023-11-19",0,643887
"AB","2023-11-20",0,643887
"AB","2023-11-21",0,643887
"AB","2023-11-22",0,643887
"AB","2023-11-23",0,643887
"AB","2023-11-24",0,643887
"AB","2023-11-25",806,644693
"AB","2023-11-26",0,644693
"AB","2023-11-27",0,644693
"AB","2023-11-28",0,644693
"AB","2023-11-29",0,644693
"AB","2023-11-30",0,644693
"AB","2023-12-01",0,644693
"AB","2023-12-02",756,645449
"AB","2023-12-03",0,645449
"AB","2023-12-04",0,645449
"AB","2023-12-05",0,645449
"AB","2023-12-06",0,645449
"AB","2023-12-07",0,645449
"AB","2023-12-08",0,645449
"AB","2023-12-09",769,646218
"AB","2023-12-10",0,646218
"AB","2023-12-11",0,646218
"AB","2023-12-12",0,646218
"AB","2023-12-13",0,646218
"AB","2023-12-14",0,646218
"AB","2023-12-15",0,646218
"AB","2023-12-16",661,646879
"AB","2023-12-17",0,646879
"AB","2023-12-18",0,646879
"AB","2023-12-19",0,646879
"AB","2023-12-20",0,646879
"AB","2023-12-21",0,646879
"AB","2023-12-22",0,646879
"AB","2023-12-23",561,647440
"AB","2023-12-24",0,647440
"AB","2023-12-25",0,647440
"AB","2023-12-26",0,647440
"AB","2023-12-27",0,647440
"AB","2023-12-28",0,647440
"AB","2023-12-29",0,647440
"AB","2023-12-30",528,647968
"BC","2020-01-29",1,1
"BC","2020-01-30",0,1
"BC","2020-01-31",0,1
"BC","2020-02-01",0,1
"BC","2020-02-02",0,1
"BC","2020-02-03",0,1
"BC","2020-02-04",0,1
"BC","2020-02-05",0,1
"BC","2020-02-06",1,2
"BC","2020-02-07",0,2
"BC","2020-02-08",0,2
"BC","2020-02-09",0,2
"BC","2020-02-10",2,4
"BC","2020-02-11",0,4
"BC","2020-02-12",0,4
"BC","2020-02-13",0,4
"BC","2020-02-14",0,4
"BC","2020-02-15",0,4
"BC","2020-02-16",0,4
"BC","2020-02-17",0,4
"BC","2020-02-18",1,5
"BC","2020-02-19",0,5
"BC","2020-02-20",0,5
"BC","2020-02-21",0,5
"BC","2020-02-22",0,5
"BC","2020-02-23",0,5
"BC","2020-02-24",2,7
"BC","2020-02-25",0,7
"BC","2020-02-26",0,7
"BC","2020-02-27",0,7
"BC","2020-02-28",0,7
"BC","2020-02-29",0,7
"BC","2020-03-01",0,7
"BC","2020-03-02",0,7
"BC","2020-03-03",5,12
"BC","2020-03-04",0,12
"BC","2020-03-05",8,20
"BC","2020-03-06",7,27
"BC","2020-03-07",1,28
"BC","2020-03-08",4,32
"BC","2020-03-09",3,35
"BC","2020-03-10",10,45
"BC","2020-03-11",16,61
"BC","2020-03-12",8,69
"BC","2020-03-13",16,85
"BC","2020-03-14",28,113
"BC","2020-03-15",29,142
"BC","2020-03-16",47,189
"BC","2020-03-17",50,239
"BC","2020-03-18",48,287
"BC","2020-03-19",57,344
"BC","2020-03-20",63,407
"BC","2020-03-21",74,481
"BC","2020-03-22",52,533
"BC","2020-03-23",54,587
"BC","2020-03-24",64,651
"BC","2020-03-25",81,732
"BC","2020-03-26",68,800
"BC","2020-03-27",61,861
"BC","2020-03-28",66,927
"BC","2020-03-29",46,973
"BC","2020-03-30",50,1023
"BC","2020-03-31",58,1081
"BC","2020-04-01",53,1134
"BC","2020-04-02",46,1180
"BC","2020-04-03",37,1217
"BC","2020-04-04",29,1246
"BC","2020-04-05",15,1261
"BC","2020-04-06",49,1310
"BC","2020-04-07",34,1344
"BC","2020-04-08",32,1376
"BC","2020-04-09",44,1420
"BC","2020-04-10",30,1450
"BC","2020-04-11",19,1469
"BC","2020-04-12",18,1487
"BC","2020-04-13",28,1515
"BC","2020-04-14",40,1555
"BC","2020-04-15",25,1580
"BC","2020-04-16",39,1619
"BC","2020-04-17",23,1642
"BC","2020-04-18",25,1667
"BC","2020-04-19",21,1688
"BC","2020-04-20",44,1732
"BC","2020-04-21",54,1786
"BC","2020-04-22",31,1817
"BC","2020-04-23",63,1880
"BC","2020-04-24",69,1949
"BC","2020-04-25",32,1981
"BC","2020-04-26",26,2007
"BC","2020-04-27",57,2064
"BC","2020-04-28",29,2093
"BC","2020-04-29",30,2123
"BC","2020-04-30",29,2152
"BC","2020-05-01",34,2186
"BC","2020-05-02",23,2209
"BC","2020-05-03",18,2227
"BC","2020-05-04",24,2251
"BC","2020-05-05",24,2275
"BC","2020-05-06",16,2291
"BC","2020-05-07",24,2315
"BC","2020-05-08",13,2328
"BC","2020-05-09",13,2341
"BC","2020-05-10",13,2354
"BC","2020-05-11",12,2366
"BC","2020-05-12",10,2376
"BC","2020-05-13",24,2400
"BC","2020-05-14",8,2408
"BC","2020-05-15",18,2426
"BC","2020-05-16",11,2437
"BC","2020-05-17",9,2446
"BC","2020-05-18",10,2456
"BC","2020-05-19",14,2470
"BC","2020-05-20",13,2483
"BC","2020-05-21",23,2506
"BC","2020-05-22",8,2514
"BC","2020-05-23",8,2522
"BC","2020-05-24",10,2532
"BC","2020-05-25",7,2539
"BC","2020-05-26",5,2544
"BC","2020-05-27",9,2553
"BC","2020-05-28",9,2562
"BC","2020-05-29",12,2574
"BC","2020-05-30",13,2587
"BC","2020-05-31",9,2596
"BC","2020-06-01",13,2609
"BC","2020-06-02",12,2621
"BC","2020-06-03",3,2624
"BC","2020-06-04",9,2633
"BC","2020-06-05",5,2638
"BC","2020-06-06",11,2649
"BC","2020-06-07",8,2657
"BC","2020-06-08",6,2663
"BC","2020-06-09",15,2678
"BC","2020-06-10",18,2696
"BC","2020-06-11",12,2708
"BC","2020-06-12",16,2724
"BC","2020-06-13",15,2739
"BC","2020-06-14",7,2746
"BC","2020-06-15",8,2754
"BC","2020-06-16",23,2777
"BC","2020-06-17",6,2783
"BC","2020-06-18",6,2789
"BC","2020-06-19",7,2796
"BC","2020-06-20",8,2804
"BC","2020-06-21",19,2823
"BC","2020-06-22",9,2832
"BC","2020-06-23",19,2851
"BC","2020-06-24",19,2870
"BC","2020-06-25",7,2877
"BC","2020-06-26",10,2887
"BC","2020-06-27",11,2898
"BC","2020-06-28",8,2906
"BC","2020-06-29",8,2914
"BC","2020-06-30",15,2929
"BC","2020-07-01",11,2940
"BC","2020-07-02",9,2949
"BC","2020-07-03",14,2963
"BC","2020-07-04",14,2977
"BC","2020-07-05",7,2984
"BC","2020-07-06",11,2995
"BC","2020-07-07",18,3013
"BC","2020-07-08",18,3031
"BC","2020-07-09",21,3052
"BC","2020-07-10",27,3079
"BC","2020-07-11",22,3101
"BC","2020-07-12",18,3119
"BC","2020-07-13",13,3132
"BC","2020-07-14",22,3154
"BC","2020-07-15",33,3187
"BC","2020-07-16",30,3217
"BC","2020-07-17",33,3250
"BC","2020-07-18",26,3276
"BC","2020-07-19",31,3307
"BC","2020-07-20",30,3337
"BC","2020-07-21",30,3367
"BC","2020-07-22",35,3402
"BC","2020-07-23",32,3434
"BC","2020-07-24",27,3461
"BC","2020-07-25",22,3483
"BC","2020-07-26",21,3504
"BC","2020-07-27",20,3524
"BC","2020-07-28",53,3577
"BC","2020-07-29",21,3598
"BC","2020-07-30",46,3644
"BC","2020-07-31",44,3688
"BC","2020-08-01",48,3736
"BC","2020-08-02",41,3777
"BC","2020-08-03",35,3812
"BC","2020-08-04",36,3848
"BC","2020-08-05",42,3890
"BC","2020-08-06",55,3945
"BC","2020-08-07",42,3987
"BC","2020-08-08",43,4030
"BC","2020-08-09",41,4071
"BC","2020-08-10",63,4134
"BC","2020-08-11",77,4211
"BC","2020-08-12",82,4293
"BC","2020-08-13",93,4386
"BC","2020-08-14",112,4498
"BC","2020-08-15",61,4559
"BC","2020-08-16",80,4639
"BC","2020-08-17",51,4690
"BC","2020-08-18",74,4764
"BC","2020-08-19",85,4849
"BC","2020-08-20",108,4957
"BC","2020-08-21",121,5078
"BC","2020-08-22",75,5153
"BC","2020-08-23",61,5214
"BC","2020-08-24",61,5275
"BC","2020-08-25",46,5321
"BC","2020-08-26",99,5420
"BC","2020-08-27",111,5531
"BC","2020-08-28",106,5637
"BC","2020-08-29",105,5742
"BC","2020-08-30",87,5829
"BC","2020-08-31",60,5889
"BC","2020-09-01",98,5987
"BC","2020-09-02",81,6068
"BC","2020-09-03",150,6218
"BC","2020-09-04",125,6343
"BC","2020-09-05",113,6456
"BC","2020-09-06",111,6567
"BC","2020-09-07",92,6659
"BC","2020-09-08",114,6773
"BC","2020-09-09",122,6895
"BC","2020-09-10",121,7016
"BC","2020-09-11",149,7165
"BC","2020-09-12",102,7267
"BC","2020-09-13",84,7351
"BC","2020-09-14",83,7434
"BC","2020-09-15",155,7589
"BC","2020-09-16",139,7728
"BC","2020-09-17",153,7881
"BC","2020-09-18",130,8011
"BC","2020-09-19",108,8119
"BC","2020-09-20",126,8245
"BC","2020-09-21",98,8343
"BC","2020-09-22",81,8424
"BC","2020-09-23",149,8573
"BC","2020-09-24",80,8653
"BC","2020-09-25",98,8751
"BC","2020-09-26",116,8867
"BC","2020-09-27",88,8955
"BC","2020-09-28",96,9051
"BC","2020-09-29",110,9161
"BC","2020-09-30",119,9280
"BC","2020-10-01",144,9424
"BC","2020-10-02",94,9518
"BC","2020-10-03",125,9643
"BC","2020-10-04",124,9767
"BC","2020-10-05",90,9857
"BC","2020-10-06",112,9969
"BC","2020-10-07",122,10091
"BC","2020-10-08",129,10220
"BC","2020-10-09",182,10402
"BC","2020-10-10",160,10562
"BC","2020-10-11",112,10674
"BC","2020-10-12",142,10816
"BC","2020-10-13",158,10974
"BC","2020-10-14",89,11063
"BC","2020-10-15",152,11215
"BC","2020-10-16",211,11426
"BC","2020-10-17",137,11563
"BC","2020-10-18",204,11767
"BC","2020-10-19",140,11907
"BC","2020-10-20",256,12163
"BC","2020-10-21",298,12461
"BC","2020-10-22",200,12661
"BC","2020-10-23",274,12935
"BC","2020-10-24",295,13230
"BC","2020-10-25",229,13459
"BC","2020-10-26",259,13718
"BC","2020-10-27",265,13983
"BC","2020-10-28",272,14255
"BC","2020-10-29",340,14595
"BC","2020-10-30",381,14976
"BC","2020-10-31",381,15357
"BC","2020-11-01",374,15731
"BC","2020-11-02",336,16067
"BC","2020-11-03",367,16434
"BC","2020-11-04",591,17025
"BC","2020-11-05",481,17506
"BC","2020-11-06",449,17955
"BC","2020-11-07",568,18523
"BC","2020-11-08",504,19027
"BC","2020-11-09",497,19524
"BC","2020-11-10",699,20223
"BC","2020-11-11",660,20883
"BC","2020-11-12",585,21468
"BC","2020-11-13",542,22010
"BC","2020-11-14",945,22955
"BC","2020-11-15",588,23543
"BC","2020-11-16",550,24093
"BC","2020-11-17",734,24827
"BC","2020-11-18",860,25687
"BC","2020-11-19",643,26330
"BC","2020-11-20",936,27266
"BC","2020-11-21",721,27987
"BC","2020-11-22",657,28644
"BC","2020-11-23",680,29324
"BC","2020-11-24",843,30167
"BC","2020-11-25",880,31047
"BC","2020-11-26",757,31804
"BC","2020-11-27",705,32509
"BC","2020-11-28",819,33328
"BC","2020-11-29",639,33967
"BC","2020-11-30",542,34509
"BC","2020-12-01",773,35282
"BC","2020-12-02",757,36039
"BC","2020-12-03",697,36736
"BC","2020-12-04",589,37325
"BC","2020-12-05",777,38102
"BC","2020-12-06",573,38675
"BC","2020-12-07",580,39255
"BC","2020-12-08",660,39915
"BC","2020-12-09",763,40678
"BC","2020-12-10",774,41452
"BC","2020-12-11",715,42167
"BC","2020-12-12",738,42905
"BC","2020-12-13",563,43468
"BC","2020-12-14",517,43985
"BC","2020-12-15",587,44572
"BC","2020-12-16",635,45207
"BC","2020-12-17",622,45829
"BC","2020-12-18",640,46469
"BC","2020-12-19",579,47048
"BC","2020-12-20",503,47551
"BC","2020-12-21",404,47955
"BC","2020-12-22",514,48469
"BC","2020-12-23",536,49005
"BC","2020-12-24",554,49559
"BC","2020-12-25",404,49963
"BC","2020-12-26",331,50294
"BC","2020-12-27",476,50770
"BC","2020-12-28",404,51174
"BC","2020-12-29",618,51792
"BC","2020-12-30",594,52386
"BC","2020-12-31",619,53005
"BC","2021-01-01",596,53601
"BC","2021-01-02",414,54015
"BC","2021-01-03",537,54552
"BC","2021-01-04",517,55069
"BC","2021-01-05",566,55635
"BC","2021-01-06",607,56242
"BC","2021-01-07",548,56790
"BC","2021-01-08",527,57317
"BC","2021-01-09",533,57850
"BC","2021-01-10",449,58299
"BC","2021-01-11",409,58708
"BC","2021-01-12",503,59211
"BC","2021-01-13",521,59732
"BC","2021-01-14",495,60227
"BC","2021-01-15",572,60799
"BC","2021-01-16",462,61261
"BC","2021-01-17",321,61582
"BC","2021-01-18",379,61961
"BC","2021-01-19",513,62474
"BC","2021-01-20",558,63032
"BC","2021-01-21",520,63552
"BC","2021-01-22",486,64038
"BC","2021-01-23",494,64532
"BC","2021-01-24",359,64891
"BC","2021-01-25",335,65226
"BC","2021-01-26",537,65763
"BC","2021-01-27",502,66265
"BC","2021-01-28",523,66788
"BC","2021-01-29",421,67209
"BC","2021-01-30",478,67687
"BC","2021-01-31",295,67982
"BC","2021-02-01",398,68380
"BC","2021-02-02",402,68782
"BC","2021-02-03",473,69255
"BC","2021-02-04",475,69730
"BC","2021-02-05",444,70174
"BC","2021-02-06",484,70658
"BC","2021-02-07",348,71006
"BC","2021-02-08",394,71400
"BC","2021-02-09",475,71875
"BC","2021-02-10",448,72323
"BC","2021-02-11",433,72756
"BC","2021-02-12",451,73207
"BC","2021-02-13",451,73658
"BC","2021-02-14",360,74018
"BC","2021-02-15",323,74341
"BC","2021-02-16",393,74734
"BC","2021-02-17",618,75352
"BC","2021-02-18",542,75894
"BC","2021-02-19",529,76423
"BC","2021-02-20",493,76916
"BC","2021-02-21",455,77371
"BC","2021-02-22",501,77872
"BC","2021-02-23",521,78393
"BC","2021-02-24",506,78899
"BC","2021-02-25",593,79492
"BC","2021-02-26",519,80011
"BC","2021-02-27",493,80504
"BC","2021-02-28",450,80954
"BC","2021-03-01",457,81411
"BC","2021-03-02",558,81969
"BC","2021-03-03",564,82533
"BC","2021-03-04",626,83159
"BC","2021-03-05",548,83707
"BC","2021-03-06",558,84265
"BC","2021-03-07",399,84664
"BC","2021-03-08",497,85161
"BC","2021-03-09",529,85690
"BC","2021-03-10",580,86270
"BC","2021-03-11",660,86930
"BC","2021-03-12",550,87480
"BC","2021-03-13",526,88006
"BC","2021-03-14",484,88490
"BC","2021-03-15",482,88972
"BC","2021-03-16",514,89486
"BC","2021-03-17",597,90083
"BC","2021-03-18",735,90818
"BC","2021-03-19",577,91395
"BC","2021-03-20",616,92011
"BC","2021-03-21",659,92670
"BC","2021-03-22",586,93256
"BC","2021-03-23",721,93977
"BC","2021-03-24",806,94783
"BC","2021-03-25",992,95775
"BC","2021-03-26",885,96660
"BC","2021-03-27",826,97486
"BC","2021-03-28",802,98288
"BC","2021-03-29",787,99075
"BC","2021-03-30",1022,100097
"BC","2021-03-31",880,100977
"BC","2021-04-01",1075,102052
"BC","2021-04-02",1107,103159
"BC","2021-04-03",1029,104188
"BC","2021-04-04",912,105100
"BC","2021-04-05",928,106028
"BC","2021-04-06",1036,107064
"BC","2021-04-07",1316,108380
"BC","2021-04-08",1218,109598
"BC","2021-04-09",1301,110899
"BC","2021-04-10",1064,111963
"BC","2021-04-11",1040,113003
"BC","2021-04-12",944,113947
"BC","2021-04-13",1004,114951
"BC","2021-04-14",1225,116176
"BC","2021-04-15",929,117105
"BC","2021-04-16",1086,118191
"BC","2021-04-17",965,119156
"BC","2021-04-18",1019,120175
"BC","2021-04-19",747,120922
"BC","2021-04-20",930,121852
"BC","2021-04-21",960,122812
"BC","2021-04-22",1015,123827
"BC","2021-04-23",893,124720
"BC","2021-04-24",875,125595
"BC","2021-04-25",764,126359
"BC","2021-04-26",773,127132
"BC","2021-04-27",796,127928
"BC","2021-04-28",873,128801
"BC","2021-04-29",746,129547
"BC","2021-04-30",892,130439
"BC","2021-05-01",688,131127
"BC","2021-05-02",646,131773
"BC","2021-05-03",569,132342
"BC","2021-05-04",627,132969
"BC","2021-05-05",711,133680
"BC","2021-05-06",651,134331
"BC","2021-05-07",618,134949
"BC","2021-05-08",623,135572
"BC","2021-05-09",569,136141
"BC","2021-05-10",516,136657
"BC","2021-05-11",575,137232
"BC","2021-05-12",604,137836
"BC","2021-05-13",479,138315
"BC","2021-05-14",452,138767
"BC","2021-05-15",486,139253
"BC","2021-05-16",442,139695
"BC","2021-05-17",398,140093
"BC","2021-05-18",522,140615
"BC","2021-05-19",376,140991
"BC","2021-05-20",433,141424
"BC","2021-05-21",353,141777
"BC","2021-05-22",335,142112
"BC","2021-05-23",302,142414
"BC","2021-05-24",252,142666
"BC","2021-05-25",254,142920
"BC","2021-05-26",392,143312
"BC","2021-05-27",315,143627
"BC","2021-05-28",251,143878
"BC","2021-05-29",247,144125
"BC","2021-05-30",218,144343
"BC","2021-05-31",153,144496
"BC","2021-06-01",198,144694
"BC","2021-06-02",200,144894
"BC","2021-06-03",179,145073
"BC","2021-06-04",227,145300
"BC","2021-06-05",137,145437
"BC","2021-06-06",134,145571
"BC","2021-06-07",154,145725
"BC","2021-06-08",169,145894
"BC","2021-06-09",158,146052
"BC","2021-06-10",146,146198
"BC","2021-06-11",109,146307
"BC","2021-06-12",118,146425
"BC","2021-06-13",72,146497
"BC","2021-06-14",105,146602
"BC","2021-06-15",110,146712
"BC","2021-06-16",125,146837
"BC","2021-06-17",118,146955
"BC","2021-06-18",90,147045
"BC","2021-06-19",91,147136
"BC","2021-06-20",46,147182
"BC","2021-06-21",57,147239
"BC","2021-06-22",83,147322
"BC","2021-06-23",76,147398
"BC","2021-06-24",75,147473
"BC","2021-06-25",55,147528
"BC","2021-06-26",54,147582
"BC","2021-06-27",41,147623
"BC","2021-06-28",31,147654
"BC","2021-06-29",48,147702
"BC","2021-06-30",48,147750
"BC","2021-07-01",36,147786
"BC","2021-07-02",31,147817
"BC","2021-07-03",38,147855
"BC","2021-07-04",26,147881
"BC","2021-07-05",45,147926
"BC","2021-07-06",45,147971
"BC","2021-07-07",66,148037
"BC","2021-07-08",51,148088
"BC","2021-07-09",51,148139
"BC","2021-07-10",39,148178
"BC","2021-07-11",30,148208
"BC","2021-07-12",42,148250
"BC","2021-07-13",33,148283
"BC","2021-07-14",56,148339
"BC","2021-07-15",47,148386
"BC","2021-07-16",54,148440
"BC","2021-07-17",66,148506
"BC","2021-07-18",48,148554
"BC","2021-07-19",65,148619
"BC","2021-07-20",79,148698
"BC","2021-07-21",97,148795
"BC","2021-07-22",113,148908
"BC","2021-07-23",90,148998
"BC","2021-07-24",88,149086
"BC","2021-07-25",97,149183
"BC","2021-07-26",138,149321
"BC","2021-07-27",196,149517
"BC","2021-07-28",205,149722
"BC","2021-07-29",241,149963
"BC","2021-07-30",177,150140
"BC","2021-07-31",208,150348
"BC","2021-08-01",195,150543
"BC","2021-08-02",214,150757
"BC","2021-08-03",291,151048
"BC","2021-08-04",368,151416
"BC","2021-08-05",479,151895
"BC","2021-08-06",432,152327
"BC","2021-08-07",392,152719
"BC","2021-08-08",303,153022
"BC","2021-08-09",364,153386
"BC","2021-08-10",539,153925
"BC","2021-08-11",538,154463
"BC","2021-08-12",709,155172
"BC","2021-08-13",550,155722
"BC","2021-08-14",427,156149
"BC","2021-08-15",449,156598
"BC","2021-08-16",394,156992
"BC","2021-08-17",618,157610
"BC","2021-08-18",775,158385
"BC","2021-08-19",666,159051
"BC","2021-08-20",696,159747
"BC","2021-08-21",572,160319
"BC","2021-08-22",467,160786
"BC","2021-08-23",564,161350
"BC","2021-08-24",709,162059
"BC","2021-08-25",720,162779
"BC","2021-08-26",887,163666
"BC","2021-08-27",780,164446
"BC","2021-08-28",611,165057
"BC","2021-08-29",510,165567
"BC","2021-08-30",593,166160
"BC","2021-08-31",785,166945
"BC","2021-09-01",822,167767
"BC","2021-09-02",701,168468
"BC","2021-09-03",691,169159
"BC","2021-09-04",664,169823
"BC","2021-09-05",584,170407
"BC","2021-09-06",554,170961
"BC","2021-09-07",695,171656
"BC","2021-09-08",815,172471
"BC","2021-09-09",840,173311
"BC","2021-09-10",860,174171
"BC","2021-09-11",663,174834
"BC","2021-09-12",534,175368
"BC","2021-09-13",567,175935
"BC","2021-09-14",673,176608
"BC","2021-09-15",732,177340
"BC","2021-09-16",767,178107
"BC","2021-09-17",673,178780
"BC","2021-09-18",618,179398
"BC","2021-09-19",444,179842
"BC","2021-09-20",542,180384
"BC","2021-09-21",689,181073
"BC","2021-09-22",844,181917
"BC","2021-09-23",755,182672
"BC","2021-09-24",854,183526
"BC","2021-09-25",692,184218
"BC","2021-09-26",724,184942
"BC","2021-09-27",595,185537
"BC","2021-09-28",810,186347
"BC","2021-09-29",788,187135
"BC","2021-09-30",759,187894
"BC","2021-10-01",639,188533
"BC","2021-10-02",695,189228
"BC","2021-10-03",687,189915
"BC","2021-10-04",510,190425
"BC","2021-10-05",759,191184
"BC","2021-10-06",616,191800
"BC","2021-10-07",768,192568
"BC","2021-10-08",614,193182
"BC","2021-10-09",672,193854
"BC","2021-10-10",482,194336
"BC","2021-10-11",407,194743
"BC","2021-10-12",496,195239
"BC","2021-10-13",584,195823
"BC","2021-10-14",691,196514
"BC","2021-10-15",757,197271
"BC","2021-10-16",672,197943
"BC","2021-10-17",462,198405
"BC","2021-10-18",487,198892
"BC","2021-10-19",703,199595
"BC","2021-10-20",730,200325
"BC","2021-10-21",669,200994
"BC","2021-10-22",603,201597
"BC","2021-10-23",550,202147
"BC","2021-10-24",486,202633
"BC","2021-10-25",417,203050
"BC","2021-10-26",633,203683
"BC","2021-10-27",757,204440
"BC","2021-10-28",573,205013
"BC","2021-10-29",579,205592
"BC","2021-10-30",486,206078
"BC","2021-10-31",343,206421
"BC","2021-11-01",381,206802
"BC","2021-11-02",443,207245
"BC","2021-11-03",597,207842
"BC","2021-11-04",543,208385
"BC","2021-11-05",600,208985
"BC","2021-11-06",495,209480
"BC","2021-11-07",441,209921
"BC","2021-11-08",383,210304
"BC","2021-11-09",566,210870
"BC","2021-11-10",511,211381
"BC","2021-11-11",492,211873
"BC","2021-11-12",470,212343
"BC","2021-11-13",411,212754
"BC","2021-11-14",395,213149
"BC","2021-11-15",292,213441
"BC","2021-11-16",336,213777
"BC","2021-11-17",468,214245
"BC","2021-11-18",490,214735
"BC","2021-11-19",398,215133
"BC","2021-11-20",353,215486
"BC","2021-11-21",339,215825
"BC","2021-11-22",287,216112
"BC","2021-11-23",339,216451
"BC","2021-11-24",422,216873
"BC","2021-11-25",337,217210
"BC","2021-11-26",399,217609
"BC","2021-11-27",318,217927
"BC","2021-11-28",288,218215
"BC","2021-11-29",328,218543
"BC","2021-11-30",389,218932
"BC","2021-12-01",368,219300
"BC","2021-12-02",405,219705
"BC","2021-12-03",361,220066
"BC","2021-12-04",324,220390
"BC","2021-12-05",302,220692
"BC","2021-12-06",281,220973
"BC","2021-12-07",375,221348
"BC","2021-12-08",341,221689
"BC","2021-12-09",458,222147
"BC","2021-12-10",461,222608
"BC","2021-12-11",383,222991
"BC","2021-12-12",361,223352
"BC","2021-12-13",420,223772
"BC","2021-12-14",597,224369
"BC","2021-12-15",756,225125
"BC","2021-12-16",800,225925
"BC","2021-12-17",933,226858
"BC","2021-12-18",873,227731
"BC","2021-12-19",857,228588
"BC","2021-12-20",1237,229825
"BC","2021-12-21",1553,231378
"BC","2021-12-22",2034,233412
"BC","2021-12-23",2502,235914
"BC","2021-12-24",2574,238488
"BC","2021-12-25",2093,240581
"BC","2021-12-26",1782,242363
"BC","2021-12-27",1900,244263
"BC","2021-12-28",3085,247348
"BC","2021-12-29",3993,251341
"BC","2021-12-30",3822,255163
"BC","2021-12-31",4085,259248
"BC","2022-01-01",3214,262462
"BC","2022-01-02",2330,264792
"BC","2022-01-03",2678,267470
"BC","2022-01-04",3312,270782
"BC","2022-01-05",3329,274111
"BC","2022-01-06",3118,277229
"BC","2022-01-07",2606,279835
"BC","2022-01-08",2428,282263
"BC","2022-01-09",2156,284419
"BC","2022-01-10",2022,286441
"BC","2022-01-11",2700,289141
"BC","2022-01-12",2578,291719
"BC","2022-01-13",2252,293971
"BC","2022-01-14",2433,296404
"BC","2022-01-15",1856,298260
"BC","2022-01-16",1555,299815
"BC","2022-01-17",1783,301598
"BC","2022-01-18",2489,304087
"BC","2022-01-19",2158,306245
"BC","2022-01-20",2350,308595
"BC","2022-01-21",2162,310757
"BC","2022-01-22",1589,312346
"BC","2022-01-23",1426,313772
"BC","2022-01-24",1368,315140
"BC","2022-01-25",1963,317103
"BC","2022-01-26",1851,318954
"BC","2022-01-27",2005,320959
"BC","2022-01-28",1684,322643
"BC","2022-01-29",1328,323971
"BC","2022-01-30",1099,325070
"BC","2022-01-31",1130,326200
"BC","2022-02-01",1772,327972
"BC","2022-02-02",1556,329528
"BC","2022-02-03",1500,331028
"BC","2022-02-04",1326,332354
"BC","2022-02-05",1191,333545
"BC","2022-02-06",881,334426
"BC","2022-02-07",882,335308
"BC","2022-02-08",1249,336557
"BC","2022-02-09",1342,337899
"BC","2022-02-10",1026,338925
"BC","2022-02-11",929,339854
"BC","2022-02-12",709,340563
"BC","2022-02-13",604,341167
"BC","2022-02-14",680,341847
"BC","2022-02-15",722,342569
"BC","2022-02-16",685,343254
"BC","2022-02-17",728,343982
"BC","2022-02-18",585,344567
"BC","2022-02-19",470,345037
"BC","2022-02-20",391,345428
"BC","2022-02-21",392,345820
"BC","2022-02-22",537,346357
"BC","2022-02-23",627,346984
"BC","2022-02-24",519,347503
"BC","2022-02-25",436,347939
"BC","2022-02-26",336,348275
"BC","2022-02-27",313,348588
"BC","2022-02-28",372,348960
"BC","2022-03-01",468,349428
"BC","2022-03-02",378,349806
"BC","2022-03-03",336,350142
"BC","2022-03-04",335,350477
"BC","2022-03-05",288,350765
"BC","2022-03-06",243,351008
"BC","2022-03-07",278,351286
"BC","2022-03-08",287,351573
"BC","2022-03-09",327,351900
"BC","2022-03-10",293,352193
"BC","2022-03-11",235,352428
"BC","2022-03-12",164,352592
"BC","2022-03-13",189,352781
"BC","2022-03-14",237,353018
"BC","2022-03-15",246,353264
"BC","2022-03-16",225,353489
"BC","2022-03-17",217,353706
"BC","2022-03-18",200,353906
"BC","2022-03-19",182,354088
"BC","2022-03-20",148,354236
"BC","2022-03-21",242,354478
"BC","2022-03-22",256,354734
"BC","2022-03-23",267,355001
"BC","2022-03-24",221,355222
"BC","2022-03-25",216,355438
"BC","2022-03-26",215,355653
"BC","2022-03-27",171,355824
"BC","2022-03-28",247,356071
"BC","2022-03-29",296,356367
"BC","2022-03-30",258,356625
"BC","2022-03-31",292,356917
"BC","2022-04-01",246,357163
"BC","2022-04-02",197,357360
"BC","2022-04-03",246,357606
"BC","2022-04-04",268,357874
"BC","2022-04-05",216,358090
"BC","2022-04-06",280,358370
"BC","2022-04-07",264,358634
"BC","2022-04-08",258,358892
"BC","2022-04-09",239,359131
"BC","2022-04-10",263,359394
"BC","2022-04-11",250,359644
"BC","2022-04-12",341,359985
"BC","2022-04-13",307,360292
"BC","2022-04-14",330,360622
"BC","2022-04-15",283,360905
"BC","2022-04-16",262,361167
"BC","2022-04-17",240,361407
"BC","2022-04-18",265,361672
"BC","2022-04-19",410,362082
"BC","2022-04-20",371,362453
"BC","2022-04-21",380,362833
"BC","2022-04-22",364,363197
"BC","2022-04-23",239,363436
"BC","2022-04-24",248,363684
"BC","2022-04-25",382,364066
"BC","2022-04-26",420,364486
"BC","2022-04-27",354,364840
"BC","2022-04-28",363,365203
"BC","2022-04-29",264,365467
"BC","2022-04-30",253,365720
"BC","2022-05-01",241,365961
"BC","2022-05-02",294,366255
"BC","2022-05-03",310,366565
"BC","2022-05-04",314,366879
"BC","2022-05-05",321,367200
"BC","2022-05-06",286,367486
"BC","2022-05-07",218,367704
"BC","2022-05-08",179,367883
"BC","2022-05-09",251,368134
"BC","2022-05-10",285,368419
"BC","2022-05-11",250,368669
"BC","2022-05-12",268,368937
"BC","2022-05-13",222,369159
"BC","2022-05-14",188,369347
"BC","2022-05-15",166,369513
"BC","2022-05-16",215,369728
"BC","2022-05-17",218,369946
"BC","2022-05-18",209,370155
"BC","2022-05-19",187,370342
"BC","2022-05-20",184,370526
"BC","2022-05-21",179,370705
"BC","2022-05-22",165,370870
"BC","2022-05-23",144,371014
"BC","2022-05-24",212,371226
"BC","2022-05-25",189,371415
"BC","2022-05-26",170,371585
"BC","2022-05-27",163,371748
"BC","2022-05-28",118,371866
"BC","2022-05-29",124,371990
"BC","2022-05-30",136,372126
"BC","2022-05-31",152,372278
"BC","2022-06-01",140,372418
"BC","2022-06-02",125,372543
"BC","2022-06-03",124,372667
"BC","2022-06-04",93,372760
"BC","2022-06-05",106,372866
"BC","2022-06-06",100,372966
"BC","2022-06-07",130,373096
"BC","2022-06-08",101,373197
"BC","2022-06-09",98,373295
"BC","2022-06-10",119,373414
"BC","2022-06-11",72,373486
"BC","2022-06-12",85,373571
"BC","2022-06-13",128,373699
"BC","2022-06-14",113,373812
"BC","2022-06-15",84,373896
"BC","2022-06-16",71,373967
"BC","2022-06-17",103,374070
"BC","2022-06-18",58,374128
"BC","2022-06-19",70,374198
"BC","2022-06-20",81,374279
"BC","2022-06-21",105,374384
"BC","2022-06-22",108,374492
"BC","2022-06-23",100,374592
"BC","2022-06-24",83,374675
"BC","2022-06-25",74,374749
"BC","2022-06-26",88,374837
"BC","2022-06-27",106,374943
"BC","2022-06-28",117,375060
"BC","2022-06-29",107,375167
"BC","2022-06-30",110,375277
"BC","2022-07-01",136,375413
"BC","2022-07-02",103,375516
"BC","2022-07-03",113,375629
"BC","2022-07-04",155,375784
"BC","2022-07-05",152,375936
"BC","2022-07-06",144,376080
"BC","2022-07-07",152,376232
"BC","2022-07-08",137,376369
"BC","2022-07-09",120,376489
"BC","2022-07-10",133,376622
"BC","2022-07-11",147,376769
"BC","2022-07-12",137,376906
"BC","2022-07-13",171,377077
"BC","2022-07-14",192,377269
"BC","2022-07-15",125,377394
"BC","2022-07-16",140,377534
"BC","2022-07-17",128,377662
"BC","2022-07-18",132,377794
"BC","2022-07-19",152,377946
"BC","2022-07-20",161,378107
"BC","2022-07-21",122,378229
"BC","2022-07-22",144,378373
"BC","2022-07-23",82,378455
"BC","2022-07-24",123,378578
"BC","2022-07-25",156,378734
"BC","2022-07-26",187,378921
"BC","2022-07-27",149,379070
"BC","2022-07-28",138,379208
"BC","2022-07-29",131,379339
"BC","2022-07-30",99,379438
"BC","2022-07-31",113,379551
"BC","2022-08-01",113,379664
"BC","2022-08-02",171,379835
"BC","2022-08-03",155,379990
"BC","2022-08-04",127,380117
"BC","2022-08-05",115,380232
"BC","2022-08-06",105,380337
"BC","2022-08-07",132,380469
"BC","2022-08-08",94,380563
"BC","2022-08-09",140,380703
"BC","2022-08-10",147,380850
"BC","2022-08-11",154,381004
"BC","2022-08-12",116,381120
"BC","2022-08-13",98,381218
"BC","2022-08-14",90,381308
"BC","2022-08-15",106,381414
"BC","2022-08-16",134,381548
"BC","2022-08-17",102,381650
"BC","2022-08-18",112,381762
"BC","2022-08-19",118,381880
"BC","2022-08-20",75,381955
"BC","2022-08-21",78,382033
"BC","2022-08-22",112,382145
"BC","2022-08-23",84,382229
"BC","2022-08-24",107,382336
"BC","2022-08-25",112,382448
"BC","2022-08-26",75,382523
"BC","2022-08-27",83,382606
"BC","2022-08-28",76,382682
"BC","2022-08-29",89,382771
"BC","2022-08-30",105,382876
"BC","2022-08-31",109,382985
"BC","2022-09-01",85,383070
"BC","2022-09-02",85,383155
"BC","2022-09-03",68,383223
"BC","2022-09-04",73,383296
"BC","2022-09-05",67,383363
"BC","2022-09-06",85,383448
"BC","2022-09-07",93,383541
"BC","2022-09-08",110,383651
"BC","2022-09-09",75,383726
"BC","2022-09-10",70,383796
"BC","2022-09-11",85,383881
"BC","2022-09-12",100,383981
"BC","2022-09-13",92,384073
"BC","2022-09-14",89,384162
"BC","2022-09-15",103,384265
"BC","2022-09-16",91,384356
"BC","2022-09-17",75,384431
"BC","2022-09-18",69,384500
"BC","2022-09-19",100,384600
"BC","2022-09-20",71,384671
"BC","2022-09-21",87,384758
"BC","2022-09-22",136,384894
"BC","2022-09-23",88,384982
"BC","2022-09-24",84,385066
"BC","2022-09-25",98,385164
"BC","2022-09-26",107,385271
"BC","2022-09-27",123,385394
"BC","2022-09-28",99,385493
"BC","2022-09-29",114,385607
"BC","2022-09-30",76,385683
"BC","2022-10-01",79,385762
"BC","2022-10-02",85,385847
"BC","2022-10-03",95,385942
"BC","2022-10-04",123,386065
"BC","2022-10-05",117,386182
"BC","2022-10-06",94,386276
"BC","2022-10-07",91,386367
"BC","2022-10-08",90,386457
"BC","2022-10-09",95,386552
"BC","2022-10-10",90,386642
"BC","2022-10-11",91,386733
"BC","2022-10-12",125,386858
"BC","2022-10-13",77,386935
"BC","2022-10-14",72,387007
"BC","2022-10-15",78,387085
"BC","2022-10-16",72,387157
"BC","2022-10-17",63,387220
"BC","2022-10-18",92,387312
"BC","2022-10-19",85,387397
"BC","2022-10-20",80,387477
"BC","2022-10-21",75,387552
"BC","2022-10-22",66,387618
"BC","2022-10-23",63,387681
"BC","2022-10-24",70,387751
"BC","2022-10-25",56,387807
"BC","2022-10-26",81,387888
"BC","2022-10-27",77,387965
"BC","2022-10-28",82,388047
"BC","2022-10-29",56,388103
"BC","2022-10-30",53,388156
"BC","2022-10-31",55,388211
"BC","2022-11-01",63,388274
"BC","2022-11-02",82,388356
"BC","2022-11-03",35,388391
"BC","2022-11-04",61,388452
"BC","2022-11-05",60,388512
"BC","2022-11-06",64,388576
"BC","2022-11-07",70,388646
"BC","2022-11-08",74,388720
"BC","2022-11-09",78,388798
"BC","2022-11-10",77,388875
"BC","2022-11-11",63,388938
"BC","2022-11-12",60,388998
"BC","2022-11-13",63,389061
"BC","2022-11-14",55,389116
"BC","2022-11-15",91,389207
"BC","2022-11-16",72,389279
"BC","2022-11-17",64,389343
"BC","2022-11-18",91,389434
"BC","2022-11-19",65,389499
"BC","2022-11-20",75,389574
"BC","2022-11-21",106,389680
"BC","2022-11-22",82,389762
"BC","2022-11-23",72,389834
"BC","2022-11-24",108,389942
"BC","2022-11-25",87,390029
"BC","2022-11-26",76,390105
"BC","2022-11-27",69,390174
"BC","2022-11-28",80,390254
"BC","2022-11-29",98,390352
"BC","2022-11-30",79,390431
"BC","2022-12-01",79,390510
"BC","2022-12-02",76,390586
"BC","2022-12-03",59,390645
"BC","2022-12-04",61,390706
"BC","2022-12-05",93,390799
"BC","2022-12-06",95,390894
"BC","2022-12-07",109,391003
"BC","2022-12-08",99,391102
"BC","2022-12-09",103,391205
"BC","2022-12-10",100,391305
"BC","2022-12-11",87,391392
"BC","2022-12-12",99,391491
"BC","2022-12-13",89,391580
"BC","2022-12-14",87,391667
"BC","2022-12-15",85,391752
"BC","2022-12-16",90,391842
"BC","2022-12-17",72,391914
"BC","2022-12-18",70,391984
"BC","2022-12-19",85,392069
"BC","2022-12-20",82,392151
"BC","2022-12-21",80,392231
"BC","2022-12-22",97,392328
"BC","2022-12-23",51,392379
"BC","2022-12-24",97,392476
"BC","2022-12-25",82,392558
"BC","2022-12-26",85,392643
"BC","2022-12-27",101,392744
"BC","2022-12-28",84,392828
"BC","2022-12-29",130,392958
"BC","2022-12-30",122,393080
"BC","2022-12-31",89,393169
"BC","2023-01-01",87,393256
"BC","2023-01-02",89,393345
"BC","2023-01-03",103,393448
"BC","2023-01-04",114,393562
"BC","2023-01-05",103,393665
"BC","2023-01-06",98,393763
"BC","2023-01-07",68,393831
"BC","2023-01-08",59,393890
"BC","2023-01-09",97,393987
"BC","2023-01-10",95,394082
"BC","2023-01-11",79,394161
"BC","2023-01-12",72,394233
"BC","2023-01-13",91,394324
"BC","2023-01-14",66,394390
"BC","2023-01-15",78,394468
"BC","2023-01-16",88,394556
"BC","2023-01-17",50,394606
"BC","2023-01-18",51,394657
"BC","2023-01-19",43,394700
"BC","2023-01-20",53,394753
"BC","2023-01-21",45,394798
"BC","2023-01-22",46,394844
"BC","2023-01-23",27,394871
"BC","2023-01-24",41,394912
"BC","2023-01-25",58,394970
"BC","2023-01-26",36,395006
"BC","2023-01-27",55,395061
"BC","2023-01-28",29,395090
"BC","2023-01-29",24,395114
"BC","2023-01-30",46,395160
"BC","2023-01-31",42,395202
"BC","2023-02-01",54,395256
"BC","2023-02-02",41,395297
"BC","2023-02-03",36,395333
"BC","2023-02-04",34,395367
"BC","2023-02-05",34,395401
"BC","2023-02-06",47,395448
"BC","2023-02-07",50,395498
"BC","2023-02-08",49,395547
"BC","2023-02-09",51,395598
"BC","2023-02-10",54,395652
"BC","2023-02-11",56,395708
"BC","2023-02-12",49,395757
"BC","2023-02-13",59,395816
"BC","2023-02-14",36,395852
"BC","2023-02-15",58,395910
"BC","2023-02-16",77,395987
"BC","2023-02-17",33,396020
"BC","2023-02-18",45,396065
"BC","2023-02-19",48,396113
"BC","2023-02-20",52,396165
"BC","2023-02-21",85,396250
"BC","2023-02-22",50,396300
"BC","2023-02-23",57,396357
"BC","2023-02-24",61,396418
"BC","2023-02-25",51,396469
"BC","2023-02-26",60,396529
"BC","2023-02-27",46,396575
"BC","2023-02-28",63,396638
"BC","2023-03-01",45,396683
"BC","2023-03-02",62,396745
"BC","2023-03-03",33,396778
"BC","2023-03-04",37,396815
"BC","2023-03-05",53,396868
"BC","2023-03-06",49,396917
"BC","2023-03-07",71,396988
"BC","2023-03-08",53,397041
"BC","2023-03-09",45,397086
"BC","2023-03-10",48,397134
"BC","2023-03-11",55,397189
"BC","2023-03-12",54,397243
"BC","2023-03-13",51,397294
"BC","2023-03-14",72,397366
"BC","2023-03-15",64,397430
"BC","2023-03-16",53,397483
"BC","2023-03-17",57,397540
"BC","2023-03-18",54,397594
"BC","2023-03-19",65,397659
"BC","2023-03-20",55,397714
"BC","2023-03-21",72,397786
"BC","2023-03-22",62,397848
"BC","2023-03-23",68,397916
"BC","2023-03-24",56,397972
"BC","2023-03-25",77,398049
"BC","2023-03-26",70,398119
"BC","2023-03-27",74,398193
"BC","2023-03-28",79,398272
"BC","2023-03-29",55,398327
"BC","2023-03-30",60,398387
"BC","2023-03-31",59,398446
"BC","2023-04-01",61,398507
"BC","2023-04-02",66,398573
"BC","2023-04-03",61,398634
"BC","2023-04-04",71,398705
"BC","2023-04-05",74,398779
"BC","2023-04-06",68,398847
"BC","2023-04-07",72,398919
"BC","2023-04-08",57,398976
"BC","2023-04-09",63,399039
"BC","2023-04-10",97,399136
"BC","2023-04-11",70,399206
"BC","2023-04-12",65,399271
"BC","2023-04-13",70,399341
"BC","2023-04-14",85,399426
"BC","2023-04-15",69,399495
"BC","2023-04-16",68,399563
"BC","2023-04-17",78,399641
"BC","2023-04-18",78,399719
"BC","2023-04-19",74,399793
"BC","2023-04-20",77,399870
"BC","2023-04-21",83,399953
"BC","2023-04-22",72,400025
"BC","2023-04-23",70,400095
"BC","2023-04-24",109,400204
"BC","2023-04-25",100,400304
"BC","2023-04-26",103,400407
"BC","2023-04-27",84,400491
"BC","2023-04-28",80,400571
"BC","2023-04-29",78,400649
"BC","2023-04-30",63,400712
"BC","2023-05-01",80,400792
"BC","2023-05-02",59,400851
"BC","2023-05-03",68,400919
"BC","2023-05-04",80,400999
"BC","2023-05-05",57,401056
"BC","2023-05-06",48,401104
"BC","2023-05-07",49,401153
"BC","2023-05-08",64,401217
"BC","2023-05-09",51,401268
"BC","2023-05-10",56,401324
"BC","2023-05-11",58,401382
"BC","2023-05-12",43,401425
"BC","2023-05-13",45,401470
"BC","2023-05-14",50,401520
"BC","2023-05-15",52,401572
"BC","2023-05-16",54,401626
"BC","2023-05-17",55,401681
"BC","2023-05-18",42,401723
"BC","2023-05-19",40,401763
"BC","2023-05-20",18,401781
"BC","2023-05-21",40,401821
"BC","2023-05-22",25,401846
"BC","2023-05-23",50,401896
"BC","2023-05-24",42,401938
"BC","2023-05-25",35,401973
"BC","2023-05-26",27,402000
"BC","2023-05-27",38,402038
"BC","2023-05-28",25,402063
"BC","2023-05-29",42,402105
"BC","2023-05-30",27,402132
"BC","2023-05-31",28,402160
"BC","2023-06-01",20,402180
"BC","2023-06-02",38,402218
"BC","2023-06-03",25,402243
"BC","2023-06-04",20,402263
"BC","2023-06-05",28,402291
"BC","2023-06-06",22,402313
"BC","2023-06-07",30,402343
"BC","2023-06-08",22,402365
"BC","2023-06-09",29,402394
"BC","2023-06-10",25,402419
"BC","2023-06-11",19,402438
"BC","2023-06-12",39,402477
"BC","2023-06-13",27,402504
"BC","2023-06-14",21,402525
"BC","2023-06-15",28,402553
"BC","2023-06-16",25,402578
"BC","2023-06-17",11,402589
"BC","2023-06-18",14,402603
"BC","2023-06-19",22,402625
"BC","2023-06-20",20,402645
"BC","2023-06-21",16,402661
"BC","2023-06-22",26,402687
"BC","2023-06-23",32,402719
"BC","2023-06-24",30,402749
"BC","2023-06-25",19,402768
"BC","2023-06-26",19,402787
"BC","2023-06-27",20,402807
"BC","2023-06-28",30,402837
"BC","2023-06-29",31,402868
"BC","2023-06-30",26,402894
"BC","2023-07-01",32,402926
"BC","2023-07-02",14,402940
"BC","2023-07-03",20,402960
"BC","2023-07-04",28,402988
"BC","2023-07-05",24,403012
"BC","2023-07-06",33,403045
"BC","2023-07-07",36,403081
"BC","2023-07-08",19,403100
"BC","2023-07-09",21,403121
"BC","2023-07-10",18,403139
"BC","2023-07-11",22,403161
"BC","2023-07-12",27,403188
"BC","2023-07-13",17,403205
"BC","2023-07-14",15,403220
"BC","2023-07-15",20,403240
"BC","2023-07-16",15,403255
"BC","2023-07-17",13,403268
"BC","2023-07-18",22,403290
"BC","2023-07-19",25,403315
"BC","2023-07-20",24,403339
"BC","2023-07-21",26,403365
"BC","2023-07-22",14,403379
"BC","2023-07-23",23,403402
"BC","2023-07-24",19,403421
"BC","2023-07-25",25,403446
"BC","2023-07-26",25,403471
"BC","2023-07-27",17,403488
"BC","2023-07-28",17,403505
"BC","2023-07-29",25,403530
"BC","2023-07-30",17,403547
"BC","2023-07-31",25,403572
"BC","2023-08-01",25,403597
"BC","2023-08-02",15,403612
"BC","2023-08-03",14,403626
"BC","2023-08-04",17,403643
"BC","2023-08-05",18,403661
"BC","2023-08-06",14,403675
"BC","2023-08-07",17,403692
"BC","2023-08-08",17,403709
"BC","2023-08-09",19,403728
"BC","2023-08-10",20,403748
"BC","2023-08-11",20,403768
"BC","2023-08-12",22,403790
"BC","2023-08-13",19,403809
"BC","2023-08-14",43,403852
"BC","2023-08-15",31,403883
"BC","2023-08-16",39,403922
"BC","2023-08-17",28,403950
"BC","2023-08-18",34,403984
"BC","2023-08-19",31,404015
"BC","2023-08-20",35,404050
"BC","2023-08-21",59,404109
"BC","2023-08-22",65,404174
"BC","2023-08-23",44,404218
"BC","2023-08-24",51,404269
"BC","2023-08-25",61,404330
"BC","2023-08-26",48,404378
"BC","2023-08-27",59,404437
"BC","2023-08-28",69,404506
"BC","2023-08-29",72,404578
"BC","2023-08-30",70,404648
"BC","2023-08-31",64,404712
"BC","2023-09-01",55,404767
"BC","2023-09-02",52,404819
"BC","2023-09-03",56,404875
"BC","2023-09-04",51,404926
"BC","2023-09-05",62,404988
"BC","2023-09-06",65,405053
"BC","2023-09-07",69,405122
"BC","2023-09-08",58,405180
"BC","2023-09-09",61,405241
"BC","2023-09-10",68,405309
"BC","2023-09-11",97,405406
"BC","2023-09-12",96,405502
"BC","2023-09-13",86,405588
"BC","2023-09-14",81,405669
"BC","2023-09-15",101,405770
"BC","2023-09-16",103,405873
"BC","2023-09-17",98,405971
"BC","2023-09-18",97,406068
"BC","2023-09-19",114,406182
"BC","2023-09-20",91,406273
"BC","2023-09-21",113,406386
"BC","2023-09-22",124,406510
"BC","2023-09-23",103,406613
"BC","2023-09-24",132,406745
"BC","2023-09-25",132,406877
"BC","2023-09-26",132,407009
"BC","2023-09-27",117,407126
"BC","2023-09-28",133,407259
"BC","2023-09-29",122,407381
"BC","2023-09-30",104,407485
"BC","2023-10-01",103,407588
"BC","2023-10-02",111,407699
"BC","2023-10-03",164,407863
"BC","2023-10-04",131,407994
"BC","2023-10-05",111,408105
"BC","2023-10-06",95,408200
"BC","2023-10-07",90,408290
"BC","2023-10-08",111,408401
"BC","2023-10-09",95,408496
"BC","2023-10-10",133,408629
"BC","2023-10-11",114,408743
"BC","2023-10-12",95,408838
"BC","2023-10-13",100,408938
"BC","2023-10-14",75,409013
"BC","2023-10-15",96,409109
"BC","2023-10-16",80,409189
"BC","2023-10-17",90,409279
"BC","2023-10-18",94,409373
"BC","2023-10-19",72,409445
"BC","2023-10-20",67,409512
"BC","2023-10-21",59,409571
"BC","2023-10-22",64,409635
"BC","2023-10-23",59,409694
"BC","2023-10-24",65,409759
"BC","2023-10-25",62,409821
"BC","2023-10-26",54,409875
"BC","2023-10-27",64,409939
"BC","2023-10-28",78,410017
"BC","2023-10-29",64,410081
"BC","2023-10-30",70,410151
"BC","2023-10-31",88,410239
"BC","2023-11-01",88,410327
"BC","2023-11-02",70,410397
"BC","2023-11-03",73,410470
"BC","2023-11-04",72,410542
"BC","2023-11-05",64,410606
"BC","2023-11-06",91,410697
"BC","2023-11-07",71,410768
"BC","2023-11-08",65,410833
"BC","2023-11-09",69,410902
"BC","2023-11-10",53,410955
"BC","2023-11-11",49,411004
"BC","2023-11-12",60,411064
"BC","2023-11-13",64,411128
"BC","2023-11-14",43,411171
"BC","2023-11-15",43,411214
"BC","2023-11-16",48,411262
"BC","2023-11-17",51,411313
"BC","2023-11-18",37,411350
"BC","2023-11-19",39,411389
"BC","2023-11-20",60,411449
"BC","2023-11-21",63,411512
"BC","2023-11-22",57,411569
"BC","2023-11-23",50,411619
"BC","2023-11-24",48,411667
"BC","2023-11-25",44,411711
"BC","2023-11-26",50,411761
"BC","2023-11-27",58,411819
"BC","2023-11-28",59,411878
"BC","2023-11-29",37,411915
"BC","2023-11-30",41,411956
"BC","2023-12-01",53,412009
"BC","2023-12-02",52,412061
"BC","2023-12-03",53,412114
"BC","2023-12-04",61,412175
"BC","2023-12-05",48,412223
"BC","2023-12-06",77,412300
"BC","2023-12-07",73,412373
"BC","2023-12-08",45,412418
"BC","2023-12-09",44,412462
"BC","2023-12-10",42,412504
"BC","2023-12-11",49,412553
"BC","2023-12-12",57,412610
"BC","2023-12-13",46,412656
"BC","2023-12-14",52,412708
"BC","2023-12-15",51,412759
"BC","2023-12-16",49,412808
"BC","2023-12-17",47,412855
"BC","2023-12-18",45,412900
"BC","2023-12-19",55,412955
"BC","2023-12-20",63,413018
"BC","2023-12-21",59,413077
"BC","2023-12-22",49,413126
"BC","2023-12-23",45,413171
"BC","2023-12-24",55,413226
"BC","2023-12-25",46,413272
"BC","2023-12-26",51,413323
"BC","2023-12-27",76,413399
"BC","2023-12-28",73,413472
"BC","2023-12-29",68,413540
"BC","2023-12-30",57,413597
"BC","2023-12-31",56,413653
"MB","2020-03-14",2,2
"MB","2020-03-15",1,3
"MB","2020-03-16",0,3
"MB","2020-03-17",3,6
"MB","2020-03-18",1,7
"MB","2020-03-19",7,14
"MB","2020-03-20",1,15
"MB","2020-03-21",1,16
"MB","2020-03-22",0,16
"MB","2020-03-23",1,17
"MB","2020-03-24",3,20
"MB","2020-03-25",1,21
"MB","2020-03-26",6,27
"MB","2020-03-27",9,36
"MB","2020-03-28",27,63
"MB","2020-03-29",10,73
"MB","2020-03-30",23,96
"MB","2020-03-31",9,105
"MB","2020-04-01",27,132
"MB","2020-04-02",33,165
"MB","2020-04-03",16,181
"MB","2020-04-04",10,191
"MB","2020-04-05",11,202
"MB","2020-04-06",1,203
"MB","2020-04-07",13,216
"MB","2020-04-08",3,219
"MB","2020-04-09",2,221
"MB","2020-04-10",6,227
"MB","2020-04-11",12,239
"MB","2020-04-12",0,239
"MB","2020-04-13",2,241
"MB","2020-04-14",0,241
"MB","2020-04-15",3,244
"MB","2020-04-16",4,248
"MB","2020-04-17",1,249
"MB","2020-04-18",5,254
"MB","2020-04-19",2,256
"MB","2020-04-20",1,257
"MB","2020-04-21",1,258
"MB","2020-04-22",0,258
"MB","2020-04-23",3,261
"MB","2020-04-24",2,263
"MB","2020-04-25",3,266
"MB","2020-04-26",4,270
"MB","2020-04-27",1,271
"MB","2020-04-28",2,273
"MB","2020-04-29",0,273
"MB","2020-04-30",1,274
"MB","2020-05-01",4,278
"MB","2020-05-02",1,279
"MB","2020-05-03",1,280
"MB","2020-05-04",0,280
"MB","2020-05-05",1,281
"MB","2020-05-06",2,283
"MB","2020-05-07",0,283
"MB","2020-05-08",1,284
"MB","2020-05-09",1,285
"MB","2020-05-10",2,287
"MB","2020-05-11",2,289
"MB","2020-05-12",0,289
"MB","2020-05-13",0,289
"MB","2020-05-14",0,289
"MB","2020-05-15",0,289
"MB","2020-05-16",0,289
"MB","2020-05-17",0,289
"MB","2020-05-18",1,290
"MB","2020-05-19",0,290
"MB","2020-05-20",0,290
"MB","2020-05-21",0,290
"MB","2020-05-22",2,292
"MB","2020-05-23",0,292
"MB","2020-05-24",0,292
"MB","2020-05-25",0,292
"MB","2020-05-26",0,292
"MB","2020-05-27",2,294
"MB","2020-05-28",0,294
"MB","2020-05-29",0,294
"MB","2020-05-30",0,294
"MB","2020-05-31",1,295
"MB","2020-06-01",0,295
"MB","2020-06-02",3,298
"MB","2020-06-03",0,298
"MB","2020-06-04",2,300
"MB","2020-06-05",0,300
"MB","2020-06-06",0,300
"MB","2020-06-07",0,300
"MB","2020-06-08",0,300
"MB","2020-06-09",0,300
"MB","2020-06-10",0,300
"MB","2020-06-11",0,300
"MB","2020-06-12",1,301
"MB","2020-06-13",2,303
"MB","2020-06-14",1,304
"MB","2020-06-15",0,304
"MB","2020-06-16",0,304
"MB","2020-06-17",2,306
"MB","2020-06-18",2,308
"MB","2020-06-19",1,309
"MB","2020-06-20",4,313
"MB","2020-06-21",0,313
"MB","2020-06-22",1,314
"MB","2020-06-23",1,315
"MB","2020-06-24",0,315
"MB","2020-06-25",1,316
"MB","2020-06-26",2,318
"MB","2020-06-27",4,322
"MB","2020-06-28",0,322
"MB","2020-06-29",2,324
"MB","2020-06-30",1,325
"MB","2020-07-01",0,325
"MB","2020-07-02",0,325
"MB","2020-07-03",0,325
"MB","2020-07-04",0,325
"MB","2020-07-05",0,325
"MB","2020-07-06",0,325
"MB","2020-07-07",0,325
"MB","2020-07-08",0,325
"MB","2020-07-09",0,325
"MB","2020-07-10",0,325
"MB","2020-07-11",0,325
"MB","2020-07-12",0,325
"MB","2020-07-13",0,325
"MB","2020-07-14",5,330
"MB","2020-07-15",0,330
"MB","2020-07-16",1,331
"MB","2020-07-17",5,336
"MB","2020-07-18",1,337
"MB","2020-07-19",5,342
"MB","2020-07-20",13,355
"MB","2020-07-21",12,367
"MB","2020-07-22",7,374
"MB","2020-07-23",6,380
"MB","2020-07-24",5,385
"MB","2020-07-25",6,391
"MB","2020-07-26",5,396
"MB","2020-07-27",5,401
"MB","2020-07-28",3,404
"MB","2020-07-29",3,407
"MB","2020-07-30",3,410
"MB","2020-07-31",6,416
"MB","2020-08-01",6,422
"MB","2020-08-02",14,436
"MB","2020-08-03",5,441
"MB","2020-08-04",2,443
"MB","2020-08-05",3,446
"MB","2020-08-06",29,475
"MB","2020-08-07",17,492
"MB","2020-08-08",16,508
"MB","2020-08-09",35,543
"MB","2020-08-10",17,560
"MB","2020-08-11",3,563
"MB","2020-08-12",15,578
"MB","2020-08-13",25,603
"MB","2020-08-14",38,641
"MB","2020-08-15",19,660
"MB","2020-08-16",36,696
"MB","2020-08-17",40,736
"MB","2020-08-18",13,749
"MB","2020-08-19",15,764
"MB","2020-08-20",33,797
"MB","2020-08-21",35,832
"MB","2020-08-22",42,874
"MB","2020-08-23",98,972
"MB","2020-08-24",28,1000
"MB","2020-08-25",28,1028
"MB","2020-08-26",26,1054
"MB","2020-08-27",33,1087
"MB","2020-08-28",27,1114
"MB","2020-08-29",47,1161
"MB","2020-08-30",36,1197
"MB","2020-08-31",25,1222
"MB","2020-09-01",18,1240
"MB","2020-09-02",7,1247
"MB","2020-09-03",20,1267
"MB","2020-09-04",9,1276
"MB","2020-09-05",33,1309
"MB","2020-09-06",16,1325
"MB","2020-09-07",16,1341
"MB","2020-09-08",10,1351
"MB","2020-09-09",16,1367
"MB","2020-09-10",14,1381
"MB","2020-09-11",15,1396
"MB","2020-09-12",17,1413
"MB","2020-09-13",20,1433
"MB","2020-09-14",19,1452
"MB","2020-09-15",17,1469
"MB","2020-09-16",23,1492
"MB","2020-09-17",11,1503
"MB","2020-09-18",40,1543
"MB","2020-09-19",17,1560
"MB","2020-09-20",29,1589
"MB","2020-09-21",22,1611
"MB","2020-09-22",24,1635
"MB","2020-09-23",42,1677
"MB","2020-09-24",40,1717
"MB","2020-09-25",58,1775
"MB","2020-09-26",66,1841
"MB","2020-09-27",42,1883
"MB","2020-09-28",44,1927
"MB","2020-09-29",35,1962
"MB","2020-09-30",38,2000
"MB","2020-10-01",33,2033
"MB","2020-10-02",40,2073
"MB","2020-10-03",45,2118
"MB","2020-10-04",44,2162
"MB","2020-10-05",28,2190
"MB","2020-10-06",56,2246
"MB","2020-10-07",45,2291
"MB","2020-10-08",58,2349
"MB","2020-10-09",97,2446
"MB","2020-10-10",86,2532
"MB","2020-10-11",130,2662
"MB","2020-10-12",90,2752
"MB","2020-10-13",67,2819
"MB","2020-10-14",127,2946
"MB","2020-10-15",160,3106
"MB","2020-10-16",76,3182
"MB","2020-10-17",106,3288
"MB","2020-10-18",35,3323
"MB","2020-10-19",68,3391
"MB","2020-10-20",136,3527
"MB","2020-10-21",168,3695
"MB","2020-10-22",160,3855
"MB","2020-10-23",178,4033
"MB","2020-10-24",164,4197
"MB","2020-10-25",164,4361
"MB","2020-10-26",126,4487
"MB","2020-10-27",200,4687
"MB","2020-10-28",174,4861
"MB","2020-10-29",289,5150
"MB","2020-10-30",373,5523
"MB","2020-10-31",231,5754
"MB","2020-11-01",402,6156
"MB","2020-11-02",141,6297
"MB","2020-11-03",197,6494
"MB","2020-11-04",285,6779
"MB","2020-11-05",449,7228
"MB","2020-11-06",227,7455
"MB","2020-11-07",314,7769
"MB","2020-11-08",450,8219
"MB","2020-11-09",343,8562
"MB","2020-11-10",344,8906
"MB","2020-11-11",508,9414
"MB","2020-11-12",434,9848
"MB","2020-11-13",409,10257
"MB","2020-11-14",369,10626
"MB","2020-11-15",443,11069
"MB","2020-11-16",350,11419
"MB","2020-11-17",306,11725
"MB","2020-11-18",417,12142
"MB","2020-11-19",442,12584
"MB","2020-11-20",431,13015
"MB","2020-11-21",352,13367
"MB","2020-11-22",247,13614
"MB","2020-11-23",593,14207
"MB","2020-11-24",432,14639
"MB","2020-11-25",340,14979
"MB","2020-11-26",381,15360
"MB","2020-11-27",320,15680
"MB","2020-11-28",492,16172
"MB","2020-11-29",341,16513
"MB","2020-11-30",353,16866
"MB","2020-12-01",256,17122
"MB","2020-12-02",292,17414
"MB","2020-12-03",369,17783
"MB","2020-12-04",322,18105
"MB","2020-12-05",402,18507
"MB","2020-12-06",368,18875
"MB","2020-12-07",272,19147
"MB","2020-12-08",260,19407
"MB","2020-12-09",257,19664
"MB","2020-12-10",309,19973
"MB","2020-12-11",449,20422
"MB","2020-12-12",373,20795
"MB","2020-12-13",246,21041
"MB","2020-12-14",244,21285
"MB","2020-12-15",260,21545
"MB","2020-12-16",285,21830
"MB","2020-12-17",224,22054
"MB","2020-12-18",348,22402
"MB","2020-12-19",240,22642
"MB","2020-12-20",223,22865
"MB","2020-12-21",168,23033
"MB","2020-12-22",153,23186
"MB","2020-12-23",202,23388
"MB","2020-12-24",241,23629
"MB","2020-12-25",176,23805
"MB","2020-12-26",198,24003
"MB","2020-12-27",146,24149
"MB","2020-12-28",116,24265
"MB","2020-12-29",124,24389
"MB","2020-12-30",125,24514
"MB","2020-12-31",185,24699
"MB","2021-01-01",154,24853
"MB","2021-01-02",180,25033
"MB","2021-01-03",94,25127
"MB","2021-01-04",122,25249
"MB","2021-01-05",131,25380
"MB","2021-01-06",185,25565
"MB","2021-01-07",179,25744
"MB","2021-01-08",226,25970
"MB","2021-01-09",200,26170
"MB","2021-01-10",140,26310
"MB","2021-01-11",135,26445
"MB","2021-01-12",103,26548
"MB","2021-01-13",149,26697
"MB","2021-01-14",257,26954
"MB","2021-01-15",189,27143
"MB","2021-01-16",179,27322
"MB","2021-01-17",183,27505
"MB","2021-01-18",121,27626
"MB","2021-01-19",113,27739
"MB","2021-01-20",161,27900
"MB","2021-01-21",216,28116
"MB","2021-01-22",183,28299
"MB","2021-01-23",212,28511
"MB","2021-01-24",224,28735
"MB","2021-01-25",131,28866
"MB","2021-01-26",64,28930
"MB","2021-01-27",88,29018
"MB","2021-01-28",133,29151
"MB","2021-01-29",167,29318
"MB","2021-01-30",161,29479
"MB","2021-01-31",104,29583
"MB","2021-02-01",89,29672
"MB","2021-02-02",100,29772
"MB","2021-02-03",113,29885
"MB","2021-02-04",96,29981
"MB","2021-02-05",101,30082
"MB","2021-02-06",86,30168
"MB","2021-02-07",78,30246
"MB","2021-02-08",50,30296
"MB","2021-02-09",73,30369
"MB","2021-02-10",52,30421
"MB","2021-02-11",86,30507
"MB","2021-02-12",83,30590
"MB","2021-02-13",97,30687
"MB","2021-02-14",79,30766
"MB","2021-02-15",78,30844
"MB","2021-02-16",115,30959
"MB","2021-02-17",78,31037
"MB","2021-02-18",110,31147
"MB","2021-02-19",93,31240
"MB","2021-02-20",91,31331
"MB","2021-02-21",54,31385
"MB","2021-02-22",104,31489
"MB","2021-02-23",61,31550
"MB","2021-02-24",39,31589
"MB","2021-02-25",66,31655
"MB","2021-02-26",69,31724
"MB","2021-02-27",79,31803
"MB","2021-02-28",52,31855
"MB","2021-03-01",38,31893
"MB","2021-03-02",52,31945
"MB","2021-03-03",52,31997
"MB","2021-03-04",49,32046
"MB","2021-03-05",54,32100
"MB","2021-03-06",66,32166
"MB","2021-03-07",59,32225
"MB","2021-03-08",65,32290
"MB","2021-03-09",67,32357
"MB","2021-03-10",75,32432
"MB","2021-03-11",87,32519
"MB","2021-03-12",101,32620
"MB","2021-03-13",88,32708
"MB","2021-03-14",39,32747
"MB","2021-03-15",60,32807
"MB","2021-03-16",121,32928
"MB","2021-03-17",93,33021
"MB","2021-03-18",70,33091
"MB","2021-03-19",95,33186
"MB","2021-03-20",85,33271
"MB","2021-03-21",89,33360
"MB","2021-03-22",70,33430
"MB","2021-03-23",101,33531
"MB","2021-03-24",69,33600
"MB","2021-03-25",117,33717
"MB","2021-03-26",103,33820
"MB","2021-03-27",51,33871
"MB","2021-03-28",59,33930
"MB","2021-03-29",58,33988
"MB","2021-03-30",64,34052
"MB","2021-03-31",74,34126
"MB","2021-04-01",58,34184
"MB","2021-04-02",108,34292
"MB","2021-04-03",67,34359
"MB","2021-04-04",68,34427
"MB","2021-04-05",67,34494
"MB","2021-04-06",64,34558
"MB","2021-04-07",128,34686
"MB","2021-04-08",120,34806
"MB","2021-04-09",180,34986
"MB","2021-04-10",122,35108
"MB","2021-04-11",115,35223
"MB","2021-04-12",129,35352
"MB","2021-04-13",109,35461
"MB","2021-04-14",93,35554
"MB","2021-04-15",150,35704
"MB","2021-04-16",108,35812
"MB","2021-04-17",178,35990
"MB","2021-04-18",169,36159
"MB","2021-04-19",109,36268
"MB","2021-04-20",203,36471
"MB","2021-04-21",163,36634
"MB","2021-04-22",262,36896
"MB","2021-04-23",177,37073
"MB","2021-04-24",275,37348
"MB","2021-04-25",265,37613
"MB","2021-04-26",208,37821
"MB","2021-04-27",207,38028
"MB","2021-04-28",204,38232
"MB","2021-04-29",219,38451
"MB","2021-04-30",291,38742
"MB","2021-05-01",285,39027
"MB","2021-05-02",275,39302
"MB","2021-05-03",240,39542
"MB","2021-05-04",300,39842
"MB","2021-05-05",269,40111
"MB","2021-05-06",372,40483
"MB","2021-05-07",473,40956
"MB","2021-05-08",501,41457
"MB","2021-05-09",495,41952
"MB","2021-05-10",522,42474
"MB","2021-05-11",353,42827
"MB","2021-05-12",338,43165
"MB","2021-05-13",586,43751
"MB","2021-05-14",457,44208
"MB","2021-05-15",447,44655
"MB","2021-05-16",530,45185
"MB","2021-05-17",421,45606
"MB","2021-05-18",380,45986
"MB","2021-05-19",383,46369
"MB","2021-05-20",601,46970
"MB","2021-05-21",585,47555
"MB","2021-05-22",470,48025
"MB","2021-05-23",413,48438
"MB","2021-05-24",368,48806
"MB","2021-05-25",244,49050
"MB","2021-05-26",312,49362
"MB","2021-05-27",310,49672
"MB","2021-05-28",488,50160
"MB","2021-05-29",348,50508
"MB","2021-05-30",276,50784
"MB","2021-05-31",310,51094
"MB","2021-06-01",226,51320
"MB","2021-06-02",276,51596
"MB","2021-06-03",349,51945
"MB","2021-06-04",323,52268
"MB","2021-06-05",266,52534
"MB","2021-06-06",226,52760
"MB","2021-06-07",177,52937
"MB","2021-06-08",227,53164
"MB","2021-06-09",251,53415
"MB","2021-06-10",249,53664
"MB","2021-06-11",230,53894
"MB","2021-06-12",273,54167
"MB","2021-06-13",201,54368
"MB","2021-06-14",125,54493
"MB","2021-06-15",132,54625
"MB","2021-06-16",131,54756
"MB","2021-06-17",172,54928
"MB","2021-06-18",171,55099
"MB","2021-06-19",139,55238
"MB","2021-06-20",92,55330
"MB","2021-06-21",80,55410
"MB","2021-06-22",74,55484
"MB","2021-06-23",122,55606
"MB","2021-06-24",99,55705
"MB","2021-06-25",82,55787
"MB","2021-06-26",93,55880
"MB","2021-06-27",96,55976
"MB","2021-06-28",64,56040
"MB","2021-06-29",63,56103
"MB","2021-06-30",73,56176
"MB","2021-07-01",79,56255
"MB","2021-07-02",51,56306
"MB","2021-07-03",44,56350
"MB","2021-07-04",62,56412
"MB","2021-07-05",68,56480
"MB","2021-07-06",42,56522
"MB","2021-07-07",69,56591
"MB","2021-07-08",71,56662
"MB","2021-07-09",72,56734
"MB","2021-07-10",80,56814
"MB","2021-07-11",63,56877
"MB","2021-07-12",32,56909
"MB","2021-07-13",23,56932
"MB","2021-07-14",51,56983
"MB","2021-07-15",40,57023
"MB","2021-07-16",39,57062
"MB","2021-07-17",62,57124
"MB","2021-07-18",50,57174
"MB","2021-07-19",26,57200
"MB","2021-07-20",30,57230
"MB","2021-07-21",38,57268
"MB","2021-07-22",49,57317
"MB","2021-07-23",36,57353
"MB","2021-07-24",62,57415
"MB","2021-07-25",27,57442
"MB","2021-07-26",15,57457
"MB","2021-07-27",16,57473
"MB","2021-07-28",28,57501
"MB","2021-07-29",54,57555
"MB","2021-07-30",40,57595
"MB","2021-07-31",20,57615
"MB","2021-08-01",33,57648
"MB","2021-08-02",20,57668
"MB","2021-08-03",21,57689
"MB","2021-08-04",13,57702
"MB","2021-08-05",34,57736
"MB","2021-08-06",25,57761
"MB","2021-08-07",29,57790
"MB","2021-08-08",46,57836
"MB","2021-08-09",24,57860
"MB","2021-08-10",24,57884
"MB","2021-08-11",36,57920
"MB","2021-08-12",29,57949
"MB","2021-08-13",22,57971
"MB","2021-08-14",23,57994
"MB","2021-08-15",29,58023
"MB","2021-08-16",30,58053
"MB","2021-08-17",16,58069
"MB","2021-08-18",37,58106
"MB","2021-08-19",27,58133
"MB","2021-08-20",44,58177
"MB","2021-08-21",40,58217
"MB","2021-08-22",38,58255
"MB","2021-08-23",33,58288
"MB","2021-08-24",36,58324
"MB","2021-08-25",100,58424
"MB","2021-08-26",47,58471
"MB","2021-08-27",34,58505
"MB","2021-08-28",94,58599
"MB","2021-08-29",48,58647
"MB","2021-08-30",29,58676
"MB","2021-08-31",31,58707
"MB","2021-09-01",50,58757
"MB","2021-09-02",39,58796
"MB","2021-09-03",50,58846
"MB","2021-09-04",41,58887
"MB","2021-09-05",43,58930
"MB","2021-09-06",32,58962
"MB","2021-09-07",33,58995
"MB","2021-09-08",54,59049
"MB","2021-09-09",55,59104
"MB","2021-09-10",98,59202
"MB","2021-09-11",70,59272
"MB","2021-09-12",59,59331
"MB","2021-09-13",38,59369
"MB","2021-09-14",50,59419
"MB","2021-09-15",47,59466
"MB","2021-09-16",69,59535
"MB","2021-09-17",76,59611
"MB","2021-09-18",46,59657
"MB","2021-09-19",61,59718
"MB","2021-09-20",40,59758
"MB","2021-09-21",60,59818
"MB","2021-09-22",54,59872
"MB","2021-09-23",71,59943
"MB","2021-09-24",61,60004
"MB","2021-09-25",94,60098
"MB","2021-09-26",126,60224
"MB","2021-09-27",71,60295
"MB","2021-09-28",40,60335
"MB","2021-09-29",113,60448
"MB","2021-09-30",105,60553
"MB","2021-10-01",82,60635
"MB","2021-10-02",103,60738
"MB","2021-10-03",127,60865
"MB","2021-10-04",109,60974
"MB","2021-10-05",73,61047
"MB","2021-10-06",84,61131
"MB","2021-10-07",131,61262
"MB","2021-10-08",131,61393
"MB","2021-10-09",89,61482
"MB","2021-10-10",106,61588
"MB","2021-10-11",76,61664
"MB","2021-10-12",60,61724
"MB","2021-10-13",112,61836
"MB","2021-10-14",60,61896
"MB","2021-10-15",108,62004
"MB","2021-10-16",101,62105
"MB","2021-10-17",73,62178
"MB","2021-10-18",52,62230
"MB","2021-10-19",111,62341
"MB","2021-10-20",38,62379
"MB","2021-10-21",88,62467
"MB","2021-10-22",123,62590
"MB","2021-10-23",99,62689
"MB","2021-10-24",153,62842
"MB","2021-10-25",68,62910
"MB","2021-10-26",81,62991
"MB","2021-10-27",116,63107
"MB","2021-10-28",124,63231
"MB","2021-10-29",135,63366
"MB","2021-10-30",105,63471
"MB","2021-10-31",122,63593
"MB","2021-11-01",105,63698
"MB","2021-11-02",119,63817
"MB","2021-11-03",124,63941
"MB","2021-11-04",149,64090
"MB","2021-11-05",124,64214
"MB","2021-11-06",177,64391
"MB","2021-11-07",147,64538
"MB","2021-11-08",180,64718
"MB","2021-11-09",162,64880
"MB","2021-11-10",139,65019
"MB","2021-11-11",179,65198
"MB","2021-11-12",167,65365
"MB","2021-11-13",136,65501
"MB","2021-11-14",105,65606
"MB","2021-11-15",155,65761
"MB","2021-11-16",114,65875
"MB","2021-11-17",130,66005
"MB","2021-11-18",193,66198
"MB","2021-11-19",194,66392
"MB","2021-11-20",172,66564
"MB","2021-11-21",129,66693
"MB","2021-11-22",144,66837
"MB","2021-11-23",131,66968
"MB","2021-11-24",131,67099
"MB","2021-11-25",212,67311
"MB","2021-11-26",125,67436
"MB","2021-11-27",155,67591
"MB","2021-11-28",91,67682
"MB","2021-11-29",88,67770
"MB","2021-11-30",124,67894
"MB","2021-12-01",143,68037
"MB","2021-12-02",153,68190
"MB","2021-12-03",137,68327
"MB","2021-12-04",185,68512
"MB","2021-12-05",204,68716
"MB","2021-12-06",141,68857
"MB","2021-12-07",127,68984
"MB","2021-12-08",155,69139
"MB","2021-12-09",182,69321
"MB","2021-12-10",202,69523
"MB","2021-12-11",159,69682
"MB","2021-12-12",165,69847
"MB","2021-12-13",152,69999
"MB","2021-12-14",172,70171
"MB","2021-12-15",174,70345
"MB","2021-12-16",244,70589
"MB","2021-12-17",226,70815
"MB","2021-12-18",251,71066
"MB","2021-12-19",335,71401
"MB","2021-12-20",211,71612
"MB","2021-12-21",311,71923
"MB","2021-12-22",409,72332
"MB","2021-12-23",523,72855
"MB","2021-12-24",769,73624
"MB","2021-12-25",835,74459
"MB","2021-12-26",590,75049
"MB","2021-12-27",692,75741
"MB","2021-12-28",877,76618
"MB","2021-12-29",972,77590
"MB","2021-12-30",1231,78821
"MB","2021-12-31",1646,80467
"MB","2022-01-01",1770,82237
"MB","2022-01-02",1833,84070
"MB","2022-01-03",1555,85625
"MB","2022-01-04",2060,87685
"MB","2022-01-05",2212,89897
"MB","2022-01-06",2901,92798
"MB","2022-01-07",2356,95154
"MB","2022-01-08",2791,97945
"MB","2022-01-09",2047,99992
"MB","2022-01-10",2320,102312
"MB","2022-01-11",2048,104360
"MB","2022-01-12",1236,105596
"MB","2022-01-13",1345,106941
"MB","2022-01-14",1165,108106
"MB","2022-01-15",1074,109180
"MB","2022-01-16",815,109995
"MB","2022-01-17",642,110637
"MB","2022-01-18",913,111550
"MB","2022-01-19",1048,112598
"MB","2022-01-20",744,113342
"MB","2022-01-21",892,114234
"MB","2022-01-22",886,115120
"MB","2022-01-23",548,115668
"MB","2022-01-24",610,116278
"MB","2022-01-25",643,116921
"MB","2022-01-26",665,117586
"MB","2022-01-27",1050,118636
"MB","2022-01-28",1171,119807
"MB","2022-01-29",752,120559
"MB","2022-01-30",464,121023
"MB","2022-01-31",434,121457
"MB","2022-02-01",564,122021
"MB","2022-02-02",567,122588
"MB","2022-02-03",382,122970
"MB","2022-02-04",721,123691
"MB","2022-02-05",541,124232
"MB","2022-02-06",335,124567
"MB","2022-02-07",289,124856
"MB","2022-02-08",490,125346
"MB","2022-02-09",427,125773
"MB","2022-02-10",337,126110
"MB","2022-02-11",429,126539
"MB","2022-02-12",415,126954
"MB","2022-02-13",243,127197
"MB","2022-02-14",136,127333
"MB","2022-02-15",401,127734
"MB","2022-02-16",301,128035
"MB","2022-02-17",428,128463
"MB","2022-02-18",308,128771
"MB","2022-02-19",272,129043
"MB","2022-02-20",104,129147
"MB","2022-02-21",108,129255
"MB","2022-02-22",372,129627
"MB","2022-02-23",197,129824
"MB","2022-02-24",232,130056
"MB","2022-02-25",278,130334
"MB","2022-02-26",274,130608
"MB","2022-02-27",127,130735
"MB","2022-02-28",110,130845
"MB","2022-03-01",214,131059
"MB","2022-03-02",163,131222
"MB","2022-03-03",150,131372
"MB","2022-03-04",194,131566
"MB","2022-03-05",214,131780
"MB","2022-03-06",94,131874
"MB","2022-03-07",94,131968
"MB","2022-03-08",152,132120
"MB","2022-03-09",193,132313
"MB","2022-03-10",177,132490
"MB","2022-03-11",234,132724
"MB","2022-03-12",151,132875
"MB","2022-03-13",115,132990
"MB","2022-03-14",107,133097
"MB","2022-03-15",218,133315
"MB","2022-03-16",204,133519
"MB","2022-03-17",229,133748
"MB","2022-03-18",187,133935
"MB","2022-03-19",205,134140
"MB","2022-03-20",93,134233
"MB","2022-03-21",78,134311
"MB","2022-03-22",113,134424
"MB","2022-03-23",149,134573
"MB","2022-03-24",193,134766
"MB","2022-03-25",141,134907
"MB","2022-03-26",307,135214
"MB","2022-03-27",0,135214
"MB","2022-03-28",0,135214
"MB","2022-03-29",0,135214
"MB","2022-03-30",0,135214
"MB","2022-03-31",0,135214
"MB","2022-04-01",0,135214
"MB","2022-04-02",1359,136573
"MB","2022-04-03",0,136573
"MB","2022-04-04",0,136573
"MB","2022-04-05",0,136573
"MB","2022-04-06",0,136573
"MB","2022-04-07",0,136573
"MB","2022-04-08",0,136573
"MB","2022-04-09",1698,138271
"MB","2022-04-10",0,138271
"MB","2022-04-11",0,138271
"MB","2022-04-12",0,138271
"MB","2022-04-13",0,138271
"MB","2022-04-14",0,138271
"MB","2022-04-15",0,138271
"MB","2022-04-16",1194,139465
"MB","2022-04-17",0,139465
"MB","2022-04-18",0,139465
"MB","2022-04-19",0,139465
"MB","2022-04-20",0,139465
"MB","2022-04-21",0,139465
"MB","2022-04-22",0,139465
"MB","2022-04-23",1466,140931
"MB","2022-04-24",0,140931
"MB","2022-04-25",0,140931
"MB","2022-04-26",0,140931
"MB","2022-04-27",0,140931
"MB","2022-04-28",0,140931
"MB","2022-04-29",0,140931
"MB","2022-04-30",1042,141973
"MB","2022-05-01",0,141973
"MB","2022-05-02",0,141973
"MB","2022-05-03",0,141973
"MB","2022-05-04",0,141973
"MB","2022-05-05",0,141973
"MB","2022-05-06",0,141973
"MB","2022-05-07",902,142875
"MB","2022-05-08",0,142875
"MB","2022-05-09",0,142875
"MB","2022-05-10",0,142875
"MB","2022-05-11",0,142875
"MB","2022-05-12",0,142875
"MB","2022-05-13",0,142875
"MB","2022-05-14",728,143603
"MB","2022-05-15",0,143603
"MB","2022-05-16",0,143603
"MB","2022-05-17",0,143603
"MB","2022-05-18",0,143603
"MB","2022-05-19",0,143603
"MB","2022-05-20",0,143603
"MB","2022-05-21",537,144140
"MB","2022-05-22",0,144140
"MB","2022-05-23",0,144140
"MB","2022-05-24",0,144140
"MB","2022-05-25",0,144140
"MB","2022-05-26",0,144140
"MB","2022-05-27",0,144140
"MB","2022-05-28",416,144556
"MB","2022-05-29",0,144556
"MB","2022-05-30",0,144556
"MB","2022-05-31",0,144556
"MB","2022-06-01",0,144556
"MB","2022-06-02",0,144556
"MB","2022-06-03",0,144556
"MB","2022-06-04",339,144895
"MB","2022-06-05",0,144895
"MB","2022-06-06",0,144895
"MB","2022-06-07",0,144895
"MB","2022-06-08",0,144895
"MB","2022-06-09",0,144895
"MB","2022-06-10",0,144895
"MB","2022-06-11",228,145123
"MB","2022-06-12",0,145123
"MB","2022-06-13",0,145123
"MB","2022-06-14",0,145123
"MB","2022-06-15",0,145123
"MB","2022-06-16",0,145123
"MB","2022-06-17",0,145123
"MB","2022-06-18",203,145326
"MB","2022-06-19",0,145326
"MB","2022-06-20",0,145326
"MB","2022-06-21",0,145326
"MB","2022-06-22",0,145326
"MB","2022-06-23",0,145326
"MB","2022-06-24",0,145326
"MB","2022-06-25",172,145498
"MB","2022-06-26",0,145498
"MB","2022-06-27",0,145498
"MB","2022-06-28",0,145498
"MB","2022-06-29",0,145498
"MB","2022-06-30",0,145498
"MB","2022-07-01",0,145498
"MB","2022-07-02",125,145623
"MB","2022-07-03",0,145623
"MB","2022-07-04",0,145623
"MB","2022-07-05",0,145623
"MB","2022-07-06",0,145623
"MB","2022-07-07",0,145623
"MB","2022-07-08",0,145623
"MB","2022-07-09",230,145853
"MB","2022-07-10",0,145853
"MB","2022-07-11",0,145853
"MB","2022-07-12",0,145853
"MB","2022-07-13",0,145853
"MB","2022-07-14",0,145853
"MB","2022-07-15",0,145853
"MB","2022-07-16",171,146024
"MB","2022-07-17",0,146024
"MB","2022-07-18",0,146024
"MB","2022-07-19",0,146024
"MB","2022-07-20",0,146024
"MB","2022-07-21",0,146024
"MB","2022-07-22",0,146024
"MB","2022-07-23",242,146266
"MB","2022-07-24",0,146266
"MB","2022-07-25",0,146266
"MB","2022-07-26",0,146266
"MB","2022-07-27",0,146266
"MB","2022-07-28",0,146266
"MB","2022-07-29",0,146266
"MB","2022-07-30",258,146524
"MB","2022-07-31",0,146524
"MB","2022-08-01",0,146524
"MB","2022-08-02",0,146524
"MB","2022-08-03",0,146524
"MB","2022-08-04",0,146524
"MB","2022-08-05",0,146524
"MB","2022-08-06",350,146874
"MB","2022-08-07",0,146874
"MB","2022-08-08",0,146874
"MB","2022-08-09",0,146874
"MB","2022-08-10",0,146874
"MB","2022-08-11",0,146874
"MB","2022-08-12",0,146874
"MB","2022-08-13",455,147329
"MB","2022-08-14",0,147329
"MB","2022-08-15",0,147329
"MB","2022-08-16",0,147329
"MB","2022-08-17",0,147329
"MB","2022-08-18",0,147329
"MB","2022-08-19",0,147329
"MB","2022-08-20",477,147806
"MB","2022-08-21",0,147806
"MB","2022-08-22",0,147806
"MB","2022-08-23",0,147806
"MB","2022-08-24",0,147806
"MB","2022-08-25",0,147806
"MB","2022-08-26",0,147806
"MB","2022-08-27",622,148428
"MB","2022-08-28",0,148428
"MB","2022-08-29",0,148428
"MB","2022-08-30",0,148428
"MB","2022-08-31",0,148428
"MB","2022-09-01",0,148428
"MB","2022-09-02",0,148428
"MB","2022-09-03",475,148903
"MB","2022-09-04",0,148903
"MB","2022-09-05",0,148903
"MB","2022-09-06",0,148903
"MB","2022-09-07",0,148903
"MB","2022-09-08",0,148903
"MB","2022-09-09",0,148903
"MB","2022-09-10",342,149245
"MB","2022-09-11",0,149245
"MB","2022-09-12",0,149245
"MB","2022-09-13",0,149245
"MB","2022-09-14",0,149245
"MB","2022-09-15",0,149245
"MB","2022-09-16",0,149245
"MB","2022-09-17",377,149622
"MB","2022-09-18",0,149622
"MB","2022-09-19",0,149622
"MB","2022-09-20",0,149622
"MB","2022-09-21",0,149622
"MB","2022-09-22",0,149622
"MB","2022-09-23",0,149622
"MB","2022-09-24",286,149908
"MB","2022-09-25",0,149908
"MB","2022-09-26",0,149908
"MB","2022-09-27",0,149908
"MB","2022-09-28",0,149908
"MB","2022-09-29",0,149908
"MB","2022-09-30",0,149908
"MB","2022-10-01",305,150213
"MB","2022-10-02",0,150213
"MB","2022-10-03",0,150213
"MB","2022-10-04",0,150213
"MB","2022-10-05",0,150213
"MB","2022-10-06",0,150213
"MB","2022-10-07",0,150213
"MB","2022-10-08",341,150554
"MB","2022-10-09",0,150554
"MB","2022-10-10",0,150554
"MB","2022-10-11",0,150554
"MB","2022-10-12",0,150554
"MB","2022-10-13",0,150554
"MB","2022-10-14",0,150554
"MB","2022-10-15",403,150957
"MB","2022-10-16",0,150957
"MB","2022-10-17",0,150957
"MB","2022-10-18",0,150957
"MB","2022-10-19",0,150957
"MB","2022-10-20",0,150957
"MB","2022-10-21",0,150957
"MB","2022-10-22",362,151319
"MB","2022-10-23",0,151319
"MB","2022-10-24",0,151319
"MB","2022-10-25",0,151319
"MB","2022-10-26",0,151319
"MB","2022-10-27",0,151319
"MB","2022-10-28",0,151319
"MB","2022-10-29",411,151730
"MB","2022-10-30",0,151730
"MB","2022-10-31",0,151730
"MB","2022-11-01",0,151730
"MB","2022-11-02",0,151730
"MB","2022-11-03",0,151730
"MB","2022-11-04",0,151730
"MB","2022-11-05",342,152072
"MB","2022-11-06",0,152072
"MB","2022-11-07",0,152072
"MB","2022-11-08",0,152072
"MB","2022-11-09",0,152072
"MB","2022-11-10",0,152072
"MB","2022-11-11",0,152072
"MB","2022-11-12",273,152345
"MB","2022-11-13",0,152345
"MB","2022-11-14",0,152345
"MB","2022-11-15",0,152345
"MB","2022-11-16",0,152345
"MB","2022-11-17",0,152345
"MB","2022-11-18",0,152345
"MB","2022-11-19",312,152657
"MB","2022-11-20",0,152657
"MB","2022-11-21",0,152657
"MB","2022-11-22",0,152657
"MB","2022-11-23",0,152657
"MB","2022-11-24",0,152657
"MB","2022-11-25",0,152657
"MB","2022-11-26",282,152939
"MB","2022-11-27",0,152939
"MB","2022-11-28",0,152939
"MB","2022-11-29",0,152939
"MB","2022-11-30",0,152939
"MB","2022-12-01",0,152939
"MB","2022-12-02",0,152939
"MB","2022-12-03",252,153191
"MB","2022-12-04",0,153191
"MB","2022-12-05",0,153191
"MB","2022-12-06",0,153191
"MB","2022-12-07",0,153191
"MB","2022-12-08",0,153191
"MB","2022-12-09",0,153191
"MB","2022-12-10",155,153346
"MB","2022-12-11",0,153346
"MB","2022-12-12",0,153346
"MB","2022-12-13",0,153346
"MB","2022-12-14",0,153346
"MB","2022-12-15",0,153346
"MB","2022-12-16",0,153346
"MB","2022-12-17",158,153504
"MB","2022-12-18",0,153504
"MB","2022-12-19",0,153504
"MB","2022-12-20",0,153504
"MB","2022-12-21",0,153504
"MB","2022-12-22",0,153504
"MB","2022-12-23",0,153504
"MB","2022-12-24",142,153646
"MB","2022-12-25",0,153646
"MB","2022-12-26",0,153646
"MB","2022-12-27",0,153646
"MB","2022-12-28",0,153646
"MB","2022-12-29",0,153646
"MB","2022-12-30",0,153646
"MB","2022-12-31",134,153780
"MB","2023-01-01",0,153780
"MB","2023-01-02",0,153780
"MB","2023-01-03",0,153780
"MB","2023-01-04",0,153780
"MB","2023-01-05",0,153780
"MB","2023-01-06",0,153780
"MB","2023-01-07",137,153917
"MB","2023-01-08",0,153917
"MB","2023-01-09",0,153917
"MB","2023-01-10",0,153917
"MB","2023-01-11",0,153917
"MB","2023-01-12",0,153917
"MB","2023-01-13",0,153917
"MB","2023-01-14",122,154039
"MB","2023-01-15",0,154039
"MB","2023-01-16",0,154039
"MB","2023-01-17",0,154039
"MB","2023-01-18",0,154039
"MB","2023-01-19",0,154039
"MB","2023-01-20",0,154039
"MB","2023-01-21",59,154098
"MB","2023-01-22",0,154098
"MB","2023-01-23",0,154098
"MB","2023-01-24",0,154098
"MB","2023-01-25",0,154098
"MB","2023-01-26",0,154098
"MB","2023-01-27",0,154098
"MB","2023-01-28",96,154194
"MB","2023-01-29",0,154194
"MB","2023-01-30",0,154194
"MB","2023-01-31",0,154194
"MB","2023-02-01",0,154194
"MB","2023-02-02",0,154194
"MB","2023-02-03",0,154194
"MB","2023-02-04",150,154344
"MB","2023-02-05",0,154344
"MB","2023-02-06",0,154344
"MB","2023-02-07",0,154344
"MB","2023-02-08",0,154344
"MB","2023-02-09",0,154344
"MB","2023-02-10",0,154344
"MB","2023-02-11",148,154492
"MB","2023-02-12",0,154492
"MB","2023-02-13",0,154492
"MB","2023-02-14",0,154492
"MB","2023-02-15",0,154492
"MB","2023-02-16",0,154492
"MB","2023-02-17",0,154492
"MB","2023-02-18",94,154586
"MB","2023-02-19",0,154586
"MB","2023-02-20",0,154586
"MB","2023-02-21",0,154586
"MB","2023-02-22",0,154586
"MB","2023-02-23",0,154586
"MB","2023-02-24",0,154586
"MB","2023-02-25",124,154710
"MB","2023-02-26",0,154710
"MB","2023-02-27",0,154710
"MB","2023-02-28",0,154710
"MB","2023-03-01",0,154710
"MB","2023-03-02",0,154710
"MB","2023-03-03",0,154710
"MB","2023-03-04",150,154860
"MB","2023-03-05",0,154860
"MB","2023-03-06",0,154860
"MB","2023-03-07",0,154860
"MB","2023-03-08",0,154860
"MB","2023-03-09",0,154860
"MB","2023-03-10",0,154860
"MB","2023-03-11",130,154990
"MB","2023-03-12",0,154990
"MB","2023-03-13",0,154990
"MB","2023-03-14",0,154990
"MB","2023-03-15",0,154990
"MB","2023-03-16",0,154990
"MB","2023-03-17",0,154990
"MB","2023-03-18",155,155145
"MB","2023-03-19",0,155145
"MB","2023-03-20",0,155145
"MB","2023-03-21",0,155145
"MB","2023-03-22",0,155145
"MB","2023-03-23",0,155145
"MB","2023-03-24",0,155145
"MB","2023-03-25",153,155298
"MB","2023-03-26",0,155298
"MB","2023-03-27",0,155298
"MB","2023-03-28",0,155298
"MB","2023-03-29",0,155298
"MB","2023-03-30",0,155298
"MB","2023-03-31",0,155298
"MB","2023-04-01",121,155419
"MB","2023-04-02",0,155419
"MB","2023-04-03",0,155419
"MB","2023-04-04",0,155419
"MB","2023-04-05",0,155419
"MB","2023-04-06",0,155419
"MB","2023-04-07",0,155419
"MB","2023-04-08",132,155551
"MB","2023-04-09",0,155551
"MB","2023-04-10",0,155551
"MB","2023-04-11",0,155551
"MB","2023-04-12",0,155551
"MB","2023-04-13",0,155551
"MB","2023-04-14",0,155551
"MB","2023-04-15",172,155723
"MB","2023-04-16",0,155723
"MB","2023-04-17",0,155723
"MB","2023-04-18",0,155723
"MB","2023-04-19",0,155723
"MB","2023-04-20",0,155723
"MB","2023-04-21",0,155723
"MB","2023-04-22",123,155846
"MB","2023-04-23",0,155846
"MB","2023-04-24",0,155846
"MB","2023-04-25",0,155846
"MB","2023-04-26",0,155846
"MB","2023-04-27",0,155846
"MB","2023-04-28",0,155846
"MB","2023-04-29",96,155942
"MB","2023-04-30",0,155942
"MB","2023-05-01",0,155942
"MB","2023-05-02",0,155942
"MB","2023-05-03",0,155942
"MB","2023-05-04",0,155942
"MB","2023-05-05",0,155942
"MB","2023-05-06",105,156047
"MB","2023-05-07",0,156047
"MB","2023-05-08",0,156047
"MB","2023-05-09",0,156047
"MB","2023-05-10",0,156047
"MB","2023-05-11",0,156047
"MB","2023-05-12",0,156047
"MB","2023-05-13",89,156136
"MB","2023-05-14",0,156136
"MB","2023-05-15",0,156136
"MB","2023-05-16",0,156136
"MB","2023-05-17",0,156136
"MB","2023-05-18",0,156136
"MB","2023-05-19",0,156136
"MB","2023-05-20",45,156181
"MB","2023-05-21",0,156181
"MB","2023-05-22",0,156181
"MB","2023-05-23",0,156181
"MB","2023-05-24",0,156181
"MB","2023-05-25",0,156181
"MB","2023-05-26",0,156181
"MB","2023-05-27",60,156241
"MB","2023-05-28",0,156241
"MB","2023-05-29",0,156241
"MB","2023-05-30",0,156241
"MB","2023-05-31",0,156241
"MB","2023-06-01",0,156241
"MB","2023-06-02",0,156241
"MB","2023-06-03",50,156291
"MB","2023-06-04",0,156291
"MB","2023-06-05",0,156291
"MB","2023-06-06",0,156291
"MB","2023-06-07",0,156291
"MB","2023-06-08",0,156291
"MB","2023-06-09",0,156291
"MB","2023-06-10",46,156337
"MB","2023-06-11",0,156337
"MB","2023-06-12",0,156337
"MB","2023-06-13",0,156337
"MB","2023-06-14",0,156337
"MB","2023-06-15",0,156337
"MB","2023-06-16",0,156337
"MB","2023-06-17",38,156375
"MB","2023-06-18",0,156375
"MB","2023-06-19",0,156375
"MB","2023-06-20",0,156375
"MB","2023-06-21",0,156375
"MB","2023-06-22",0,156375
"MB","2023-06-23",0,156375
"MB","2023-06-24",34,156409
"MB","2023-06-25",0,156409
"MB","2023-06-26",0,156409
"MB","2023-06-27",0,156409
"MB","2023-06-28",0,156409
"MB","2023-06-29",0,156409
"MB","2023-06-30",0,156409
"MB","2023-07-01",23,156432
"MB","2023-07-02",0,156432
"MB","2023-07-03",0,156432
"MB","2023-07-04",0,156432
"MB","2023-07-05",0,156432
"MB","2023-07-06",0,156432
"MB","2023-07-07",0,156432
"MB","2023-07-08",19,156451
"MB","2023-07-09",0,156451
"MB","2023-07-10",0,156451
"MB","2023-07-11",0,156451
"MB","2023-07-12",0,156451
"MB","2023-07-13",0,156451
"MB","2023-07-14",0,156451
"MB","2023-07-15",19,156470
"MB","2023-07-16",0,156470
"MB","2023-07-17",0,156470
"MB","2023-07-18",0,156470
"MB","2023-07-19",0,156470
"MB","2023-07-20",0,156470
"MB","2023-07-21",0,156470
"MB","2023-07-22",16,156486
"MB","2023-07-23",0,156486
"MB","2023-07-24",0,156486
"MB","2023-07-25",0,156486
"MB","2023-07-26",0,156486
"MB","2023-07-27",0,156486
"MB","2023-07-28",0,156486
"MB","2023-07-29",36,156522
"MB","2023-07-30",0,156522
"MB","2023-07-31",0,156522
"MB","2023-08-01",0,156522
"MB","2023-08-02",0,156522
"MB","2023-08-03",0,156522
"MB","2023-08-04",0,156522
"MB","2023-08-05",53,156575
"MB","2023-08-06",0,156575
"MB","2023-08-07",0,156575
"MB","2023-08-08",0,156575
"MB","2023-08-09",0,156575
"MB","2023-08-10",0,156575
"MB","2023-08-11",0,156575
"MB","2023-08-12",43,156618
"MB","2023-08-13",0,156618
"MB","2023-08-14",0,156618
"MB","2023-08-15",0,156618
"MB","2023-08-16",0,156618
"MB","2023-08-17",0,156618
"MB","2023-08-18",0,156618
"MB","2023-08-19",56,156674
"MB","2023-08-20",0,156674
"MB","2023-08-21",0,156674
"MB","2023-08-22",0,156674
"MB","2023-08-23",0,156674
"MB","2023-08-24",0,156674
"MB","2023-08-25",0,156674
"MB","2023-08-26",80,156754
"MB","2023-08-27",0,156754
"MB","2023-08-28",0,156754
"MB","2023-08-29",0,156754
"MB","2023-08-30",0,156754
"MB","2023-08-31",0,156754
"MB","2023-09-01",0,156754
"MB","2023-09-02",100,156854
"MB","2023-09-03",0,156854
"MB","2023-09-04",0,156854
"MB","2023-09-05",0,156854
"MB","2023-09-06",0,156854
"MB","2023-09-07",0,156854
"MB","2023-09-08",0,156854
"MB","2023-09-09",137,156991
"MB","2023-09-10",0,156991
"MB","2023-09-11",0,156991
"MB","2023-09-12",0,156991
"MB","2023-09-13",0,156991
"MB","2023-09-14",0,156991
"MB","2023-09-15",0,156991
"MB","2023-09-16",114,157105
"MB","2023-09-17",0,157105
"MB","2023-09-18",0,157105
"MB","2023-09-19",0,157105
"MB","2023-09-20",0,157105
"MB","2023-09-21",0,157105
"MB","2023-09-22",0,157105
"MB","2023-09-23",204,157309
"MB","2023-09-24",0,157309
"MB","2023-09-25",0,157309
"MB","2023-09-26",0,157309
"MB","2023-09-27",0,157309
"MB","2023-09-28",0,157309
"MB","2023-09-29",0,157309
"MB","2023-09-30",227,157536
"MB","2023-10-01",0,157536
"MB","2023-10-02",0,157536
"MB","2023-10-03",0,157536
"MB","2023-10-04",0,157536
"MB","2023-10-05",0,157536
"MB","2023-10-06",0,157536
"MB","2023-10-07",165,157701
"MB","2023-10-08",0,157701
"MB","2023-10-09",0,157701
"MB","2023-10-10",0,157701
"MB","2023-10-11",0,157701
"MB","2023-10-12",0,157701
"MB","2023-10-13",0,157701
"MB","2023-10-14",149,157850
"MB","2023-10-15",0,157850
"MB","2023-10-16",0,157850
"MB","2023-10-17",0,157850
"MB","2023-10-18",0,157850
"MB","2023-10-19",0,157850
"MB","2023-10-20",0,157850
"MB","2023-10-21",200,158050
"MB","2023-10-22",0,158050
"MB","2023-10-23",0,158050
"MB","2023-10-24",0,158050
"MB","2023-10-25",0,158050
"MB","2023-10-26",0,158050
"MB","2023-10-27",0,158050
"MB","2023-10-28",174,158224
"MB","2023-10-29",0,158224
"MB","2023-10-30",0,158224
"MB","2023-10-31",0,158224
"MB","2023-11-01",0,158224
"MB","2023-11-02",0,158224
"MB","2023-11-03",0,158224
"MB","2023-11-04",240,158464
"MB","2023-11-05",0,158464
"MB","2023-11-06",0,158464
"MB","2023-11-07",0,158464
"MB","2023-11-08",0,158464
"MB","2023-11-09",0,158464
"MB","2023-11-10",0,158464
"MB","2023-11-11",258,158722
"MB","2023-11-12",0,158722
"MB","2023-11-13",0,158722
"MB","2023-11-14",0,158722
"MB","2023-11-15",0,158722
"MB","2023-11-16",0,158722
"MB","2023-11-17",0,158722
"MB","2023-11-18",313,159035
"MB","2023-11-19",0,159035
"MB","2023-11-20",0,159035
"MB","2023-11-21",0,159035
"MB","2023-11-22",0,159035
"MB","2023-11-23",0,159035
"MB","2023-11-24",0,159035
"MB","2023-11-25",274,159309
"MB","2023-11-26",0,159309
"MB","2023-11-27",0,159309
"MB","2023-11-28",0,159309
"MB","2023-11-29",0,159309
"MB","2023-11-30",0,159309
"MB","2023-12-01",0,159309
"MB","2023-12-02",208,159517
"MB","2023-12-03",0,159517
"MB","2023-12-04",0,159517
"MB","2023-12-05",0,159517
"MB","2023-12-06",0,159517
"MB","2023-12-07",0,159517
"MB","2023-12-08",0,159517
"MB","2023-12-09",208,159725
"MB","2023-12-10",0,159725
"MB","2023-12-11",0,159725
"MB","2023-12-12",0,159725
"MB","2023-12-13",0,159725
"MB","2023-12-14",0,159725
"MB","2023-12-15",0,159725
"MB","2023-12-16",212,159937
"MB","2023-12-17",0,159937
"MB","2023-12-18",0,159937
"MB","2023-12-19",0,159937
"MB","2023-12-20",0,159937
"MB","2023-12-21",0,159937
"MB","2023-12-22",0,159937
"MB","2023-12-23",150,160087
"MB","2023-12-24",0,160087
"MB","2023-12-25",0,160087
"MB","2023-12-26",0,160087
"MB","2023-12-27",0,160087
"MB","2023-12-28",0,160087
"MB","2023-12-29",0,160087
"MB","2023-12-30",140,160227
"NB","2020-01-25",0,0
"NB","2020-01-26",0,0
"NB","2020-01-27",0,0
"NB","2020-01-28",0,0
"NB","2020-01-29",0,0
"NB","2020-01-30",0,0
"NB","2020-01-31",0,0
"NB","2020-02-01",0,0
"NB","2020-02-02",0,0
"NB","2020-02-03",0,0
"NB","2020-02-04",0,0
"NB","2020-02-05",0,0
"NB","2020-02-06",0,0
"NB","2020-02-07",0,0
"NB","2020-02-08",0,0
"NB","2020-02-09",0,0
"NB","2020-02-10",0,0
"NB","2020-02-11",0,0
"NB","2020-02-12",0,0
"NB","2020-02-13",0,0
"NB","2020-02-14",0,0
"NB","2020-02-15",0,0
"NB","2020-02-16",0,0
"NB","2020-02-17",0,0
"NB","2020-02-18",0,0
"NB","2020-02-19",0,0
"NB","2020-02-20",0,0
"NB","2020-02-21",0,0
"NB","2020-02-22",0,0
"NB","2020-02-23",0,0
"NB","2020-02-24",0,0
"NB","2020-02-25",0,0
"NB","2020-02-26",0,0
"NB","2020-02-27",0,0
"NB","2020-02-28",0,0
"NB","2020-02-29",0,0
"NB","2020-03-01",0,0
"NB","2020-03-02",0,0
"NB","2020-03-03",0,0
"NB","2020-03-04",0,0
"NB","2020-03-05",0,0
"NB","2020-03-06",0,0
"NB","2020-03-07",0,0
"NB","2020-03-08",0,0
"NB","2020-03-09",0,0
"NB","2020-03-10",0,0
"NB","2020-03-11",0,0
"NB","2020-03-12",1,1
"NB","2020-03-13",0,1
"NB","2020-03-14",1,2
"NB","2020-03-15",4,6
"NB","2020-03-16",1,7
"NB","2020-03-17",1,8
"NB","2020-03-18",3,11
"NB","2020-03-19",0,11
"NB","2020-03-20",0,11
"NB","2020-03-21",6,17
"NB","2020-03-22",0,17
"NB","2020-03-23",0,17
"NB","2020-03-24",1,18
"NB","2020-03-25",8,26
"NB","2020-03-26",7,33
"NB","2020-03-27",12,45
"NB","2020-03-28",6,51
"NB","2020-03-29",15,66
"NB","2020-03-30",2,68
"NB","2020-03-31",2,70
"NB","2020-04-01",11,81
"NB","2020-04-02",10,91
"NB","2020-04-03",4,95
"NB","2020-04-04",3,98
"NB","2020-04-05",3,101
"NB","2020-04-06",2,103
"NB","2020-04-07",2,105
"NB","2020-04-08",3,108
"NB","2020-04-09",3,111
"NB","2020-04-10",1,112
"NB","2020-04-11",0,112
"NB","2020-04-12",2,114
"NB","2020-04-13",2,116
"NB","2020-04-14",0,116
"NB","2020-04-15",1,117
"NB","2020-04-16",0,117
"NB","2020-04-17",0,117
"NB","2020-04-18",1,118
"NB","2020-04-19",0,118
"NB","2020-04-20",0,118
"NB","2020-04-21",0,118
"NB","2020-04-22",0,118
"NB","2020-04-23",0,118
"NB","2020-04-24",0,118
"NB","2020-04-25",0,118
"NB","2020-04-26",0,118
"NB","2020-04-27",0,118
"NB","2020-04-28",0,118
"NB","2020-04-29",0,118
"NB","2020-04-30",0,118
"NB","2020-05-01",0,118
"NB","2020-05-02",0,118
"NB","2020-05-03",0,118
"NB","2020-05-04",0,118
"NB","2020-05-05",1,119
"NB","2020-05-06",1,120
"NB","2020-05-07",0,120
"NB","2020-05-08",0,120
"NB","2020-05-09",0,120
"NB","2020-05-10",0,120
"NB","2020-05-11",0,120
"NB","2020-05-12",0,120
"NB","2020-05-13",0,120
"NB","2020-05-14",0,120
"NB","2020-05-15",0,120
"NB","2020-05-16",0,120
"NB","2020-05-17",0,120
"NB","2020-05-18",0,120
"NB","2020-05-19",0,120
"NB","2020-05-20",0,120
"NB","2020-05-21",1,121
"NB","2020-05-22",0,121
"NB","2020-05-23",0,121
"NB","2020-05-24",0,121
"NB","2020-05-25",0,121
"NB","2020-05-26",1,122
"NB","2020-05-27",1,123
"NB","2020-05-28",3,126
"NB","2020-05-29",2,128
"NB","2020-05-30",1,129
"NB","2020-05-31",3,132
"NB","2020-06-01",0,132
"NB","2020-06-02",1,133
"NB","2020-06-03",2,135
"NB","2020-06-04",1,136
"NB","2020-06-05",0,136
"NB","2020-06-06",0,136
"NB","2020-06-07",1,137
"NB","2020-06-08",9,146
"NB","2020-06-09",1,147
"NB","2020-06-10",4,151
"NB","2020-06-11",2,153
"NB","2020-06-12",1,154
"NB","2020-06-13",3,157
"NB","2020-06-14",0,157
"NB","2020-06-15",3,160
"NB","2020-06-16",3,163
"NB","2020-06-17",0,163
"NB","2020-06-18",0,163
"NB","2020-06-19",0,163
"NB","2020-06-20",1,164
"NB","2020-06-21",0,164
"NB","2020-06-22",0,164
"NB","2020-06-23",1,165
"NB","2020-06-24",0,165
"NB","2020-06-25",0,165
"NB","2020-06-26",0,165
"NB","2020-06-27",0,165
"NB","2020-06-28",0,165
"NB","2020-06-29",0,165
"NB","2020-06-30",0,165
"NB","2020-07-01",0,165
"NB","2020-07-02",0,165
"NB","2020-07-03",0,165
"NB","2020-07-04",0,165
"NB","2020-07-05",0,165
"NB","2020-07-06",0,165
"NB","2020-07-07",0,165
"NB","2020-07-08",0,165
"NB","2020-07-09",1,166
"NB","2020-07-10",0,166
"NB","2020-07-11",0,166
"NB","2020-07-12",0,166
"NB","2020-07-13",0,166
"NB","2020-07-14",1,167
"NB","2020-07-15",1,168
"NB","2020-07-16",0,168
"NB","2020-07-17",0,168
"NB","2020-07-18",0,168
"NB","2020-07-19",1,169
"NB","2020-07-20",1,170
"NB","2020-07-21",0,170
"NB","2020-07-22",0,170
"NB","2020-07-23",0,170
"NB","2020-07-24",0,170
"NB","2020-07-25",0,170
"NB","2020-07-26",0,170
"NB","2020-07-27",0,170
"NB","2020-07-28",0,170
"NB","2020-07-29",0,170
"NB","2020-07-30",0,170
"NB","2020-07-31",0,170
"NB","2020-08-01",0,170
"NB","2020-08-02",0,170
"NB","2020-08-03",0,170
"NB","2020-08-04",0,170
"NB","2020-08-05",4,174
"NB","2020-08-06",2,176
"NB","2020-08-07",0,176
"NB","2020-08-08",0,176
"NB","2020-08-09",0,176
"NB","2020-08-10",0,176
"NB","2020-08-11",1,177
"NB","2020-08-12",1,178
"NB","2020-08-13",2,180
"NB","2020-08-14",0,180
"NB","2020-08-15",4,184
"NB","2020-08-16",2,186
"NB","2020-08-17",0,186
"NB","2020-08-18",0,186
"NB","2020-08-19",0,186
"NB","2020-08-20",0,186
"NB","2020-08-21",2,188
"NB","2020-08-22",0,188
"NB","2020-08-23",1,189
"NB","2020-08-24",0,189
"NB","2020-08-25",1,190
"NB","2020-08-26",0,190
"NB","2020-08-27",0,190
"NB","2020-08-28",1,191
"NB","2020-08-29",0,191
"NB","2020-08-30",0,191
"NB","2020-08-31",0,191
"NB","2020-09-01",0,191
"NB","2020-09-02",1,192
"NB","2020-09-03",0,192
"NB","2020-09-04",0,192
"NB","2020-09-05",0,192
"NB","2020-09-06",0,192
"NB","2020-09-07",0,192
"NB","2020-09-08",0,192
"NB","2020-09-09",0,192
"NB","2020-09-10",1,193
"NB","2020-09-11",0,193
"NB","2020-09-12",0,193
"NB","2020-09-13",0,193
"NB","2020-09-14",1,194
"NB","2020-09-15",0,194
"NB","2020-09-16",0,194
"NB","2020-09-17",0,194
"NB","2020-09-18",0,194
"NB","2020-09-19",0,194
"NB","2020-09-20",0,194
"NB","2020-09-21",2,196
"NB","2020-09-22",0,196
"NB","2020-09-23",1,197
"NB","2020-09-24",2,199
"NB","2020-09-25",1,200
"NB","2020-09-26",0,200
"NB","2020-09-27",0,200
"NB","2020-09-28",0,200
"NB","2020-09-29",0,200
"NB","2020-09-30",0,200
"NB","2020-10-01",0,200
"NB","2020-10-02",0,200
"NB","2020-10-03",1,201
"NB","2020-10-04",0,201
"NB","2020-10-05",2,203
"NB","2020-10-06",2,205
"NB","2020-10-07",17,222
"NB","2020-10-08",3,225
"NB","2020-10-09",13,238
"NB","2020-10-10",20,258
"NB","2020-10-11",14,272
"NB","2020-10-12",6,278
"NB","2020-10-13",6,284
"NB","2020-10-14",8,292
"NB","2020-10-15",0,292
"NB","2020-10-16",5,297
"NB","2020-10-17",8,305
"NB","2020-10-18",5,310
"NB","2020-10-19",3,313
"NB","2020-10-20",0,313
"NB","2020-10-21",6,319
"NB","2020-10-22",3,322
"NB","2020-10-23",2,324
"NB","2020-10-24",2,326
"NB","2020-10-25",2,328
"NB","2020-10-26",3,331
"NB","2020-10-27",3,334
"NB","2020-10-28",3,337
"NB","2020-10-29",4,341
"NB","2020-10-30",1,342
"NB","2020-10-31",1,343
"NB","2020-11-01",1,344
"NB","2020-11-02",0,344
"NB","2020-11-03",0,344
"NB","2020-11-04",3,347
"NB","2020-11-05",2,349
"NB","2020-11-06",1,350
"NB","2020-11-07",3,353
"NB","2020-11-08",1,354
"NB","2020-11-09",1,355
"NB","2020-11-10",0,355
"NB","2020-11-11",0,355
"NB","2020-11-12",1,356
"NB","2020-11-13",2,358
"NB","2020-11-14",6,364
"NB","2020-11-15",3,367
"NB","2020-11-16",8,375
"NB","2020-11-17",4,379
"NB","2020-11-18",9,388
"NB","2020-11-19",4,392
"NB","2020-11-20",9,401
"NB","2020-11-21",23,424
"NB","2020-11-22",6,430
"NB","2020-11-23",15,445
"NB","2020-11-24",5,450
"NB","2020-11-25",3,453
"NB","2020-11-26",12,465
"NB","2020-11-27",12,477
"NB","2020-11-28",4,481
"NB","2020-11-29",14,495
"NB","2020-11-30",6,501
"NB","2020-12-01",7,508
"NB","2020-12-02",6,514
"NB","2020-12-03",6,520
"NB","2020-12-04",8,528
"NB","2020-12-05",2,530
"NB","2020-12-06",4,534
"NB","2020-12-07",2,536
"NB","2020-12-08",5,541
"NB","2020-12-09",1,542
"NB","2020-12-10",4,546
"NB","2020-12-11",8,554
"NB","2020-12-12",1,555
"NB","2020-12-13",2,557
"NB","2020-12-14",1,558
"NB","2020-12-15",1,559
"NB","2020-12-16",8,567
"NB","2020-12-17",6,573
"NB","2020-12-18",0,573
"NB","2020-12-19",1,574
"NB","2020-12-20",0,574
"NB","2020-12-21",4,578
"NB","2020-12-22",2,580
"NB","2020-12-23",5,585
"NB","2020-12-24",2,587
"NB","2020-12-25",1,588
"NB","2020-12-26",2,590
"NB","2020-12-27",2,592
"NB","2020-12-28",1,593
"NB","2020-12-29",2,595
"NB","2020-12-30",1,596
"NB","2020-12-31",3,599
"NB","2021-01-01",2,601
"NB","2021-01-02",10,611
"NB","2021-01-03",7,618
"NB","2021-01-04",17,635
"NB","2021-01-05",27,662
"NB","2021-01-06",31,693
"NB","2021-01-07",24,717
"NB","2021-01-08",18,735
"NB","2021-01-09",30,765
"NB","2021-01-10",14,779
"NB","2021-01-11",21,800
"NB","2021-01-12",17,817
"NB","2021-01-13",19,836
"NB","2021-01-14",23,859
"NB","2021-01-15",25,884
"NB","2021-01-16",27,911
"NB","2021-01-17",36,947
"NB","2021-01-18",26,973
"NB","2021-01-19",31,1004
"NB","2021-01-20",21,1025
"NB","2021-01-21",32,1057
"NB","2021-01-22",30,1087
"NB","2021-01-23",17,1104
"NB","2021-01-24",20,1124
"NB","2021-01-25",27,1151
"NB","2021-01-26",10,1161
"NB","2021-01-27",14,1175
"NB","2021-01-28",27,1202
"NB","2021-01-29",16,1218
"NB","2021-01-30",12,1230
"NB","2021-01-31",25,1255
"NB","2021-02-01",8,1263
"NB","2021-02-02",25,1288
"NB","2021-02-03",14,1302
"NB","2021-02-04",16,1318
"NB","2021-02-05",7,1325
"NB","2021-02-06",12,1337
"NB","2021-02-07",7,1344
"NB","2021-02-08",2,1346
"NB","2021-02-09",15,1361
"NB","2021-02-10",13,1374
"NB","2021-02-11",2,1376
"NB","2021-02-12",5,1381
"NB","2021-02-13",16,1397
"NB","2021-02-14",2,1399
"NB","2021-02-15",1,1400
"NB","2021-02-16",3,1403
"NB","2021-02-17",3,1406
"NB","2021-02-18",4,1410
"NB","2021-02-19",6,1416
"NB","2021-02-20",3,1419
"NB","2021-02-21",4,1423
"NB","2021-02-22",1,1424
"NB","2021-02-23",0,1424
"NB","2021-02-24",2,1426
"NB","2021-02-25",1,1427
"NB","2021-02-26",1,1428
"NB","2021-02-27",2,1430
"NB","2021-02-28",0,1430
"NB","2021-03-01",1,1431
"NB","2021-03-02",4,1435
"NB","2021-03-03",3,1438
"NB","2021-03-04",5,1443
"NB","2021-03-05",4,1447
"NB","2021-03-06",6,1453
"NB","2021-03-07",1,1454
"NB","2021-03-08",6,1460
"NB","2021-03-09",0,1460
"NB","2021-03-10",0,1460
"NB","2021-03-11",2,1462
"NB","2021-03-12",3,1465
"NB","2021-03-13",0,1465
"NB","2021-03-14",5,1470
"NB","2021-03-15",1,1471
"NB","2021-03-16",5,1476
"NB","2021-03-17",1,1477
"NB","2021-03-18",7,1484
"NB","2021-03-19",2,1486
"NB","2021-03-20",3,1489
"NB","2021-03-21",1,1490
"NB","2021-03-22",8,1498
"NB","2021-03-23",7,1505
"NB","2021-03-24",12,1517
"NB","2021-03-25",29,1546
"NB","2021-03-26",13,1559
"NB","2021-03-27",12,1571
"NB","2021-03-28",6,1577
"NB","2021-03-29",11,1588
"NB","2021-03-30",13,1601
"NB","2021-03-31",12,1613
"NB","2021-04-01",10,1623
"NB","2021-04-02",9,1632
"NB","2021-04-03",9,1641
"NB","2021-04-04",11,1652
"NB","2021-04-05",10,1662
"NB","2021-04-06",3,1665
"NB","2021-04-07",14,1679
"NB","2021-04-08",7,1686
"NB","2021-04-09",8,1694
"NB","2021-04-10",19,1713
"NB","2021-04-11",9,1722
"NB","2021-04-12",10,1732
"NB","2021-04-13",4,1736
"NB","2021-04-14",16,1752
"NB","2021-04-15",8,1760
"NB","2021-04-16",7,1767
"NB","2021-04-17",11,1778
"NB","2021-04-18",10,1788
"NB","2021-04-19",9,1797
"NB","2021-04-20",0,1797
"NB","2021-04-21",7,1804
"NB","2021-04-22",19,1823
"NB","2021-04-23",16,1839
"NB","2021-04-24",8,1847
"NB","2021-04-25",4,1851
"NB","2021-04-26",7,1858
"NB","2021-04-27",24,1882
"NB","2021-04-28",8,1890
"NB","2021-04-29",10,1900
"NB","2021-04-30",15,1915
"NB","2021-05-01",18,1933
"NB","2021-05-02",6,1939
"NB","2021-05-03",15,1954
"NB","2021-05-04",4,1958
"NB","2021-05-05",11,1969
"NB","2021-05-06",11,1980
"NB","2021-05-07",8,1988
"NB","2021-05-08",8,1996
"NB","2021-05-09",6,2002
"NB","2021-05-10",11,2013
"NB","2021-05-11",2,2015
"NB","2021-05-12",9,2024
"NB","2021-05-13",16,2040
"NB","2021-05-14",5,2045
"NB","2021-05-15",7,2052
"NB","2021-05-16",11,2063
"NB","2021-05-17",10,2073
"NB","2021-05-18",10,2083
"NB","2021-05-19",8,2091
"NB","2021-05-20",7,2098
"NB","2021-05-21",15,2113
"NB","2021-05-22",2,2115
"NB","2021-05-23",14,2129
"NB","2021-05-24",15,2144
"NB","2021-05-25",9,2153
"NB","2021-05-26",10,2163
"NB","2021-05-27",9,2172
"NB","2021-05-28",9,2181
"NB","2021-05-29",10,2191
"NB","2021-05-30",9,2200
"NB","2021-05-31",12,2212
"NB","2021-06-01",3,2215
"NB","2021-06-02",12,2227
"NB","2021-06-03",16,2243
"NB","2021-06-04",10,2253
"NB","2021-06-05",9,2262
"NB","2021-06-06",3,2265
"NB","2021-06-07",1,2266
"NB","2021-06-08",1,2267
"NB","2021-06-09",13,2280
"NB","2021-06-10",3,2283
"NB","2021-06-11",1,2284
"NB","2021-06-12",7,2291
"NB","2021-06-13",7,2298
"NB","2021-06-14",1,2299
"NB","2021-06-15",3,2302
"NB","2021-06-16",3,2305
"NB","2021-06-17",4,2309
"NB","2021-06-18",2,2311
"NB","2021-06-19",5,2316
"NB","2021-06-20",2,2318
"NB","2021-06-21",0,2318
"NB","2021-06-22",1,2319
"NB","2021-06-23",1,2320
"NB","2021-06-24",2,2322
"NB","2021-06-25",1,2323
"NB","2021-06-26",1,2324
"NB","2021-06-27",1,2325
"NB","2021-06-28",1,2326
"NB","2021-06-29",3,2329
"NB","2021-06-30",3,2332
"NB","2021-07-01",0,2332
"NB","2021-07-02",4,2336
"NB","2021-07-03",0,2336
"NB","2021-07-04",1,2337
"NB","2021-07-05",1,2338
"NB","2021-07-06",-2,2336
"NB","2021-07-07",0,2336
"NB","2021-07-08",0,2336
"NB","2021-07-09",0,2336
"NB","2021-07-10",0,2336
"NB","2021-07-11",0,2336
"NB","2021-07-12",0,2336
"NB","2021-07-13",0,2336
"NB","2021-07-14",0,2336
"NB","2021-07-15",7,2343
"NB","2021-07-16",2,2345
"NB","2021-07-17",0,2345
"NB","2021-07-18",1,2346
"NB","2021-07-19",0,2346
"NB","2021-07-20",0,2346
"NB","2021-07-21",0,2346
"NB","2021-07-22",1,2347
"NB","2021-07-23",3,2350
"NB","2021-07-24",0,2350
"NB","2021-07-25",0,2350
"NB","2021-07-26",1,2351
"NB","2021-07-27",1,2352
"NB","2021-07-28",2,2354
"NB","2021-07-29",4,2358
"NB","2021-07-30",7,2365
"NB","2021-07-31",0,2365
"NB","2021-08-01",18,2383
"NB","2021-08-02",0,2383
"NB","2021-08-03",11,2394
"NB","2021-08-04",2,2396
"NB","2021-08-05",13,2409
"NB","2021-08-06",5,2414
"NB","2021-08-07",0,2414
"NB","2021-08-08",20,2434
"NB","2021-08-09",5,2439
"NB","2021-08-10",8,2447
"NB","2021-08-11",13,2460
"NB","2021-08-12",11,2471
"NB","2021-08-13",19,2490
"NB","2021-08-14",0,2490
"NB","2021-08-15",0,2490
"NB","2021-08-16",40,2530
"NB","2021-08-17",13,2543
"NB","2021-08-18",16,2559
"NB","2021-08-19",23,2582
"NB","2021-08-20",32,2614
"NB","2021-08-21",0,2614
"NB","2021-08-22",0,2614
"NB","2021-08-23",58,2672
"NB","2021-08-24",15,2687
"NB","2021-08-25",10,2697
"NB","2021-08-26",8,2705
"NB","2021-08-27",16,2721
"NB","2021-08-28",0,2721
"NB","2021-08-29",0,2721
"NB","2021-08-30",39,2760
"NB","2021-08-31",3,2763
"NB","2021-09-01",11,2774
"NB","2021-09-02",10,2784
"NB","2021-09-03",14,2798
"NB","2021-09-04",0,2798
"NB","2021-09-05",0,2798
"NB","2021-09-06",0,2798
"NB","2021-09-07",54,2852
"NB","2021-09-08",16,2868
"NB","2021-09-09",17,2885
"NB","2021-09-10",24,2909
"NB","2021-09-11",0,2909
"NB","2021-09-12",0,2909
"NB","2021-09-13",122,3031
"NB","2021-09-14",35,3066
"NB","2021-09-15",63,3129
"NB","2021-09-16",51,3180
"NB","2021-09-17",57,3237
"NB","2021-09-18",0,3237
"NB","2021-09-19",0,3237
"NB","2021-09-20",199,3436
"NB","2021-09-21",65,3501
"NB","2021-09-22",76,3577
"NB","2021-09-23",52,3629
"NB","2021-09-24",78,3707
"NB","2021-09-25",61,3768
"NB","2021-09-26",82,3850
"NB","2021-09-27",86,3936
"NB","2021-09-28",68,4004
"NB","2021-09-29",84,4088
"NB","2021-09-30",99,4187
"NB","2021-10-01",85,4272
"NB","2021-10-02",140,4412
"NB","2021-10-03",93,4505
"NB","2021-10-04",75,4580
"NB","2021-10-05",90,4670
"NB","2021-10-06",71,4741
"NB","2021-10-07",116,4857
"NB","2021-10-08",130,4987
"NB","2021-10-09",100,5087
"NB","2021-10-10",73,5160
"NB","2021-10-11",98,5258
"NB","2021-10-12",109,5367
"NB","2021-10-13",82,5449
"NB","2021-10-14",133,5582
"NB","2021-10-15",87,5669
"NB","2021-10-16",66,5735
"NB","2021-10-17",58,5793
"NB","2021-10-18",53,5846
"NB","2021-10-19",50,5896
"NB","2021-10-20",69,5965
"NB","2021-10-21",67,6032
"NB","2021-10-22",40,6072
"NB","2021-10-23",40,6112
"NB","2021-10-24",51,6163
"NB","2021-10-25",22,6185
"NB","2021-10-26",21,6206
"NB","2021-10-27",57,6263
"NB","2021-10-28",69,6332
"NB","2021-10-29",48,6380
"NB","2021-10-30",33,6413
"NB","2021-10-31",32,6445
"NB","2021-11-01",31,6476
"NB","2021-11-02",40,6516
"NB","2021-11-03",60,6576
"NB","2021-11-04",39,6615
"NB","2021-11-05",51,6666
"NB","2021-11-06",50,6716
"NB","2021-11-07",53,6769
"NB","2021-11-08",44,6813
"NB","2021-11-09",52,6865
"NB","2021-11-10",69,6934
"NB","2021-11-11",70,7004
"NB","2021-11-12",65,7069
"NB","2021-11-13",60,7129
"NB","2021-11-14",65,7194
"NB","2021-11-15",40,7234
"NB","2021-11-16",34,7268
"NB","2021-11-17",82,7350
"NB","2021-11-18",72,7422
"NB","2021-11-19",90,7512
"NB","2021-11-20",67,7579
"NB","2021-11-21",90,7669
"NB","2021-11-22",62,7731
"NB","2021-11-23",75,7806
"NB","2021-11-24",87,7893
"NB","2021-11-25",95,7988
"NB","2021-11-26",99,8087
"NB","2021-11-27",85,8172
"NB","2021-11-28",45,8217
"NB","2021-11-29",46,8263
"NB","2021-11-30",55,8318
"NB","2021-12-01",93,8411
"NB","2021-12-02",95,8506
"NB","2021-12-03",97,8603
"NB","2021-12-04",77,8680
"NB","2021-12-05",118,8798
"NB","2021-12-06",71,8869
"NB","2021-12-07",69,8938
"NB","2021-12-08",111,9049
"NB","2021-12-09",174,9223
"NB","2021-12-10",143,9366
"NB","2021-12-11",126,9492
"NB","2021-12-12",112,9604
"NB","2021-12-13",100,9704
"NB","2021-12-14",109,9813
"NB","2021-12-15",160,9973
"NB","2021-12-16",177,10150
"NB","2021-12-17",163,10313
"NB","2021-12-18",133,10446
"NB","2021-12-19",108,10554
"NB","2021-12-20",118,10672
"NB","2021-12-21",156,10828
"NB","2021-12-22",237,11065
"NB","2021-12-23",257,11322
"NB","2021-12-24",265,11587
"NB","2021-12-25",0,11587
"NB","2021-12-26",0,11587
"NB","2021-12-27",639,12226
"NB","2021-12-28",306,12532
"NB","2021-12-29",486,13018
"NB","2021-12-30",572,13590
"NB","2021-12-31",682,14272
"NB","2022-01-01",0,14272
"NB","2022-01-02",0,14272
"NB","2022-01-03",2548,16820
"NB","2022-01-04",746,17566
"NB","2022-01-05",779,18345
"NB","2022-01-06",672,19017
"NB","2022-01-07",840,19857
"NB","2022-01-08",421,20278
"NB","2022-01-09",201,20479
"NB","2022-01-10",220,20699
"NB","2022-01-11",191,20890
"NB","2022-01-12",359,21249
"NB","2022-01-13",304,21553
"NB","2022-01-14",426,21979
"NB","2022-01-15",409,22388
"NB","2022-01-16",380,22768
"NB","2022-01-17",405,23173
"NB","2022-01-18",330,23503
"NB","2022-01-19",498,24001
"NB","2022-01-20",488,24489
"NB","2022-01-21",514,25003
"NB","2022-01-22",462,25465
"NB","2022-01-23",545,26010
"NB","2022-01-24",381,26391
"NB","2022-01-25",350,26741
"NB","2022-01-26",520,27261
"NB","2022-01-27",388,27649
"NB","2022-01-28",396,28045
"NB","2022-01-29",397,28442
"NB","2022-01-30",274,28716
"NB","2022-01-31",169,28885
"NB","2022-02-01",228,29113
"NB","2022-02-02",381,29494
"NB","2022-02-03",411,29905
"NB","2022-02-04",401,30306
"NB","2022-02-05",296,30602
"NB","2022-02-06",154,30756
"NB","2022-02-07",261,31017
"NB","2022-02-08",259,31276
"NB","2022-02-09",321,31597
"NB","2022-02-10",351,31948
"NB","2022-02-11",359,32307
"NB","2022-02-12",303,32610
"NB","2022-02-13",266,32876
"NB","2022-02-14",190,33066
"NB","2022-02-15",276,33342
"NB","2022-02-16",305,33647
"NB","2022-02-17",321,33968
"NB","2022-02-18",254,34222
"NB","2022-02-19",0,34222
"NB","2022-02-20",0,34222
"NB","2022-02-21",0,34222
"NB","2022-02-22",1148,35370
"NB","2022-02-23",300,35670
"NB","2022-02-24",365,36035
"NB","2022-02-25",382,36417
"NB","2022-02-26",0,36417
"NB","2022-02-27",0,36417
"NB","2022-02-28",1065,37482
"NB","2022-03-01",287,37769
"NB","2022-03-02",386,38155
"NB","2022-03-03",391,38546
"NB","2022-03-04",391,38937
"NB","2022-03-05",0,38937
"NB","2022-03-06",0,38937
"NB","2022-03-07",1133,40070
"NB","2022-03-08",242,40312
"NB","2022-03-09",342,40654
"NB","2022-03-10",455,41109
"NB","2022-03-11",403,41512
"NB","2022-03-12",0,41512
"NB","2022-03-13",0,41512
"NB","2022-03-14",0,41512
"NB","2022-03-15",808,42320
"NB","2022-03-16",0,42320
"NB","2022-03-17",0,42320
"NB","2022-03-18",0,42320
"NB","2022-03-19",0,42320
"NB","2022-03-20",0,42320
"NB","2022-03-21",0,42320
"NB","2022-03-22",2781,45101
"NB","2022-03-23",0,45101
"NB","2022-03-24",0,45101
"NB","2022-03-25",0,45101
"NB","2022-03-26",0,45101
"NB","2022-03-27",0,45101
"NB","2022-03-28",0,45101
"NB","2022-03-29",3096,48197
"NB","2022-03-30",0,48197
"NB","2022-03-31",0,48197
"NB","2022-04-01",0,48197
"NB","2022-04-02",3657,51854
"NB","2022-04-03",0,51854
"NB","2022-04-04",0,51854
"NB","2022-04-05",0,51854
"NB","2022-04-06",0,51854
"NB","2022-04-07",0,51854
"NB","2022-04-08",0,51854
"NB","2022-04-09",3958,55812
"NB","2022-04-10",0,55812
"NB","2022-04-11",0,55812
"NB","2022-04-12",0,55812
"NB","2022-04-13",0,55812
"NB","2022-04-14",0,55812
"NB","2022-04-15",0,55812
"NB","2022-04-16",2956,58768
"NB","2022-04-17",0,58768
"NB","2022-04-18",0,58768
"NB","2022-04-19",0,58768
"NB","2022-04-20",0,58768
"NB","2022-04-21",0,58768
"NB","2022-04-22",0,58768
"NB","2022-04-23",1988,60756
"NB","2022-04-24",0,60756
"NB","2022-04-25",0,60756
"NB","2022-04-26",0,60756
"NB","2022-04-27",0,60756
"NB","2022-04-28",0,60756
"NB","2022-04-29",0,60756
"NB","2022-04-30",1392,62148
"NB","2022-05-01",0,62148
"NB","2022-05-02",0,62148
"NB","2022-05-03",0,62148
"NB","2022-05-04",0,62148
"NB","2022-05-05",0,62148
"NB","2022-05-06",0,62148
"NB","2022-05-07",1338,63486
"NB","2022-05-08",0,63486
"NB","2022-05-09",0,63486
"NB","2022-05-10",0,63486
"NB","2022-05-11",0,63486
"NB","2022-05-12",0,63486
"NB","2022-05-13",0,63486
"NB","2022-05-14",1004,64490
"NB","2022-05-15",0,64490
"NB","2022-05-16",0,64490
"NB","2022-05-17",0,64490
"NB","2022-05-18",0,64490
"NB","2022-05-19",0,64490
"NB","2022-05-20",0,64490
"NB","2022-05-21",768,65258
"NB","2022-05-22",0,65258
"NB","2022-05-23",0,65258
"NB","2022-05-24",0,65258
"NB","2022-05-25",0,65258
"NB","2022-05-26",0,65258
"NB","2022-05-27",0,65258
"NB","2022-05-28",554,65812
"NB","2022-05-29",0,65812
"NB","2022-05-30",0,65812
"NB","2022-05-31",0,65812
"NB","2022-06-01",0,65812
"NB","2022-06-02",0,65812
"NB","2022-06-03",0,65812
"NB","2022-06-04",533,66345
"NB","2022-06-05",0,66345
"NB","2022-06-06",0,66345
"NB","2022-06-07",0,66345
"NB","2022-06-08",0,66345
"NB","2022-06-09",0,66345
"NB","2022-06-10",0,66345
"NB","2022-06-11",471,66816
"NB","2022-06-12",0,66816
"NB","2022-06-13",0,66816
"NB","2022-06-14",0,66816
"NB","2022-06-15",0,66816
"NB","2022-06-16",0,66816
"NB","2022-06-17",0,66816
"NB","2022-06-18",425,67241
"NB","2022-06-19",0,67241
"NB","2022-06-20",0,67241
"NB","2022-06-21",0,67241
"NB","2022-06-22",0,67241
"NB","2022-06-23",0,67241
"NB","2022-06-24",0,67241
"NB","2022-06-25",484,67725
"NB","2022-06-26",0,67725
"NB","2022-06-27",0,67725
"NB","2022-06-28",0,67725
"NB","2022-06-29",0,67725
"NB","2022-06-30",0,67725
"NB","2022-07-01",0,67725
"NB","2022-07-02",768,68493
"NB","2022-07-03",0,68493
"NB","2022-07-04",0,68493
"NB","2022-07-05",0,68493
"NB","2022-07-06",0,68493
"NB","2022-07-07",0,68493
"NB","2022-07-08",0,68493
"NB","2022-07-09",1044,69537
"NB","2022-07-10",0,69537
"NB","2022-07-11",0,69537
"NB","2022-07-12",0,69537
"NB","2022-07-13",0,69537
"NB","2022-07-14",0,69537
"NB","2022-07-15",0,69537
"NB","2022-07-16",1004,70541
"NB","2022-07-17",0,70541
"NB","2022-07-18",0,70541
"NB","2022-07-19",0,70541
"NB","2022-07-20",0,70541
"NB","2022-07-21",0,70541
"NB","2022-07-22",0,70541
"NB","2022-07-23",938,71479
"NB","2022-07-24",0,71479
"NB","2022-07-25",0,71479
"NB","2022-07-26",0,71479
"NB","2022-07-27",0,71479
"NB","2022-07-28",0,71479
"NB","2022-07-29",0,71479
"NB","2022-07-30",747,72226
"NB","2022-07-31",0,72226
"NB","2022-08-01",0,72226
"NB","2022-08-02",0,72226
"NB","2022-08-03",0,72226
"NB","2022-08-04",0,72226
"NB","2022-08-05",0,72226
"NB","2022-08-06",742,72968
"NB","2022-08-07",0,72968
"NB","2022-08-08",0,72968
"NB","2022-08-09",0,72968
"NB","2022-08-10",0,72968
"NB","2022-08-11",0,72968
"NB","2022-08-12",0,72968
"NB","2022-08-13",675,73643
"NB","2022-08-14",0,73643
"NB","2022-08-15",0,73643
"NB","2022-08-16",0,73643
"NB","2022-08-17",0,73643
"NB","2022-08-18",0,73643
"NB","2022-08-19",0,73643
"NB","2022-08-20",797,74440
"NB","2022-08-21",0,74440
"NB","2022-08-22",0,74440
"NB","2022-08-23",0,74440
"NB","2022-08-24",0,74440
"NB","2022-08-25",0,74440
"NB","2022-08-26",0,74440
"NB","2022-08-27",712,75152
"NB","2022-08-28",0,75152
"NB","2022-08-29",0,75152
"NB","2022-08-30",0,75152
"NB","2022-08-31",0,75152
"NB","2022-09-01",0,75152
"NB","2022-09-02",0,75152
"NB","2022-09-03",589,75741
"NB","2022-09-04",0,75741
"NB","2022-09-05",0,75741
"NB","2022-09-06",0,75741
"NB","2022-09-07",0,75741
"NB","2022-09-08",0,75741
"NB","2022-09-09",0,75741
"NB","2022-09-10",575,76316
"NB","2022-09-11",0,76316
"NB","2022-09-12",0,76316
"NB","2022-09-13",0,76316
"NB","2022-09-14",0,76316
"NB","2022-09-15",0,76316
"NB","2022-09-16",0,76316
"NB","2022-09-17",586,76902
"NB","2022-09-18",0,76902
"NB","2022-09-19",0,76902
"NB","2022-09-20",0,76902
"NB","2022-09-21",0,76902
"NB","2022-09-22",0,76902
"NB","2022-09-23",0,76902
"NB","2022-09-24",558,77460
"NB","2022-09-25",0,77460
"NB","2022-09-26",0,77460
"NB","2022-09-27",0,77460
"NB","2022-09-28",0,77460
"NB","2022-09-29",0,77460
"NB","2022-09-30",0,77460
"NB","2022-10-01",596,78056
"NB","2022-10-02",0,78056
"NB","2022-10-03",0,78056
"NB","2022-10-04",0,78056
"NB","2022-10-05",0,78056
"NB","2022-10-06",0,78056
"NB","2022-10-07",0,78056
"NB","2022-10-08",631,78687
"NB","2022-10-09",0,78687
"NB","2022-10-10",0,78687
"NB","2022-10-11",0,78687
"NB","2022-10-12",0,78687
"NB","2022-10-13",0,78687
"NB","2022-10-14",0,78687
"NB","2022-10-15",747,79434
"NB","2022-10-16",0,79434
"NB","2022-10-17",0,79434
"NB","2022-10-18",0,79434
"NB","2022-10-19",0,79434
"NB","2022-10-20",0,79434
"NB","2022-10-21",0,79434
"NB","2022-10-22",692,80126
"NB","2022-10-23",0,80126
"NB","2022-10-24",0,80126
"NB","2022-10-25",0,80126
"NB","2022-10-26",0,80126
"NB","2022-10-27",0,80126
"NB","2022-10-28",0,80126
"NB","2022-10-29",589,80715
"NB","2022-10-30",0,80715
"NB","2022-10-31",0,80715
"NB","2022-11-01",0,80715
"NB","2022-11-02",0,80715
"NB","2022-11-03",0,80715
"NB","2022-11-04",0,80715
"NB","2022-11-05",554,81269
"NB","2022-11-06",0,81269
"NB","2022-11-07",0,81269
"NB","2022-11-08",0,81269
"NB","2022-11-09",0,81269
"NB","2022-11-10",0,81269
"NB","2022-11-11",0,81269
"NB","2022-11-12",518,81787
"NB","2022-11-13",0,81787
"NB","2022-11-14",0,81787
"NB","2022-11-15",0,81787
"NB","2022-11-16",0,81787
"NB","2022-11-17",0,81787
"NB","2022-11-18",0,81787
"NB","2022-11-19",436,82223
"NB","2022-11-20",0,82223
"NB","2022-11-21",0,82223
"NB","2022-11-22",0,82223
"NB","2022-11-23",0,82223
"NB","2022-11-24",0,82223
"NB","2022-11-25",0,82223
"NB","2022-11-26",596,82819
"NB","2022-11-27",0,82819
"NB","2022-11-28",0,82819
"NB","2022-11-29",0,82819
"NB","2022-11-30",0,82819
"NB","2022-12-01",0,82819
"NB","2022-12-02",0,82819
"NB","2022-12-03",606,83425
"NB","2022-12-04",0,83425
"NB","2022-12-05",0,83425
"NB","2022-12-06",0,83425
"NB","2022-12-07",0,83425
"NB","2022-12-08",0,83425
"NB","2022-12-09",0,83425
"NB","2022-12-10",819,84244
"NB","2022-12-11",0,84244
"NB","2022-12-12",0,84244
"NB","2022-12-13",0,84244
"NB","2022-12-14",0,84244
"NB","2022-12-15",0,84244
"NB","2022-12-16",0,84244
"NB","2022-12-17",647,84891
"NB","2022-12-18",0,84891
"NB","2022-12-19",0,84891
"NB","2022-12-20",0,84891
"NB","2022-12-21",0,84891
"NB","2022-12-22",0,84891
"NB","2022-12-23",0,84891
"NB","2022-12-24",0,84891
"NB","2022-12-25",0,84891
"NB","2022-12-26",0,84891
"NB","2022-12-27",0,84891
"NB","2022-12-28",0,84891
"NB","2022-12-29",0,84891
"NB","2022-12-30",0,84891
"NB","2022-12-31",1006,85897
"NB","2023-01-01",0,85897
"NB","2023-01-02",0,85897
"NB","2023-01-03",0,85897
"NB","2023-01-04",0,85897
"NB","2023-01-05",0,85897
"NB","2023-01-06",0,85897
"NB","2023-01-07",521,86418
"NB","2023-01-08",0,86418
"NB","2023-01-09",0,86418
"NB","2023-01-10",0,86418
"NB","2023-01-11",0,86418
"NB","2023-01-12",0,86418
"NB","2023-01-13",0,86418
"NB","2023-01-14",433,86851
"NB","2023-01-15",0,86851
"NB","2023-01-16",0,86851
"NB","2023-01-17",0,86851
"NB","2023-01-18",0,86851
"NB","2023-01-19",0,86851
"NB","2023-01-20",0,86851
"NB","2023-01-21",321,87172
"NB","2023-01-22",0,87172
"NB","2023-01-23",0,87172
"NB","2023-01-24",0,87172
"NB","2023-01-25",0,87172
"NB","2023-01-26",0,87172
"NB","2023-01-27",0,87172
"NB","2023-01-28",263,87435
"NB","2023-01-29",0,87435
"NB","2023-01-30",0,87435
"NB","2023-01-31",0,87435
"NB","2023-02-01",0,87435
"NB","2023-02-02",0,87435
"NB","2023-02-03",0,87435
"NB","2023-02-04",339,87774
"NB","2023-02-05",0,87774
"NB","2023-02-06",0,87774
"NB","2023-02-07",0,87774
"NB","2023-02-08",0,87774
"NB","2023-02-09",0,87774
"NB","2023-02-10",0,87774
"NB","2023-02-11",379,88153
"NB","2023-02-12",0,88153
"NB","2023-02-13",0,88153
"NB","2023-02-14",0,88153
"NB","2023-02-15",0,88153
"NB","2023-02-16",0,88153
"NB","2023-02-17",0,88153
"NB","2023-02-18",350,88503
"NB","2023-02-19",0,88503
"NB","2023-02-20",0,88503
"NB","2023-02-21",0,88503
"NB","2023-02-22",0,88503
"NB","2023-02-23",0,88503
"NB","2023-02-24",0,88503
"NB","2023-02-25",363,88866
"NB","2023-02-26",0,88866
"NB","2023-02-27",0,88866
"NB","2023-02-28",0,88866
"NB","2023-03-01",0,88866
"NB","2023-03-02",0,88866
"NB","2023-03-03",0,88866
"NB","2023-03-04",360,89226
"NB","2023-03-05",0,89226
"NB","2023-03-06",0,89226
"NB","2023-03-07",0,89226
"NB","2023-03-08",0,89226
"NB","2023-03-09",0,89226
"NB","2023-03-10",0,89226
"NB","2023-03-11",388,89614
"NB","2023-03-12",0,89614
"NB","2023-03-13",0,89614
"NB","2023-03-14",0,89614
"NB","2023-03-15",0,89614
"NB","2023-03-16",0,89614
"NB","2023-03-17",0,89614
"NB","2023-03-18",313,89927
"NB","2023-03-19",0,89927
"NB","2023-03-20",0,89927
"NB","2023-03-21",0,89927
"NB","2023-03-22",0,89927
"NB","2023-03-23",0,89927
"NB","2023-03-24",0,89927
"NB","2023-03-25",212,90139
"NB","2023-03-26",0,90139
"NB","2023-03-27",0,90139
"NB","2023-03-28",0,90139
"NB","2023-03-29",0,90139
"NB","2023-03-30",0,90139
"NB","2023-03-31",0,90139
"NB","2023-04-01",155,90294
"NB","2023-04-02",0,90294
"NB","2023-04-03",0,90294
"NB","2023-04-04",0,90294
"NB","2023-04-05",0,90294
"NB","2023-04-06",0,90294
"NB","2023-04-07",0,90294
"NB","2023-04-08",98,90392
"NB","2023-04-09",0,90392
"NB","2023-04-10",0,90392
"NB","2023-04-11",0,90392
"NB","2023-04-12",0,90392
"NB","2023-04-13",0,90392
"NB","2023-04-14",0,90392
"NB","2023-04-15",102,90494
"NB","2023-04-16",0,90494
"NB","2023-04-17",0,90494
"NB","2023-04-18",0,90494
"NB","2023-04-19",0,90494
"NB","2023-04-20",0,90494
"NB","2023-04-21",0,90494
"NB","2023-04-22",80,90574
"NB","2023-04-23",0,90574
"NB","2023-04-24",0,90574
"NB","2023-04-25",0,90574
"NB","2023-04-26",0,90574
"NB","2023-04-27",0,90574
"NB","2023-04-28",0,90574
"NB","2023-04-29",78,90652
"NB","2023-04-30",0,90652
"NB","2023-05-01",0,90652
"NB","2023-05-02",0,90652
"NB","2023-05-03",0,90652
"NB","2023-05-04",0,90652
"NB","2023-05-05",0,90652
"NB","2023-05-06",0,90652
"NB","2023-05-07",0,90652
"NB","2023-05-08",0,90652
"NB","2023-05-09",0,90652
"NB","2023-05-10",0,90652
"NB","2023-05-11",0,90652
"NB","2023-05-12",0,90652
"NB","2023-05-13",0,90652
"NB","2023-05-14",0,90652
"NB","2023-05-15",0,90652
"NB","2023-05-16",0,90652
"NB","2023-05-17",0,90652
"NB","2023-05-18",0,90652
"NB","2023-05-19",0,90652
"NB","2023-05-20",0,90652
"NB","2023-05-21",0,90652
"NB","2023-05-22",0,90652
"NB","2023-05-23",0,90652
"NB","2023-05-24",0,90652
"NB","2023-05-25",0,90652
"NB","2023-05-26",0,90652
"NB","2023-05-27",294,90946
"NB","2023-05-28",0,90946
"NB","2023-05-29",0,90946
"NB","2023-05-30",0,90946
"NB","2023-05-31",0,90946
"NB","2023-06-01",0,90946
"NB","2023-06-02",0,90946
"NB","2023-06-03",0,90946
"NB","2023-06-04",0,90946
"NB","2023-06-05",0,90946
"NB","2023-06-06",0,90946
"NB","2023-06-07",0,90946
"NB","2023-06-08",0,90946
"NB","2023-06-09",0,90946
"NB","2023-06-10",0,90946
"NB","2023-06-11",0,90946
"NB","2023-06-12",0,90946
"NB","2023-06-13",0,90946
"NB","2023-06-14",0,90946
"NB","2023-06-15",0,90946
"NB","2023-06-16",0,90946
"NB","2023-06-17",0,90946
"NB","2023-06-18",0,90946
"NB","2023-06-19",0,90946
"NB","2023-06-20",0,90946
"NB","2023-06-21",0,90946
"NB","2023-06-22",0,90946
"NB","2023-06-23",0,90946
"NB","2023-06-24",211,91157
"NB","2023-06-25",0,91157
"NB","2023-06-26",0,91157
"NB","2023-06-27",0,91157
"NB","2023-06-28",0,91157
"NB","2023-06-29",0,91157
"NB","2023-06-30",0,91157
"NB","2023-07-01",0,91157
"NB","2023-07-02",0,91157
"NB","2023-07-03",0,91157
"NB","2023-07-04",0,91157
"NB","2023-07-05",0,91157
"NB","2023-07-06",0,91157
"NB","2023-07-07",0,91157
"NB","2023-07-08",0,91157
"NB","2023-07-09",0,91157
"NB","2023-07-10",0,91157
"NB","2023-07-11",0,91157
"NB","2023-07-12",0,91157
"NB","2023-07-13",0,91157
"NB","2023-07-14",0,91157
"NB","2023-07-15",0,91157
"NB","2023-07-16",0,91157
"NB","2023-07-17",0,91157
"NB","2023-07-18",0,91157
"NB","2023-07-19",0,91157
"NB","2023-07-20",0,91157
"NB","2023-07-21",0,91157
"NB","2023-07-22",108,91265
"NB","2023-07-23",0,91265
"NB","2023-07-24",0,91265
"NB","2023-07-25",0,91265
"NB","2023-07-26",0,91265
"NB","2023-07-27",0,91265
"NB","2023-07-28",0,91265
"NB","2023-07-29",0,91265
"NB","2023-07-30",0,91265
"NB","2023-07-31",0,91265
"NB","2023-08-01",0,91265
"NB","2023-08-02",0,91265
"NB","2023-08-03",0,91265
"NB","2023-08-04",0,91265
"NB","2023-08-05",0,91265
"NB","2023-08-06",0,91265
"NB","2023-08-07",0,91265
"NB","2023-08-08",0,91265
"NB","2023-08-09",0,91265
"NB","2023-08-10",0,91265
"NB","2023-08-11",0,91265
"NB","2023-08-12",0,91265
"NB","2023-08-13",0,91265
"NB","2023-08-14",0,91265
"NB","2023-08-15",0,91265
"NB","2023-08-16",0,91265
"NB","2023-08-17",0,91265
"NB","2023-08-18",0,91265
"NB","2023-08-19",0,91265
"NB","2023-08-20",0,91265
"NB","2023-08-21",0,91265
"NB","2023-08-22",0,91265
"NB","2023-08-23",0,91265
"NB","2023-08-24",0,91265
"NB","2023-08-25",0,91265
"NB","2023-08-26",214,91479
"NB","2023-08-27",0,91479
"NB","2023-08-28",0,91479
"NB","2023-08-29",0,91479
"NB","2023-08-30",0,91479
"NB","2023-08-31",0,91479
"NB","2023-09-01",0,91479
"NB","2023-09-02",95,91574
"NB","2023-09-03",0,91574
"NB","2023-09-04",0,91574
"NB","2023-09-05",0,91574
"NB","2023-09-06",0,91574
"NB","2023-09-07",0,91574
"NB","2023-09-08",0,91574
"NB","2023-09-09",84,91658
"NB","2023-09-10",0,91658
"NB","2023-09-11",0,91658
"NB","2023-09-12",0,91658
"NB","2023-09-13",0,91658
"NB","2023-09-14",0,91658
"NB","2023-09-15",0,91658
"NB","2023-09-16",103,91761
"NB","2023-09-17",0,91761
"NB","2023-09-18",0,91761
"NB","2023-09-19",0,91761
"NB","2023-09-20",0,91761
"NB","2023-09-21",0,91761
"NB","2023-09-22",0,91761
"NB","2023-09-23",102,91863
"NB","2023-09-24",0,91863
"NB","2023-09-25",0,91863
"NB","2023-09-26",0,91863
"NB","2023-09-27",0,91863
"NB","2023-09-28",0,91863
"NB","2023-09-29",0,91863
"NB","2023-09-30",105,91968
"NB","2023-10-01",0,91968
"NB","2023-10-02",0,91968
"NB","2023-10-03",0,91968
"NB","2023-10-04",0,91968
"NB","2023-10-05",0,91968
"NB","2023-10-06",0,91968
"NB","2023-10-07",133,92101
"NB","2023-10-08",0,92101
"NB","2023-10-09",0,92101
"NB","2023-10-10",0,92101
"NB","2023-10-11",0,92101
"NB","2023-10-12",0,92101
"NB","2023-10-13",0,92101
"NB","2023-10-14",154,92255
"NB","2023-10-15",0,92255
"NB","2023-10-16",0,92255
"NB","2023-10-17",0,92255
"NB","2023-10-18",0,92255
"NB","2023-10-19",0,92255
"NB","2023-10-20",0,92255
"NB","2023-10-21",137,92392
"NB","2023-10-22",0,92392
"NB","2023-10-23",0,92392
"NB","2023-10-24",0,92392
"NB","2023-10-25",0,92392
"NB","2023-10-26",0,92392
"NB","2023-10-27",0,92392
"NB","2023-10-28",128,92520
"NB","2023-10-29",0,92520
"NB","2023-10-30",0,92520
"NB","2023-10-31",0,92520
"NB","2023-11-01",0,92520
"NB","2023-11-02",0,92520
"NB","2023-11-03",0,92520
"NB","2023-11-04",116,92636
"NB","2023-11-05",0,92636
"NB","2023-11-06",0,92636
"NB","2023-11-07",0,92636
"NB","2023-11-08",0,92636
"NB","2023-11-09",0,92636
"NB","2023-11-10",0,92636
"NB","2023-11-11",124,92760
"NB","2023-11-12",0,92760
"NB","2023-11-13",0,92760
"NB","2023-11-14",0,92760
"NB","2023-11-15",0,92760
"NB","2023-11-16",0,92760
"NB","2023-11-17",0,92760
"NB","2023-11-18",162,92922
"NB","2023-11-19",0,92922
"NB","2023-11-20",0,92922
"NB","2023-11-21",0,92922
"NB","2023-11-22",0,92922
"NB","2023-11-23",0,92922
"NB","2023-11-24",0,92922
"NB","2023-11-25",153,93075
"NB","2023-11-26",0,93075
"NB","2023-11-27",0,93075
"NB","2023-11-28",0,93075
"NB","2023-11-29",0,93075
"NB","2023-11-30",0,93075
"NB","2023-12-01",0,93075
"NB","2023-12-02",138,93213
"NB","2023-12-03",0,93213
"NB","2023-12-04",0,93213
"NB","2023-12-05",0,93213
"NB","2023-12-06",0,93213
"NB","2023-12-07",0,93213
"NB","2023-12-08",0,93213
"NB","2023-12-09",168,93381
"NB","2023-12-10",0,93381
"NB","2023-12-11",0,93381
"NB","2023-12-12",0,93381
"NB","2023-12-13",0,93381
"NB","2023-12-14",0,93381
"NB","2023-12-15",0,93381
"NB","2023-12-16",0,93381
"NB","2023-12-17",0,93381
"NB","2023-12-18",0,93381
"NB","2023-12-19",0,93381
"NB","2023-12-20",0,93381
"NB","2023-12-21",0,93381
"NB","2023-12-22",0,93381
"NB","2023-12-23",372,93753
"NB","2023-12-24",0,93753
"NB","2023-12-25",0,93753
"NB","2023-12-26",0,93753
"NB","2023-12-27",0,93753
"NB","2023-12-28",0,93753
"NB","2023-12-29",0,93753
"NB","2023-12-30",146,93899
"NL","2020-01-25",0,0
"NL","2020-01-26",0,0
"NL","2020-01-27",0,0
"NL","2020-01-28",0,0
"NL","2020-01-29",0,0
"NL","2020-01-30",0,0
"NL","2020-01-31",0,0
"NL","2020-02-01",0,0
"NL","2020-02-02",0,0
"NL","2020-02-03",0,0
"NL","2020-02-04",0,0
"NL","2020-02-05",0,0
"NL","2020-02-06",0,0
"NL","2020-02-07",0,0
"NL","2020-02-08",0,0
"NL","2020-02-09",0,0
"NL","2020-02-10",0,0
"NL","2020-02-11",0,0
"NL","2020-02-12",0,0
"NL","2020-02-13",0,0
"NL","2020-02-14",0,0
"NL","2020-02-15",0,0
"NL","2020-02-16",0,0
"NL","2020-02-17",0,0
"NL","2020-02-18",0,0
"NL","2020-02-19",0,0
"NL","2020-02-20",0,0
"NL","2020-02-21",0,0
"NL","2020-02-22",0,0
"NL","2020-02-23",0,0
"NL","2020-02-24",0,0
"NL","2020-02-25",0,0
"NL","2020-02-26",0,0
"NL","2020-02-27",0,0
"NL","2020-02-28",0,0
"NL","2020-02-29",0,0
"NL","2020-03-01",0,0
"NL","2020-03-02",0,0
"NL","2020-03-03",0,0
"NL","2020-03-04",0,0
"NL","2020-03-05",0,0
"NL","2020-03-06",0,0
"NL","2020-03-07",0,0
"NL","2020-03-08",0,0
"NL","2020-03-09",0,0
"NL","2020-03-10",0,0
"NL","2020-03-11",0,0
"NL","2020-03-12",0,0
"NL","2020-03-13",0,0
"NL","2020-03-14",1,1
"NL","2020-03-15",0,1
"NL","2020-03-16",0,1
"NL","2020-03-17",2,3
"NL","2020-03-18",0,3
"NL","2020-03-19",0,3
"NL","2020-03-20",1,4
"NL","2020-03-21",2,6
"NL","2020-03-22",3,9
"NL","2020-03-23",15,24
"NL","2020-03-24",11,35
"NL","2020-03-25",32,67
"NL","2020-03-26",15,82
"NL","2020-03-27",20,102
"NL","2020-03-28",18,120
"NL","2020-03-29",15,135
"NL","2020-03-30",13,148
"NL","2020-03-31",4,152
"NL","2020-04-01",23,175
"NL","2020-04-02",8,183
"NL","2020-04-03",12,195
"NL","2020-04-04",8,203
"NL","2020-04-05",14,217
"NL","2020-04-06",9,226
"NL","2020-04-07",2,228
"NL","2020-04-08",4,232
"NL","2020-04-09",4,236
"NL","2020-04-10",3,239
"NL","2020-04-11",2,241
"NL","2020-04-12",1,242
"NL","2020-04-13",2,244
"NL","2020-04-14",0,244
"NL","2020-04-15",3,247
"NL","2020-04-16",5,252
"NL","2020-04-17",4,256
"NL","2020-04-18",0,256
"NL","2020-04-19",0,256
"NL","2020-04-20",0,256
"NL","2020-04-21",0,256
"NL","2020-04-22",0,256
"NL","2020-04-23",0,256
"NL","2020-04-24",0,256
"NL","2020-04-25",1,257
"NL","2020-04-26",1,258
"NL","2020-04-27",0,258
"NL","2020-04-28",0,258
"NL","2020-04-29",0,258
"NL","2020-04-30",0,258
"NL","2020-05-01",1,259
"NL","2020-05-02",0,259
"NL","2020-05-03",0,259
"NL","2020-05-04",0,259
"NL","2020-05-05",0,259
"NL","2020-05-06",0,259
"NL","2020-05-07",1,260
"NL","2020-05-08",0,260
"NL","2020-05-09",0,260
"NL","2020-05-10",0,260
"NL","2020-05-11",0,260
"NL","2020-05-12",0,260
"NL","2020-05-13",0,260
"NL","2020-05-14",0,260
"NL","2020-05-15",0,260
"NL","2020-05-16",0,260
"NL","2020-05-17",0,260
"NL","2020-05-18",0,260
"NL","2020-05-19",0,260
"NL","2020-05-20",0,260
"NL","2020-05-21",0,260
"NL","2020-05-22",0,260
"NL","2020-05-23",0,260
"NL","2020-05-24",0,260
"NL","2020-05-25",0,260
"NL","2020-05-26",0,260
"NL","2020-05-27",0,260
"NL","2020-05-28",1,261
"NL","2020-05-29",0,261
"NL","2020-05-30",0,261
"NL","2020-05-31",0,261
"NL","2020-06-01",0,261
"NL","2020-06-02",0,261
"NL","2020-06-03",0,261
"NL","2020-06-04",0,261
"NL","2020-06-05",0,261
"NL","2020-06-06",0,261
"NL","2020-06-07",0,261
"NL","2020-06-08",0,261
"NL","2020-06-09",0,261
"NL","2020-06-10",0,261
"NL","2020-06-11",0,261
"NL","2020-06-12",0,261
"NL","2020-06-13",0,261
"NL","2020-06-14",0,261
"NL","2020-06-15",0,261
"NL","2020-06-16",0,261
"NL","2020-06-17",0,261
"NL","2020-06-18",0,261
"NL","2020-06-19",0,261
"NL","2020-06-20",0,261
"NL","2020-06-21",0,261
"NL","2020-06-22",0,261
"NL","2020-06-23",0,261
"NL","2020-06-24",0,261
"NL","2020-06-25",0,261
"NL","2020-06-26",0,261
"NL","2020-06-27",0,261
"NL","2020-06-28",0,261
"NL","2020-06-29",0,261
"NL","2020-06-30",0,261
"NL","2020-07-01",0,261
"NL","2020-07-02",0,261
"NL","2020-07-03",0,261
"NL","2020-07-04",0,261
"NL","2020-07-05",0,261
"NL","2020-07-06",0,261
"NL","2020-07-07",0,261
"NL","2020-07-08",0,261
"NL","2020-07-09",0,261
"NL","2020-07-10",1,262
"NL","2020-07-11",0,262
"NL","2020-07-12",0,262
"NL","2020-07-13",0,262
"NL","2020-07-14",0,262
"NL","2020-07-15",0,262
"NL","2020-07-16",0,262
"NL","2020-07-17",0,262
"NL","2020-07-18",0,262
"NL","2020-07-19",0,262
"NL","2020-07-20",0,262
"NL","2020-07-21",1,263
"NL","2020-07-22",1,264
"NL","2020-07-23",0,264
"NL","2020-07-24",1,265
"NL","2020-07-25",0,265
"NL","2020-07-26",1,266
"NL","2020-07-27",0,266
"NL","2020-07-28",0,266
"NL","2020-07-29",0,266
"NL","2020-07-30",0,266
"NL","2020-07-31",0,266
"NL","2020-08-01",0,266
"NL","2020-08-02",0,266
"NL","2020-08-03",0,266
"NL","2020-08-04",0,266
"NL","2020-08-05",0,266
"NL","2020-08-06",0,266
"NL","2020-08-07",1,267
"NL","2020-08-08",0,267
"NL","2020-08-09",0,267
"NL","2020-08-10",1,268
"NL","2020-08-11",0,268
"NL","2020-08-12",0,268
"NL","2020-08-13",0,268
"NL","2020-08-14",0,268
"NL","2020-08-15",0,268
"NL","2020-08-16",0,268
"NL","2020-08-17",0,268
"NL","2020-08-18",0,268
"NL","2020-08-19",0,268
"NL","2020-08-20",0,268
"NL","2020-08-21",0,268
"NL","2020-08-22",0,268
"NL","2020-08-23",0,268
"NL","2020-08-24",0,268
"NL","2020-08-25",0,268
"NL","2020-08-26",0,268
"NL","2020-08-27",0,268
"NL","2020-08-28",1,269
"NL","2020-08-29",0,269
"NL","2020-08-30",0,269
"NL","2020-08-31",0,269
"NL","2020-09-01",0,269
"NL","2020-09-02",0,269
"NL","2020-09-03",0,269
"NL","2020-09-04",0,269
"NL","2020-09-05",1,270
"NL","2020-09-06",0,270
"NL","2020-09-07",0,270
"NL","2020-09-08",0,270
"NL","2020-09-09",0,270
"NL","2020-09-10",0,270
"NL","2020-09-11",0,270
"NL","2020-09-12",1,271
"NL","2020-09-13",0,271
"NL","2020-09-14",0,271
"NL","2020-09-15",0,271
"NL","2020-09-16",0,271
"NL","2020-09-17",0,271
"NL","2020-09-18",1,272
"NL","2020-09-19",0,272
"NL","2020-09-20",0,272
"NL","2020-09-21",0,272
"NL","2020-09-22",0,272
"NL","2020-09-23",0,272
"NL","2020-09-24",0,272
"NL","2020-09-25",0,272
"NL","2020-09-26",0,272
"NL","2020-09-27",1,273
"NL","2020-09-28",0,273
"NL","2020-09-29",0,273
"NL","2020-09-30",1,274
"NL","2020-10-01",1,275
"NL","2020-10-02",0,275
"NL","2020-10-03",1,276
"NL","2020-10-04",1,277
"NL","2020-10-05",0,277
"NL","2020-10-06",0,277
"NL","2020-10-07",0,277
"NL","2020-10-08",0,277
"NL","2020-10-09",2,279
"NL","2020-10-10",3,282
"NL","2020-10-11",0,282
"NL","2020-10-12",1,283
"NL","2020-10-13",0,283
"NL","2020-10-14",0,283
"NL","2020-10-15",1,284
"NL","2020-10-16",3,287
"NL","2020-10-17",0,287
"NL","2020-10-18",0,287
"NL","2020-10-19",0,287
"NL","2020-10-20",0,287
"NL","2020-10-21",0,287
"NL","2020-10-22",1,288
"NL","2020-10-23",0,288
"NL","2020-10-24",1,289
"NL","2020-10-25",1,290
"NL","2020-10-26",1,291
"NL","2020-10-27",0,291
"NL","2020-10-28",0,291
"NL","2020-10-29",0,291
"NL","2020-10-30",0,291
"NL","2020-10-31",0,291
"NL","2020-11-01",0,291
"NL","2020-11-02",0,291
"NL","2020-11-03",0,291
"NL","2020-11-04",1,292
"NL","2020-11-05",2,294
"NL","2020-11-06",0,294
"NL","2020-11-07",2,296
"NL","2020-11-08",0,296
"NL","2020-11-09",0,296
"NL","2020-11-10",0,296
"NL","2020-11-11",2,298
"NL","2020-11-12",0,298
"NL","2020-11-13",1,299
"NL","2020-11-14",2,301
"NL","2020-11-15",2,303
"NL","2020-11-16",0,303
"NL","2020-11-17",2,305
"NL","2020-11-18",2,307
"NL","2020-11-19",1,308
"NL","2020-11-20",3,311
"NL","2020-11-21",5,316
"NL","2020-11-22",3,319
"NL","2020-11-23",2,321
"NL","2020-11-24",2,323
"NL","2020-11-25",1,324
"NL","2020-11-26",3,327
"NL","2020-11-27",4,331
"NL","2020-11-28",2,333
"NL","2020-11-29",4,337
"NL","2020-11-30",1,338
"NL","2020-12-01",1,339
"NL","2020-12-02",1,340
"NL","2020-12-03",0,340
"NL","2020-12-04",3,343
"NL","2020-12-05",4,347
"NL","2020-12-06",4,351
"NL","2020-12-07",0,351
"NL","2020-12-08",1,352
"NL","2020-12-09",1,353
"NL","2020-12-10",1,354
"NL","2020-12-11",1,355
"NL","2020-12-12",2,357
"NL","2020-12-13",0,357
"NL","2020-12-14",1,358
"NL","2020-12-15",1,359
"NL","2020-12-16",5,364
"NL","2020-12-17",3,367
"NL","2020-12-18",5,372
"NL","2020-12-19",8,380
"NL","2020-12-20",2,382
"NL","2020-12-21",0,382
"NL","2020-12-22",1,383
"NL","2020-12-23",1,384
"NL","2020-12-24",0,384
"NL","2020-12-25",0,384
"NL","2020-12-26",0,384
"NL","2020-12-27",3,387
"NL","2020-12-28",2,389
"NL","2020-12-29",1,390
"NL","2020-12-30",0,390
"NL","2020-12-31",0,390
"NL","2021-01-01",0,390
"NL","2021-01-02",0,390
"NL","2021-01-03",0,390
"NL","2021-01-04",1,391
"NL","2021-01-05",1,392
"NL","2021-01-06",0,392
"NL","2021-01-07",0,392
"NL","2021-01-08",0,392
"NL","2021-01-09",0,392
"NL","2021-01-10",1,393
"NL","2021-01-11",0,393
"NL","2021-01-12",0,393
"NL","2021-01-13",0,393
"NL","2021-01-14",1,394
"NL","2021-01-15",1,395
"NL","2021-01-16",0,395
"NL","2021-01-17",1,396
"NL","2021-01-18",0,396
"NL","2021-01-19",0,396
"NL","2021-01-20",0,396
"NL","2021-01-21",1,397
"NL","2021-01-22",1,398
"NL","2021-01-23",0,398
"NL","2021-01-24",0,398
"NL","2021-01-25",0,398
"NL","2021-01-26",0,398
"NL","2021-01-27",2,400
"NL","2021-01-28",4,404
"NL","2021-01-29",4,408
"NL","2021-01-30",0,408
"NL","2021-01-31",0,408
"NL","2021-02-01",0,408
"NL","2021-02-02",0,408
"NL","2021-02-03",2,410
"NL","2021-02-04",1,411
"NL","2021-02-05",1,412
"NL","2021-02-06",3,415
"NL","2021-02-07",1,416
"NL","2021-02-08",11,427
"NL","2021-02-09",30,457
"NL","2021-02-10",53,510
"NL","2021-02-11",100,610
"NL","2021-02-12",50,660
"NL","2021-02-13",26,686
"NL","2021-02-14",11,697
"NL","2021-02-15",7,704
"NL","2021-02-16",7,711
"NL","2021-02-17",44,755
"NL","2021-02-18",48,803
"NL","2021-02-19",60,863
"NL","2021-02-20",38,901
"NL","2021-02-21",25,926
"NL","2021-02-22",13,939
"NL","2021-02-23",15,954
"NL","2021-02-24",8,962
"NL","2021-02-25",10,972
"NL","2021-02-26",4,976
"NL","2021-02-27",4,980
"NL","2021-02-28",7,987
"NL","2021-03-01",2,989
"NL","2021-03-02",5,994
"NL","2021-03-03",3,997
"NL","2021-03-04",5,1002
"NL","2021-03-05",1,1003
"NL","2021-03-06",2,1005
"NL","2021-03-07",1,1006
"NL","2021-03-08",3,1009
"NL","2021-03-09",1,1010
"NL","2021-03-10",0,1010
"NL","2021-03-11",1,1011
"NL","2021-03-12",1,1012
"NL","2021-03-13",0,1012
"NL","2021-03-14",0,1012
"NL","2021-03-15",0,1012
"NL","2021-03-16",1,1013
"NL","2021-03-17",0,1013
"NL","2021-03-18",1,1014
"NL","2021-03-19",0,1014
"NL","2021-03-20",0,1014
"NL","2021-03-21",0,1014
"NL","2021-03-22",0,1014
"NL","2021-03-23",0,1014
"NL","2021-03-24",1,1015
"NL","2021-03-25",0,1015
"NL","2021-03-26",0,1015
"NL","2021-03-27",0,1015
"NL","2021-03-28",1,1016
"NL","2021-03-29",0,1016
"NL","2021-03-30",2,1018
"NL","2021-03-31",1,1019
"NL","2021-04-01",1,1020
"NL","2021-04-02",0,1020
"NL","2021-04-03",0,1020
"NL","2021-04-04",0,1020
"NL","2021-04-05",0,1020
"NL","2021-04-06",0,1020
"NL","2021-04-07",1,1021
"NL","2021-04-08",1,1022
"NL","2021-04-09",3,1025
"NL","2021-04-10",4,1029
"NL","2021-04-11",1,1030
"NL","2021-04-12",0,1030
"NL","2021-04-13",1,1031
"NL","2021-04-14",3,1034
"NL","2021-04-15",2,1036
"NL","2021-04-16",3,1039
"NL","2021-04-17",0,1039
"NL","2021-04-18",4,1043
"NL","2021-04-19",3,1046
"NL","2021-04-20",2,1048
"NL","2021-04-21",1,1049
"NL","2021-04-22",3,1052
"NL","2021-04-23",1,1053
"NL","2021-04-24",3,1056
"NL","2021-04-25",2,1058
"NL","2021-04-26",4,1062
"NL","2021-04-27",0,1062
"NL","2021-04-28",4,1066
"NL","2021-04-29",2,1068
"NL","2021-04-30",8,1076
"NL","2021-05-01",5,1081
"NL","2021-05-02",18,1099
"NL","2021-05-03",5,1104
"NL","2021-05-04",4,1108
"NL","2021-05-05",6,1114
"NL","2021-05-06",6,1120
"NL","2021-05-07",7,1127
"NL","2021-05-08",6,1133
"NL","2021-05-09",5,1138
"NL","2021-05-10",3,1141
"NL","2021-05-11",15,1156
"NL","2021-05-12",10,1166
"NL","2021-05-13",7,1173
"NL","2021-05-14",6,1179
"NL","2021-05-15",5,1184
"NL","2021-05-16",9,1193
"NL","2021-05-17",10,1203
"NL","2021-05-18",6,1209
"NL","2021-05-19",1,1210
"NL","2021-05-20",6,1216
"NL","2021-05-21",10,1226
"NL","2021-05-22",4,1230
"NL","2021-05-23",23,1253
"NL","2021-05-24",5,1258
"NL","2021-05-25",11,1269
"NL","2021-05-26",4,1273
"NL","2021-05-27",6,1279
"NL","2021-05-28",14,1293
"NL","2021-05-29",9,1302
"NL","2021-05-30",7,1309
"NL","2021-05-31",2,1311
"NL","2021-06-01",6,1317
"NL","2021-06-02",17,1334
"NL","2021-06-03",6,1340
"NL","2021-06-04",2,1342
"NL","2021-06-05",5,1347
"NL","2021-06-06",5,1352
"NL","2021-06-07",2,1354
"NL","2021-06-08",3,1357
"NL","2021-06-09",3,1360
"NL","2021-06-10",5,1365
"NL","2021-06-11",3,1368
"NL","2021-06-12",6,1374
"NL","2021-06-13",1,1375
"NL","2021-06-14",4,1379
"NL","2021-06-15",2,1381
"NL","2021-06-16",1,1382
"NL","2021-06-17",1,1383
"NL","2021-06-18",0,1383
"NL","2021-06-19",0,1383
"NL","2021-06-20",0,1383
"NL","2021-06-21",0,1383
"NL","2021-06-22",1,1384
"NL","2021-06-23",0,1384
"NL","2021-06-24",0,1384
"NL","2021-06-25",0,1384
"NL","2021-06-26",0,1384
"NL","2021-06-27",0,1384
"NL","2021-06-28",1,1385
"NL","2021-06-29",0,1385
"NL","2021-06-30",1,1386
"NL","2021-07-01",0,1386
"NL","2021-07-02",1,1387
"NL","2021-07-03",0,1387
"NL","2021-07-04",0,1387
"NL","2021-07-05",13,1400
"NL","2021-07-06",0,1400
"NL","2021-07-07",0,1400
"NL","2021-07-08",0,1400
"NL","2021-07-09",2,1402
"NL","2021-07-10",0,1402
"NL","2021-07-11",0,1402
"NL","2021-07-12",0,1402
"NL","2021-07-13",5,1407
"NL","2021-07-14",3,1410
"NL","2021-07-15",23,1433
"NL","2021-07-16",0,1433
"NL","2021-07-17",0,1433
"NL","2021-07-18",0,1433
"NL","2021-07-19",4,1437
"NL","2021-07-20",0,1437
"NL","2021-07-21",0,1437
"NL","2021-07-22",0,1437
"NL","2021-07-23",0,1437
"NL","2021-07-24",0,1437
"NL","2021-07-25",0,1437
"NL","2021-07-26",0,1437
"NL","2021-07-27",0,1437
"NL","2021-07-28",0,1437
"NL","2021-07-29",0,1437
"NL","2021-07-30",0,1437
"NL","2021-07-31",0,1437
"NL","2021-08-01",0,1437
"NL","2021-08-02",3,1440
"NL","2021-08-03",0,1440
"NL","2021-08-04",1,1441
"NL","2021-08-05",0,1441
"NL","2021-08-06",2,1443
"NL","2021-08-07",0,1443
"NL","2021-08-08",0,1443
"NL","2021-08-09",0,1443
"NL","2021-08-10",0,1443
"NL","2021-08-11",0,1443
"NL","2021-08-12",0,1443
"NL","2021-08-13",4,1447
"NL","2021-08-14",0,1447
"NL","2021-08-15",0,1447
"NL","2021-08-16",3,1450
"NL","2021-08-17",0,1450
"NL","2021-08-18",6,1456
"NL","2021-08-19",0,1456
"NL","2021-08-20",2,1458
"NL","2021-08-21",0,1458
"NL","2021-08-22",0,1458
"NL","2021-08-23",2,1460
"NL","2021-08-24",0,1460
"NL","2021-08-25",2,1462
"NL","2021-08-26",0,1462
"NL","2021-08-27",7,1469
"NL","2021-08-28",0,1469
"NL","2021-08-29",0,1469
"NL","2021-08-30",9,1478
"NL","2021-08-31",0,1478
"NL","2021-09-01",8,1486
"NL","2021-09-02",0,1486
"NL","2021-09-03",5,1491
"NL","2021-09-04",0,1491
"NL","2021-09-05",0,1491
"NL","2021-09-06",15,1506
"NL","2021-09-07",5,1511
"NL","2021-09-08",9,1520
"NL","2021-09-09",0,1520
"NL","2021-09-10",12,1532
"NL","2021-09-11",0,1532
"NL","2021-09-12",0,1532
"NL","2021-09-13",9,1541
"NL","2021-09-14",0,1541
"NL","2021-09-15",10,1551
"NL","2021-09-16",0,1551
"NL","2021-09-17",4,1555
"NL","2021-09-18",0,1555
"NL","2021-09-19",0,1555
"NL","2021-09-20",15,1570
"NL","2021-09-21",16,1586
"NL","2021-09-22",23,1609
"NL","2021-09-23",0,1609
"NL","2021-09-24",45,1654
"NL","2021-09-25",14,1668
"NL","2021-09-26",24,1692
"NL","2021-09-27",25,1717
"NL","2021-09-28",14,1731
"NL","2021-09-29",16,1747
"NL","2021-09-30",0,1747
"NL","2021-10-01",41,1788
"NL","2021-10-02",8,1796
"NL","2021-10-03",8,1804
"NL","2021-10-04",15,1819
"NL","2021-10-05",5,1824
"NL","2021-10-06",9,1833
"NL","2021-10-07",7,1840
"NL","2021-10-08",8,1848
"NL","2021-10-09",0,1848
"NL","2021-10-10",0,1848
"NL","2021-10-11",0,1848
"NL","2021-10-12",21,1869
"NL","2021-10-13",4,1873
"NL","2021-10-14",4,1877
"NL","2021-10-15",4,1881
"NL","2021-10-16",0,1881
"NL","2021-10-17",0,1881
"NL","2021-10-18",8,1889
"NL","2021-10-19",0,1889
"NL","2021-10-20",9,1898
"NL","2021-10-21",0,1898
"NL","2021-10-22",30,1928
"NL","2021-10-23",0,1928
"NL","2021-10-24",0,1928
"NL","2021-10-25",36,1964
"NL","2021-10-26",0,1964
"NL","2021-10-27",20,1984
"NL","2021-10-28",0,1984
"NL","2021-10-29",8,1992
"NL","2021-10-30",0,1992
"NL","2021-10-31",0,1992
"NL","2021-11-01",2,1994
"NL","2021-11-02",0,1994
"NL","2021-11-03",1,1995
"NL","2021-11-04",0,1995
"NL","2021-11-05",8,2003
"NL","2021-11-06",0,2003
"NL","2021-11-07",0,2003
"NL","2021-11-08",9,2012
"NL","2021-11-09",0,2012
"NL","2021-11-10",7,2019
"NL","2021-11-11",0,2019
"NL","2021-11-12",6,2025
"NL","2021-11-13",0,2025
"NL","2021-11-14",0,2025
"NL","2021-11-15",2,2027
"NL","2021-11-16",0,2027
"NL","2021-11-17",4,2031
"NL","2021-11-18",0,2031
"NL","2021-11-19",4,2035
"NL","2021-11-20",0,2035
"NL","2021-11-21",0,2035
"NL","2021-11-22",3,2038
"NL","2021-11-23",0,2038
"NL","2021-11-24",4,2042
"NL","2021-11-25",0,2042
"NL","2021-11-26",6,2048
"NL","2021-11-27",0,2048
"NL","2021-11-28",0,2048
"NL","2021-11-29",9,2057
"NL","2021-11-30",0,2057
"NL","2021-12-01",2,2059
"NL","2021-12-02",0,2059
"NL","2021-12-03",5,2064
"NL","2021-12-04",0,2064
"NL","2021-12-05",0,2064
"NL","2021-12-06",0,2064
"NL","2021-12-07",7,2071
"NL","2021-12-08",5,2076
"NL","2021-12-09",0,2076
"NL","2021-12-10",2,2078
"NL","2021-12-11",0,2078
"NL","2021-12-12",0,2078
"NL","2021-12-13",15,2093
"NL","2021-12-14",0,2093
"NL","2021-12-15",13,2106
"NL","2021-12-16",0,2106
"NL","2021-12-17",46,2152
"NL","2021-12-18",0,2152
"NL","2021-12-19",61,2213
"NL","2021-12-20",27,2240
"NL","2021-12-21",27,2267
"NL","2021-12-22",60,2327
"NL","2021-12-23",100,2427
"NL","2021-12-24",85,2512
"NL","2021-12-25",0,2512
"NL","2021-12-26",0,2512
"NL","2021-12-27",0,2512
"NL","2021-12-28",0,2512
"NL","2021-12-29",861,3373
"NL","2021-12-30",340,3713
"NL","2021-12-31",436,4149
"NL","2022-01-01",0,4149
"NL","2022-01-02",0,4149
"NL","2022-01-03",1403,5552
"NL","2022-01-04",488,6040
"NL","2022-01-05",491,6531
"NL","2022-01-06",498,7029
"NL","2022-01-07",479,7508
"NL","2022-01-08",0,7508
"NL","2022-01-09",0,7508
"NL","2022-01-10",1873,9381
"NL","2022-01-11",735,10116
"NL","2022-01-12",711,10827
"NL","2022-01-13",626,11453
"NL","2022-01-14",521,11974
"NL","2022-01-15",0,11974
"NL","2022-01-16",0,11974
"NL","2022-01-17",919,12893
"NL","2022-01-18",292,13185
"NL","2022-01-19",518,13703
"NL","2022-01-20",362,14065
"NL","2022-01-21",457,14522
"NL","2022-01-22",0,14522
"NL","2022-01-23",0,14522
"NL","2022-01-24",0,14522
"NL","2022-01-25",1289,15811
"NL","2022-01-26",304,16115
"NL","2022-01-27",378,16493
"NL","2022-01-28",265,16758
"NL","2022-01-29",0,16758
"NL","2022-01-30",0,16758
"NL","2022-01-31",601,17359
"NL","2022-02-01",179,17538
"NL","2022-02-02",248,17786
"NL","2022-02-03",198,17984
"NL","2022-02-04",258,18242
"NL","2022-02-05",0,18242
"NL","2022-02-06",0,18242
"NL","2022-02-07",498,18740
"NL","2022-02-08",210,18950
"NL","2022-02-09",250,19200
"NL","2022-02-10",243,19443
"NL","2022-02-11",267,19710
"NL","2022-02-12",0,19710
"NL","2022-02-13",0,19710
"NL","2022-02-14",655,20365
"NL","2022-02-15",213,20578
"NL","2022-02-16",179,20757
"NL","2022-02-17",316,21073
"NL","2022-02-18",234,21307
"NL","2022-02-19",0,21307
"NL","2022-02-20",0,21307
"NL","2022-02-21",667,21974
"NL","2022-02-22",0,21974
"NL","2022-02-23",494,22468
"NL","2022-02-24",0,22468
"NL","2022-02-25",679,23147
"NL","2022-02-26",0,23147
"NL","2022-02-27",0,23147
"NL","2022-02-28",879,24026
"NL","2022-03-01",0,24026
"NL","2022-03-02",755,24781
"NL","2022-03-03",0,24781
"NL","2022-03-04",947,25728
"NL","2022-03-05",0,25728
"NL","2022-03-06",0,25728
"NL","2022-03-07",0,25728
"NL","2022-03-08",1244,26972
"NL","2022-03-09",1131,28103
"NL","2022-03-10",0,28103
"NL","2022-03-11",1262,29365
"NL","2022-03-12",735,30100
"NL","2022-03-13",527,30627
"NL","2022-03-14",443,31070
"NL","2022-03-15",483,31553
"NL","2022-03-16",560,32113
"NL","2022-03-17",607,32720
"NL","2022-03-18",663,33383
"NL","2022-03-19",449,33832
"NL","2022-03-20",449,34281
"NL","2022-03-21",324,34605
"NL","2022-03-22",267,34872
"NL","2022-03-23",419,35291
"NL","2022-03-24",454,35745
"NL","2022-03-25",507,36252
"NL","2022-03-26",370,36622
"NL","2022-03-27",539,37161
"NL","2022-03-28",248,37409
"NL","2022-03-29",350,37759
"NL","2022-03-30",570,38329
"NL","2022-03-31",299,38628
"NL","2022-04-01",389,39017
"NL","2022-04-02",293,39310
"NL","2022-04-03",227,39537
"NL","2022-04-04",154,39691
"NL","2022-04-05",303,39994
"NL","2022-04-06",339,40333
"NL","2022-04-07",283,40616
"NL","2022-04-08",393,41009
"NL","2022-04-09",243,41252
"NL","2022-04-10",175,41427
"NL","2022-04-11",157,41584
"NL","2022-04-12",205,41789
"NL","2022-04-13",246,42035
"NL","2022-04-14",225,42260
"NL","2022-04-15",176,42436
"NL","2022-04-16",137,42573
"NL","2022-04-17",109,42682
"NL","2022-04-18",76,42758
"NL","2022-04-19",188,42946
"NL","2022-04-20",179,43125
"NL","2022-04-21",120,43245
"NL","2022-04-22",152,43397
"NL","2022-04-23",137,43534
"NL","2022-04-24",88,43622
"NL","2022-04-25",87,43709
"NL","2022-04-26",114,43823
"NL","2022-04-27",93,43916
"NL","2022-04-28",126,44042
"NL","2022-04-29",102,44144
"NL","2022-04-30",103,44247
"NL","2022-05-01",29,44276
"NL","2022-05-02",65,44341
"NL","2022-05-03",44,44385
"NL","2022-05-04",140,44525
"NL","2022-05-05",0,44525
"NL","2022-05-06",108,44633
"NL","2022-05-07",47,44680
"NL","2022-05-08",46,44726
"NL","2022-05-09",58,44784
"NL","2022-05-10",75,44859
"NL","2022-05-11",70,44929
"NL","2022-05-12",53,44982
"NL","2022-05-13",55,45037
"NL","2022-05-14",51,45088
"NL","2022-05-15",51,45139
"NL","2022-05-16",20,45159
"NL","2022-05-17",50,45209
"NL","2022-05-18",91,45300
"NL","2022-05-19",60,45360
"NL","2022-05-20",72,45432
"NL","2022-05-21",32,45464
"NL","2022-05-22",41,45505
"NL","2022-05-23",34,45539
"NL","2022-05-24",64,45603
"NL","2022-05-25",64,45667
"NL","2022-05-26",78,45745
"NL","2022-05-27",61,45806
"NL","2022-05-28",50,45856
"NL","2022-05-29",34,45890
"NL","2022-05-30",66,45956
"NL","2022-05-31",44,46000
"NL","2022-06-01",74,46074
"NL","2022-06-02",60,46134
"NL","2022-06-03",69,46203
"NL","2022-06-04",115,46318
"NL","2022-06-05",66,46384
"NL","2022-06-06",41,46425
"NL","2022-06-07",46,46471
"NL","2022-06-08",73,46544
"NL","2022-06-09",78,46622
"NL","2022-06-10",78,46700
"NL","2022-06-11",89,46789
"NL","2022-06-12",70,46859
"NL","2022-06-13",39,46898
"NL","2022-06-14",84,46982
"NL","2022-06-15",62,47044
"NL","2022-06-16",75,47119
"NL","2022-06-17",55,47174
"NL","2022-06-18",78,47252
"NL","2022-06-19",40,47292
"NL","2022-06-20",21,47313
"NL","2022-06-21",64,47377
"NL","2022-06-22",88,47465
"NL","2022-06-23",111,47576
"NL","2022-06-24",37,47613
"NL","2022-06-25",62,47675
"NL","2022-06-26",41,47716
"NL","2022-06-27",11,47727
"NL","2022-06-28",26,47753
"NL","2022-06-29",124,47877
"NL","2022-06-30",60,47937
"NL","2022-07-01",71,48008
"NL","2022-07-02",79,48087
"NL","2022-07-03",18,48105
"NL","2022-07-04",21,48126
"NL","2022-07-05",54,48180
"NL","2022-07-06",101,48281
"NL","2022-07-07",78,48359
"NL","2022-07-08",71,48430
"NL","2022-07-09",78,48508
"NL","2022-07-10",24,48532
"NL","2022-07-11",13,48545
"NL","2022-07-12",59,48604
"NL","2022-07-13",70,48674
"NL","2022-07-14",62,48736
"NL","2022-07-15",59,48795
"NL","2022-07-16",76,48871
"NL","2022-07-17",38,48909
"NL","2022-07-18",42,48951
"NL","2022-07-19",60,49011
"NL","2022-07-20",106,49117
"NL","2022-07-21",61,49178
"NL","2022-07-22",80,49258
"NL","2022-07-23",74,49332
"NL","2022-07-24",34,49366
"NL","2022-07-25",28,49394
"NL","2022-07-26",78,49472
"NL","2022-07-27",58,49530
"NL","2022-07-28",44,49574
"NL","2022-07-29",50,49624
"NL","2022-07-30",49,49673
"NL","2022-07-31",31,49704
"NL","2022-08-01",9,49713
"NL","2022-08-02",49,49762
"NL","2022-08-03",67,49829
"NL","2022-08-04",58,49887
"NL","2022-08-05",65,49952
"NL","2022-08-06",66,50018
"NL","2022-08-07",22,50040
"NL","2022-08-08",18,50058
"NL","2022-08-09",68,50126
"NL","2022-08-10",68,50194
"NL","2022-08-11",62,50256
"NL","2022-08-12",50,50306
"NL","2022-08-13",57,50363
"NL","2022-08-14",29,50392
"NL","2022-08-15",29,50421
"NL","2022-08-16",60,50481
"NL","2022-08-17",92,50573
"NL","2022-08-18",70,50643
"NL","2022-08-19",46,50689
"NL","2022-08-20",53,50742
"NL","2022-08-21",32,50774
"NL","2022-08-22",19,50793
"NL","2022-08-23",49,50842
"NL","2022-08-24",62,50904
"NL","2022-08-25",52,50956
"NL","2022-08-26",53,51009
"NL","2022-08-27",37,51046
"NL","2022-08-28",30,51076
"NL","2022-08-29",11,51087
"NL","2022-08-30",43,51130
"NL","2022-08-31",42,51172
"NL","2022-09-01",38,51210
"NL","2022-09-02",21,51231
"NL","2022-09-03",36,51267
"NL","2022-09-04",17,51284
"NL","2022-09-05",8,51292
"NL","2022-09-06",26,51318
"NL","2022-09-07",11,51329
"NL","2022-09-08",22,51351
"NL","2022-09-09",21,51372
"NL","2022-09-10",14,51386
"NL","2022-09-11",13,51399
"NL","2022-09-12",8,51407
"NL","2022-09-13",15,51422
"NL","2022-09-14",26,51448
"NL","2022-09-15",14,51462
"NL","2022-09-16",32,51494
"NL","2022-09-17",29,51523
"NL","2022-09-18",11,51534
"NL","2022-09-19",14,51548
"NL","2022-09-20",34,51582
"NL","2022-09-21",10,51592
"NL","2022-09-22",34,51626
"NL","2022-09-23",21,51647
"NL","2022-09-24",39,51686
"NL","2022-09-25",18,51704
"NL","2022-09-26",14,51718
"NL","2022-09-27",39,51757
"NL","2022-09-28",32,51789
"NL","2022-09-29",39,51828
"NL","2022-09-30",41,51869
"NL","2022-10-01",33,51902
"NL","2022-10-02",9,51911
"NL","2022-10-03",18,51929
"NL","2022-10-04",32,51961
"NL","2022-10-05",21,51982
"NL","2022-10-06",23,52005
"NL","2022-10-07",27,52032
"NL","2022-10-08",26,52058
"NL","2022-10-09",35,52093
"NL","2022-10-10",16,52109
"NL","2022-10-11",20,52129
"NL","2022-10-12",26,52155
"NL","2022-10-13",61,52216
"NL","2022-10-14",41,52257
"NL","2022-10-15",27,52284
"NL","2022-10-16",16,52300
"NL","2022-10-17",9,52309
"NL","2022-10-18",31,52340
"NL","2022-10-19",39,52379
"NL","2022-10-20",51,52430
"NL","2022-10-21",39,52469
"NL","2022-10-22",33,52502
"NL","2022-10-23",19,52521
"NL","2022-10-24",21,52542
"NL","2022-10-25",48,52590
"NL","2022-10-26",37,52627
"NL","2022-10-27",37,52664
"NL","2022-10-28",58,52722
"NL","2022-10-29",30,52752
"NL","2022-10-30",24,52776
"NL","2022-10-31",15,52791
"NL","2022-11-01",23,52814
"NL","2022-11-02",20,52834
"NL","2022-11-03",31,52865
"NL","2022-11-04",13,52878
"NL","2022-11-05",47,52925
"NL","2022-11-06",8,52933
"NL","2022-11-07",16,52949
"NL","2022-11-08",26,52975
"NL","2022-11-09",44,53019
"NL","2022-11-10",30,53049
"NL","2022-11-11",20,53069
"NL","2022-11-12",37,53106
"NL","2022-11-13",10,53116
"NL","2022-11-14",12,53128
"NL","2022-11-15",19,53147
"NL","2022-11-16",49,53196
"NL","2022-11-17",29,53225
"NL","2022-11-18",19,53244
"NL","2022-11-19",19,53263
"NL","2022-11-20",27,53290
"NL","2022-11-21",15,53305
"NL","2022-11-22",19,53324
"NL","2022-11-23",21,53345
"NL","2022-11-24",38,53383
"NL","2022-11-25",29,53412
"NL","2022-11-26",17,53429
"NL","2022-11-27",15,53444
"NL","2022-11-28",13,53457
"NL","2022-11-29",22,53479
"NL","2022-11-30",28,53507
"NL","2022-12-01",38,53545
"NL","2022-12-02",31,53576
"NL","2022-12-03",27,53603
"NL","2022-12-04",15,53618
"NL","2022-12-05",15,53633
"NL","2022-12-06",25,53658
"NL","2022-12-07",22,53680
"NL","2022-12-08",20,53700
"NL","2022-12-09",29,53729
"NL","2022-12-10",25,53754
"NL","2022-12-11",14,53768
"NL","2022-12-12",14,53782
"NL","2022-12-13",22,53804
"NL","2022-12-14",21,53825
"NL","2022-12-15",17,53842
"NL","2022-12-16",25,53867
"NL","2022-12-17",18,53885
"NL","2022-12-18",9,53894
"NL","2022-12-19",15,53909
"NL","2022-12-20",9,53918
"NL","2022-12-21",21,53939
"NL","2022-12-22",21,53960
"NL","2022-12-23",9,53969
"NL","2022-12-24",14,53983
"NL","2022-12-25",6,53989
"NL","2022-12-26",14,54003
"NL","2022-12-27",12,54015
"NL","2022-12-28",20,54035
"NL","2022-12-29",30,54065
"NL","2022-12-30",9,54074
"NL","2022-12-31",14,54088
"NL","2023-01-01",11,54099
"NL","2023-01-02",9,54108
"NL","2023-01-03",23,54131
"NL","2023-01-04",23,54154
"NL","2023-01-05",25,54179
"NL","2023-01-06",24,54203
"NL","2023-01-07",27,54230
"NL","2023-01-08",12,54242
"NL","2023-01-09",10,54252
"NL","2023-01-10",20,54272
"NL","2023-01-11",14,54286
"NL","2023-01-12",11,54297
"NL","2023-01-13",8,54305
"NL","2023-01-14",2,54307
"NL","2023-01-15",5,54312
"NL","2023-01-16",12,54324
"NL","2023-01-17",13,54337
"NL","2023-01-18",12,54349
"NL","2023-01-19",13,54362
"NL","2023-01-20",15,54377
"NL","2023-01-21",10,54387
"NL","2023-01-22",6,54393
"NL","2023-01-23",8,54401
"NL","2023-01-24",14,54415
"NL","2023-01-25",7,54422
"NL","2023-01-26",9,54431
"NL","2023-01-27",9,54440
"NL","2023-01-28",8,54448
"NL","2023-01-29",8,54456
"NL","2023-01-30",7,54463
"NL","2023-01-31",6,54469
"NL","2023-02-01",10,54479
"NL","2023-02-02",9,54488
"NL","2023-02-03",6,54494
"NL","2023-02-04",14,54508
"NL","2023-02-05",4,54512
"NL","2023-02-06",5,54517
"NL","2023-02-07",10,54527
"NL","2023-02-08",7,54534
"NL","2023-02-09",9,54543
"NL","2023-02-10",10,54553
"NL","2023-02-11",5,54558
"NL","2023-02-12",10,54568
"NL","2023-02-13",4,54572
"NL","2023-02-14",8,54580
"NL","2023-02-15",5,54585
"NL","2023-02-16",16,54601
"NL","2023-02-17",13,54614
"NL","2023-02-18",7,54621
"NL","2023-02-19",9,54630
"NL","2023-02-20",15,54645
"NL","2023-02-21",29,54674
"NL","2023-02-22",10,54684
"NL","2023-02-23",19,54703
"NL","2023-02-24",20,54723
"NL","2023-02-25",9,54732
"NL","2023-02-26",5,54737
"NL","2023-02-27",7,54744
"NL","2023-02-28",11,54755
"NL","2023-03-01",9,54764
"NL","2023-03-02",16,54780
"NL","2023-03-03",9,54789
"NL","2023-03-04",10,54799
"NL","2023-03-05",14,54813
"NL","2023-03-06",13,54826
"NL","2023-03-07",11,54837
"NL","2023-03-08",8,54845
"NL","2023-03-09",11,54856
"NL","2023-03-10",10,54866
"NL","2023-03-11",6,54872
"NL","2023-03-12",6,54878
"NL","2023-03-13",7,54885
"NL","2023-03-14",11,54896
"NL","2023-03-15",7,54903
"NL","2023-03-16",8,54911
"NL","2023-03-17",4,54915
"NL","2023-03-18",14,54929
"NL","2023-03-19",9,54938
"NL","2023-03-20",7,54945
"NL","2023-03-21",8,54953
"NL","2023-03-22",4,54957
"NL","2023-03-23",7,54964
"NL","2023-03-24",3,54967
"NL","2023-03-25",7,54974
"NL","2023-03-26",6,54980
"NL","2023-03-27",9,54989
"NL","2023-03-28",7,54996
"NL","2023-03-29",27,55023
"NL","2023-03-30",5,55028
"NL","2023-03-31",13,55041
"NL","2023-04-01",8,55049
"NL","2023-04-02",8,55057
"NL","2023-04-03",6,55063
"NL","2023-04-04",18,55081
"NL","2023-04-05",3,55084
"NL","2023-04-06",8,55092
"NL","2023-04-07",15,55107
"NL","2023-04-08",8,55115
"NL","2023-04-09",5,55120
"NL","2023-04-10",11,55131
"NL","2023-04-11",16,55147
"NL","2023-04-12",9,55156
"NL","2023-04-13",8,55164
"NL","2023-04-14",14,55178
"NL","2023-04-15",6,55184
"NL","2023-04-16",5,55189
"NL","2023-04-17",9,55198
"NL","2023-04-18",8,55206
"NL","2023-04-19",8,55214
"NL","2023-04-20",16,55230
"NL","2023-04-21",4,55234
"NL","2023-04-22",2,55236
"NL","2023-04-23",4,55240
"NL","2023-04-24",7,55247
"NL","2023-04-25",6,55253
"NL","2023-04-26",10,55263
"NL","2023-04-27",9,55272
"NL","2023-04-28",6,55278
"NL","2023-04-29",2,55280
"NL","2023-04-30",4,55284
"NL","2023-05-01",10,55294
"NL","2023-05-02",10,55304
"NL","2023-05-03",5,55309
"NL","2023-05-04",8,55317
"NL","2023-05-05",15,55332
"NL","2023-05-06",3,55335
"NL","2023-05-07",5,55340
"NL","2023-05-08",7,55347
"NL","2023-05-09",5,55352
"NL","2023-05-10",9,55361
"NL","2023-05-11",6,55367
"NL","2023-05-12",10,55377
"NL","2023-05-13",2,55379
"NL","2023-05-14",4,55383
"NL","2023-05-15",3,55386
"NL","2023-05-16",1,55387
"NL","2023-05-17",5,55392
"NL","2023-05-18",6,55398
"NL","2023-05-19",11,55409
"NL","2023-05-20",1,55410
"NL","2023-05-21",0,55410
"NL","2023-05-22",1,55411
"NL","2023-05-23",6,55417
"NL","2023-05-24",11,55428
"NL","2023-05-25",9,55437
"NL","2023-05-26",1,55438
"NL","2023-05-27",5,55443
"NL","2023-05-28",3,55446
"NL","2023-05-29",3,55449
"NL","2023-05-30",3,55452
"NL","2023-05-31",6,55458
"NL","2023-06-01",6,55464
"NL","2023-06-02",5,55469
"NL","2023-06-03",3,55472
"NL","2023-06-04",10,55482
"NL","2023-06-05",3,55485
"NL","2023-06-06",6,55491
"NL","2023-06-07",8,55499
"NL","2023-06-08",14,55513
"NL","2023-06-09",6,55519
"NL","2023-06-10",5,55524
"NL","2023-06-11",4,55528
"NL","2023-06-12",6,55534
"NL","2023-06-13",4,55538
"NL","2023-06-14",7,55545
"NL","2023-06-15",8,55553
"NL","2023-06-16",7,55560
"NL","2023-06-17",1,55561
"NL","2023-06-18",3,55564
"NL","2023-06-19",4,55568
"NL","2023-06-20",9,55577
"NL","2023-06-21",13,55590
"NL","2023-06-22",12,55602
"NL","2023-06-23",18,55620
"NL","2023-06-24",2,55622
"NL","2023-06-25",4,55626
"NL","2023-06-26",6,55632
"NL","2023-06-27",7,55639
"NL","2023-06-28",2,55641
"NL","2023-06-29",3,55644
"NL","2023-06-30",5,55649
"NL","2023-07-01",4,55653
"NL","2023-07-02",3,55656
"NL","2023-07-03",2,55658
"NL","2023-07-04",5,55663
"NL","2023-07-05",7,55670
"NL","2023-07-06",8,55678
"NL","2023-07-07",3,55681
"NL","2023-07-08",6,55687
"NL","2023-07-09",2,55689
"NL","2023-07-10",15,55704
"NL","2023-07-11",11,55715
"NL","2023-07-12",3,55718
"NL","2023-07-13",8,55726
"NL","2023-07-14",3,55729
"NL","2023-07-15",1,55730
"NL","2023-07-16",3,55733
"NL","2023-07-17",7,55740
"NL","2023-07-18",3,55743
"NL","2023-07-19",1,55744
"NL","2023-07-20",4,55748
"NL","2023-07-21",4,55752
"NL","2023-07-22",3,55755
"NL","2023-07-23",3,55758
"NL","2023-07-24",4,55762
"NL","2023-07-25",4,55766
"NL","2023-07-26",3,55769
"NL","2023-07-27",3,55772
"NL","2023-07-28",3,55775
"NL","2023-07-29",2,55777
"NL","2023-07-30",2,55779
"NL","2023-07-31",2,55781
"NL","2023-08-01",3,55784
"NL","2023-08-02",1,55785
"NL","2023-08-03",2,55787
"NL","2023-08-04",9,55796
"NL","2023-08-05",2,55798
"NL","2023-08-06",3,55801
"NL","2023-08-07",3,55804
"NL","2023-08-08",9,55813
"NL","2023-08-09",7,55820
"NL","2023-08-10",2,55822
"NL","2023-08-11",4,55826
"NL","2023-08-12",0,55826
"NL","2023-08-13",8,55834
"NL","2023-08-14",3,55837
"NL","2023-08-15",4,55841
"NL","2023-08-16",4,55845
"NL","2023-08-17",5,55850
"NL","2023-08-18",4,55854
"NL","2023-08-19",5,55859
"NL","2023-08-20",1,55860
"NL","2023-08-21",3,55863
"NL","2023-08-22",7,55870
"NL","2023-08-23",7,55877
"NL","2023-08-24",7,55884
"NL","2023-08-25",9,55893
"NL","2023-08-26",3,55896
"NL","2023-08-27",1,55897
"NL","2023-08-28",7,55904
"NL","2023-08-29",16,55920
"NL","2023-08-30",11,55931
"NL","2023-08-31",13,55944
"NL","2023-09-01",10,55954
"NL","2023-09-02",4,55958
"NL","2023-09-03",2,55960
"NL","2023-09-04",6,55966
"NL","2023-09-05",12,55978
"NL","2023-09-06",14,55992
"NL","2023-09-07",11,56003
"NL","2023-09-08",9,56012
"NL","2023-09-09",6,56018
"NL","2023-09-10",5,56023
"NL","2023-09-11",11,56034
"NL","2023-09-12",6,56040
"NL","2023-09-13",12,56052
"NL","2023-09-14",13,56065
"NL","2023-09-15",10,56075
"NL","2023-09-16",4,56079
"NL","2023-09-17",2,56081
"NL","2023-09-18",9,56090
"NL","2023-09-19",12,56102
"NL","2023-09-20",6,56108
"NL","2023-09-21",12,56120
"NL","2023-09-22",12,56132
"NL","2023-09-23",2,56134
"NL","2023-09-24",4,56138
"NL","2023-09-25",11,56149
"NL","2023-09-26",12,56161
"NL","2023-09-27",23,56184
"NL","2023-09-28",7,56191
"NL","2023-09-29",9,56200
"NL","2023-09-30",4,56204
"NL","2023-10-01",6,56210
"NL","2023-10-02",8,56218
"NL","2023-10-03",7,56225
"NL","2023-10-04",14,56239
"NL","2023-10-05",24,56263
"NL","2023-10-06",21,56284
"NL","2023-10-07",6,56290
"NL","2023-10-08",16,56306
"NL","2023-10-09",8,56314
"NL","2023-10-10",17,56331
"NL","2023-10-11",18,56349
"NL","2023-10-12",20,56369
"NL","2023-10-13",13,56382
"NL","2023-10-14",7,56389
"NL","2023-10-15",5,56394
"NL","2023-10-16",15,56409
"NL","2023-10-17",16,56425
"NL","2023-10-18",17,56442
"NL","2023-10-19",11,56453
"NL","2023-10-20",14,56467
"NL","2023-10-21",5,56472
"NL","2023-10-22",0,56472
"NL","2023-10-23",0,56472
"NL","2023-10-24",0,56472
"NL","2023-10-25",0,56472
"NL","2023-10-26",0,56472
"NL","2023-10-27",0,56472
"NL","2023-10-28",75,56547
"NL","2023-10-29",0,56547
"NL","2023-10-30",0,56547
"NL","2023-10-31",0,56547
"NL","2023-11-01",0,56547
"NL","2023-11-02",0,56547
"NL","2023-11-03",0,56547
"NL","2023-11-04",76,56623
"NL","2023-11-05",0,56623
"NL","2023-11-06",0,56623
"NL","2023-11-07",0,56623
"NL","2023-11-08",0,56623
"NL","2023-11-09",0,56623
"NL","2023-11-10",0,56623
"NL","2023-11-11",94,56717
"NL","2023-11-12",0,56717
"NL","2023-11-13",0,56717
"NL","2023-11-14",0,56717
"NL","2023-11-15",0,56717
"NL","2023-11-16",0,56717
"NL","2023-11-17",0,56717
"NL","2023-11-18",101,56818
"NL","2023-11-19",0,56818
"NL","2023-11-20",0,56818
"NL","2023-11-21",0,56818
"NL","2023-11-22",0,56818
"NL","2023-11-23",0,56818
"NL","2023-11-24",0,56818
"NL","2023-11-25",136,56954
"NL","2023-11-26",0,56954
"NL","2023-11-27",0,56954
"NL","2023-11-28",0,56954
"NL","2023-11-29",0,56954
"NL","2023-11-30",0,56954
"NL","2023-12-01",0,56954
"NL","2023-12-02",133,57087
"NL","2023-12-03",0,57087
"NL","2023-12-04",0,57087
"NL","2023-12-05",0,57087
"NL","2023-12-06",0,57087
"NL","2023-12-07",0,57087
"NL","2023-12-08",0,57087
"NL","2023-12-09",119,57206
"NL","2023-12-10",0,57206
"NL","2023-12-11",0,57206
"NL","2023-12-12",0,57206
"NL","2023-12-13",0,57206
"NL","2023-12-14",0,57206
"NL","2023-12-15",0,57206
"NL","2023-12-16",116,57322
"NL","2023-12-17",0,57322
"NL","2023-12-18",0,57322
"NL","2023-12-19",0,57322
"NL","2023-12-20",0,57322
"NL","2023-12-21",0,57322
"NL","2023-12-22",0,57322
"NL","2023-12-23",103,57425
"NL","2023-12-24",0,57425
"NL","2023-12-25",0,57425
"NL","2023-12-26",0,57425
"NL","2023-12-27",0,57425
"NL","2023-12-28",0,57425
"NL","2023-12-29",0,57425
"NL","2023-12-30",87,57512
"NS","2020-03-15",3,3
"NS","2020-03-16",2,5
"NS","2020-03-17",2,7
"NS","2020-03-18",5,12
"NS","2020-03-19",3,15
"NS","2020-03-20",1,16
"NS","2020-03-21",5,21
"NS","2020-03-22",8,29
"NS","2020-03-23",13,42
"NS","2020-03-24",10,52
"NS","2020-03-25",17,69
"NS","2020-03-26",5,74
"NS","2020-03-27",17,91
"NS","2020-03-28",21,112
"NS","2020-03-29",12,124
"NS","2020-03-30",5,129
"NS","2020-03-31",19,148
"NS","2020-04-01",25,173
"NS","2020-04-02",20,193
"NS","2020-04-03",14,207
"NS","2020-04-04",29,236
"NS","2020-04-05",26,262
"NS","2020-04-06",31,293
"NS","2020-04-07",17,310
"NS","2020-04-08",32,342
"NS","2020-04-09",31,373
"NS","2020-04-10",34,407
"NS","2020-04-11",21,428
"NS","2020-04-12",17,445
"NS","2020-04-13",29,474
"NS","2020-04-14",43,517
"NS","2020-04-15",32,549
"NS","2020-04-16",30,579
"NS","2020-04-17",27,606
"NS","2020-04-18",43,649
"NS","2020-04-19",26,675
"NS","2020-04-20",46,721
"NS","2020-04-21",16,737
"NS","2020-04-22",35,772
"NS","2020-04-23",55,827
"NS","2020-04-24",23,850
"NS","2020-04-25",15,865
"NS","2020-04-26",8,873
"NS","2020-04-27",27,900
"NS","2020-04-28",15,915
"NS","2020-04-29",20,935
"NS","2020-04-30",12,947
"NS","2020-05-01",12,959
"NS","2020-05-02",4,963
"NS","2020-05-03",8,971
"NS","2020-05-04",14,985
"NS","2020-05-05",6,991
"NS","2020-05-06",7,998
"NS","2020-05-07",9,1007
"NS","2020-05-08",1,1008
"NS","2020-05-09",3,1011
"NS","2020-05-10",7,1018
"NS","2020-05-11",1,1019
"NS","2020-05-12",1,1020
"NS","2020-05-13",4,1024
"NS","2020-05-14",2,1026
"NS","2020-05-15",8,1034
"NS","2020-05-16",3,1037
"NS","2020-05-17",3,1040
"NS","2020-05-18",3,1043
"NS","2020-05-19",1,1044
"NS","2020-05-20",1,1045
"NS","2020-05-21",1,1046
"NS","2020-05-22",1,1047
"NS","2020-05-23",1,1048
"NS","2020-05-24",1,1049
"NS","2020-05-25",1,1050
"NS","2020-05-26",2,1052
"NS","2020-05-27",1,1053
"NS","2020-05-28",2,1055
"NS","2020-05-29",0,1055
"NS","2020-05-30",1,1056
"NS","2020-05-31",0,1056
"NS","2020-06-01",1,1057
"NS","2020-06-02",0,1057
"NS","2020-06-03",1,1058
"NS","2020-06-04",0,1058
"NS","2020-06-05",0,1058
"NS","2020-06-06",1,1059
"NS","2020-06-07",1,1060
"NS","2020-06-08",0,1060
"NS","2020-06-09",1,1061
"NS","2020-06-10",0,1061
"NS","2020-06-11",0,1061
"NS","2020-06-12",0,1061
"NS","2020-06-13",0,1061
"NS","2020-06-14",0,1061
"NS","2020-06-15",0,1061
"NS","2020-06-16",0,1061
"NS","2020-06-17",0,1061
"NS","2020-06-18",0,1061
"NS","2020-06-19",0,1061
"NS","2020-06-20",0,1061
"NS","2020-06-21",0,1061
"NS","2020-06-22",0,1061
"NS","2020-06-23",0,1061
"NS","2020-06-24",0,1061
"NS","2020-06-25",0,1061
"NS","2020-06-26",0,1061
"NS","2020-06-27",0,1061
"NS","2020-06-28",0,1061
"NS","2020-06-29",0,1061
"NS","2020-06-30",1,1062
"NS","2020-07-01",1,1063
"NS","2020-07-02",1,1064
"NS","2020-07-03",0,1064
"NS","2020-07-04",0,1064
"NS","2020-07-05",0,1064
"NS","2020-07-06",1,1065
"NS","2020-07-07",0,1065
"NS","2020-07-08",1,1066
"NS","2020-07-09",0,1066
"NS","2020-07-10",0,1066
"NS","2020-07-11",0,1066
"NS","2020-07-12",0,1066
"NS","2020-07-13",0,1066
"NS","2020-07-14",0,1066
"NS","2020-07-15",1,1067
"NS","2020-07-16",0,1067
"NS","2020-07-17",0,1067
"NS","2020-07-18",0,1067
"NS","2020-07-19",0,1067
"NS","2020-07-20",0,1067
"NS","2020-07-21",0,1067
"NS","2020-07-22",0,1067
"NS","2020-07-23",0,1067
"NS","2020-07-24",0,1067
"NS","2020-07-25",0,1067
"NS","2020-07-26",0,1067
"NS","2020-07-27",0,1067
"NS","2020-07-28",0,1067
"NS","2020-07-29",0,1067
"NS","2020-07-30",0,1067
"NS","2020-07-31",2,1069
"NS","2020-08-01",0,1069
"NS","2020-08-02",2,1071
"NS","2020-08-03",0,1071
"NS","2020-08-04",0,1071
"NS","2020-08-05",0,1071
"NS","2020-08-06",0,1071
"NS","2020-08-07",0,1071
"NS","2020-08-08",0,1071
"NS","2020-08-09",0,1071
"NS","2020-08-10",0,1071
"NS","2020-08-11",0,1071
"NS","2020-08-12",0,1071
"NS","2020-08-13",0,1071
"NS","2020-08-14",1,1072
"NS","2020-08-15",2,1074
"NS","2020-08-16",0,1074
"NS","2020-08-17",1,1075
"NS","2020-08-18",0,1075
"NS","2020-08-19",1,1076
"NS","2020-08-20",1,1077
"NS","2020-08-21",0,1077
"NS","2020-08-22",1,1078
"NS","2020-08-23",2,1080
"NS","2020-08-24",0,1080
"NS","2020-08-25",0,1080
"NS","2020-08-26",1,1081
"NS","2020-08-27",0,1081
"NS","2020-08-28",2,1083
"NS","2020-08-29",0,1083
"NS","2020-08-30",0,1083
"NS","2020-08-31",2,1085
"NS","2020-09-01",0,1085
"NS","2020-09-02",0,1085
"NS","2020-09-03",0,1085
"NS","2020-09-04",0,1085
"NS","2020-09-05",0,1085
"NS","2020-09-06",0,1085
"NS","2020-09-07",1,1086
"NS","2020-09-08",0,1086
"NS","2020-09-09",0,1086
"NS","2020-09-10",0,1086
"NS","2020-09-11",0,1086
"NS","2020-09-12",0,1086
"NS","2020-09-13",0,1086
"NS","2020-09-14",0,1086
"NS","2020-09-15",0,1086
"NS","2020-09-16",0,1086
"NS","2020-09-17",0,1086
"NS","2020-09-18",0,1086
"NS","2020-09-19",0,1086
"NS","2020-09-20",0,1086
"NS","2020-09-21",0,1086
"NS","2020-09-22",1,1087
"NS","2020-09-23",0,1087
"NS","2020-09-24",0,1087
"NS","2020-09-25",0,1087
"NS","2020-09-26",0,1087
"NS","2020-09-27",0,1087
"NS","2020-09-28",0,1087
"NS","2020-09-29",0,1087
"NS","2020-09-30",1,1088
"NS","2020-10-01",0,1088
"NS","2020-10-02",1,1089
"NS","2020-10-03",0,1089
"NS","2020-10-04",0,1089
"NS","2020-10-05",0,1089
"NS","2020-10-06",0,1089
"NS","2020-10-07",0,1089
"NS","2020-10-08",0,1089
"NS","2020-10-09",0,1089
"NS","2020-10-10",3,1092
"NS","2020-10-11",0,1092
"NS","2020-10-12",0,1092
"NS","2020-10-13",0,1092
"NS","2020-10-14",0,1092
"NS","2020-10-15",0,1092
"NS","2020-10-16",1,1093
"NS","2020-10-17",2,1095
"NS","2020-10-18",2,1097
"NS","2020-10-19",0,1097
"NS","2020-10-20",0,1097
"NS","2020-10-21",0,1097
"NS","2020-10-22",0,1097
"NS","2020-10-23",0,1097
"NS","2020-10-24",3,1100
"NS","2020-10-25",0,1100
"NS","2020-10-26",1,1101
"NS","2020-10-27",1,1102
"NS","2020-10-28",0,1102
"NS","2020-10-29",0,1102
"NS","2020-10-30",2,1104
"NS","2020-10-31",5,1109
"NS","2020-11-01",2,1111
"NS","2020-11-02",2,1113
"NS","2020-11-03",1,1114
"NS","2020-11-04",4,1118
"NS","2020-11-05",1,1119
"NS","2020-11-06",2,1121
"NS","2020-11-07",4,1125
"NS","2020-11-08",3,1128
"NS","2020-11-09",1,1129
"NS","2020-11-10",3,1132
"NS","2020-11-11",2,1134
"NS","2020-11-12",0,1134
"NS","2020-11-13",2,1136
"NS","2020-11-14",6,1142
"NS","2020-11-15",2,1144
"NS","2020-11-16",2,1146
"NS","2020-11-17",5,1151
"NS","2020-11-18",3,1154
"NS","2020-11-19",1,1155
"NS","2020-11-20",5,1160
"NS","2020-11-21",8,1168
"NS","2020-11-22",11,1179
"NS","2020-11-23",11,1190
"NS","2020-11-24",37,1227
"NS","2020-11-25",16,1243
"NS","2020-11-26",14,1257
"NS","2020-11-27",8,1265
"NS","2020-11-28",14,1279
"NS","2020-11-29",10,1289
"NS","2020-11-30",16,1305
"NS","2020-12-01",10,1315
"NS","2020-12-02",17,1332
"NS","2020-12-03",11,1343
"NS","2020-12-04",15,1358
"NS","2020-12-05",6,1364
"NS","2020-12-06",4,1368
"NS","2020-12-07",8,1376
"NS","2020-12-08",7,1383
"NS","2020-12-09",6,1389
"NS","2020-12-10",4,1393
"NS","2020-12-11",9,1402
"NS","2020-12-12",7,1409
"NS","2020-12-13",6,1415
"NS","2020-12-14",5,1420
"NS","2020-12-15",6,1426
"NS","2020-12-16",4,1430
"NS","2020-12-17",6,1436
"NS","2020-12-18",5,1441
"NS","2020-12-19",2,1443
"NS","2020-12-20",2,1445
"NS","2020-12-21",2,1447
"NS","2020-12-22",7,1454
"NS","2020-12-23",4,1458
"NS","2020-12-24",7,1465
"NS","2020-12-25",0,1465
"NS","2020-12-26",9,1474
"NS","2020-12-27",3,1477
"NS","2020-12-28",1,1478
"NS","2020-12-29",2,1480
"NS","2020-12-30",3,1483
"NS","2020-12-31",3,1486
"NS","2021-01-01",11,1497
"NS","2021-01-02",2,1499
"NS","2021-01-03",2,1501
"NS","2021-01-04",4,1505
"NS","2021-01-05",3,1508
"NS","2021-01-06",12,1520
"NS","2021-01-07",3,1523
"NS","2021-01-08",2,1525
"NS","2021-01-09",3,1528
"NS","2021-01-10",0,1528
"NS","2021-01-11",5,1533
"NS","2021-01-12",1,1534
"NS","2021-01-13",8,1542
"NS","2021-01-14",6,1548
"NS","2021-01-15",2,1550
"NS","2021-01-16",4,1554
"NS","2021-01-17",3,1557
"NS","2021-01-18",0,1557
"NS","2021-01-19",4,1561
"NS","2021-01-20",3,1564
"NS","2021-01-21",1,1565
"NS","2021-01-22",5,1570
"NS","2021-01-23",0,1570
"NS","2021-01-24",1,1571
"NS","2021-01-25",0,1571
"NS","2021-01-26",1,1572
"NS","2021-01-27",4,1576
"NS","2021-01-28",0,1576
"NS","2021-01-29",1,1577
"NS","2021-01-30",3,1580
"NS","2021-01-31",0,1580
"NS","2021-02-01",1,1581
"NS","2021-02-02",1,1582
"NS","2021-02-03",1,1583
"NS","2021-02-04",1,1584
"NS","2021-02-05",0,1584
"NS","2021-02-06",0,1584
"NS","2021-02-07",1,1585
"NS","2021-02-08",1,1586
"NS","2021-02-09",1,1587
"NS","2021-02-10",1,1588
"NS","2021-02-11",2,1590
"NS","2021-02-12",0,1590
"NS","2021-02-13",2,1592
"NS","2021-02-14",1,1593
"NS","2021-02-15",1,1594
"NS","2021-02-16",3,1597
"NS","2021-02-17",3,1600
"NS","2021-02-18",2,1602
"NS","2021-02-19",2,1604
"NS","2021-02-20",4,1608
"NS","2021-02-21",1,1609
"NS","2021-02-22",1,1610
"NS","2021-02-23",3,1613
"NS","2021-02-24",3,1616
"NS","2021-02-25",8,1624
"NS","2021-02-26",10,1634
"NS","2021-02-27",4,1638
"NS","2021-02-28",3,1641
"NS","2021-03-01",1,1642
"NS","2021-03-02",1,1643
"NS","2021-03-03",3,1646
"NS","2021-03-04",3,1649
"NS","2021-03-05",2,1651
"NS","2021-03-06",6,1657
"NS","2021-03-07",2,1659
"NS","2021-03-08",0,1659
"NS","2021-03-09",5,1664
"NS","2021-03-10",1,1665
"NS","2021-03-11",0,1665
"NS","2021-03-12",0,1665
"NS","2021-03-13",4,1669
"NS","2021-03-14",1,1670
"NS","2021-03-15",0,1670
"NS","2021-03-16",2,1672
"NS","2021-03-17",2,1674
"NS","2021-03-18",3,1677
"NS","2021-03-19",3,1680
"NS","2021-03-20",2,1682
"NS","2021-03-21",6,1688
"NS","2021-03-22",2,1690
"NS","2021-03-23",1,1691
"NS","2021-03-24",5,1696
"NS","2021-03-25",3,1699
"NS","2021-03-26",5,1704
"NS","2021-03-27",5,1709
"NS","2021-03-28",2,1711
"NS","2021-03-29",0,1711
"NS","2021-03-30",3,1714
"NS","2021-03-31",2,1716
"NS","2021-04-01",3,1719
"NS","2021-04-02",9,1728
"NS","2021-04-03",4,1732
"NS","2021-04-04",7,1739
"NS","2021-04-05",2,1741
"NS","2021-04-06",6,1747
"NS","2021-04-07",2,1749
"NS","2021-04-08",5,1754
"NS","2021-04-09",2,1756
"NS","2021-04-10",7,1763
"NS","2021-04-11",5,1768
"NS","2021-04-12",7,1775
"NS","2021-04-13",6,1781
"NS","2021-04-14",2,1783
"NS","2021-04-15",3,1786
"NS","2021-04-16",6,1792
"NS","2021-04-17",8,1800
"NS","2021-04-18",7,1807
"NS","2021-04-19",15,1822
"NS","2021-04-20",9,1831
"NS","2021-04-21",25,1856
"NS","2021-04-22",38,1894
"NS","2021-04-23",44,1938
"NS","2021-04-24",52,1990
"NS","2021-04-25",63,2053
"NS","2021-04-26",66,2119
"NS","2021-04-27",96,2215
"NS","2021-04-28",75,2290
"NS","2021-04-29",70,2360
"NS","2021-04-30",67,2427
"NS","2021-05-01",148,2575
"NS","2021-05-02",133,2708
"NS","2021-05-03",146,2854
"NS","2021-05-04",153,3007
"NS","2021-05-05",175,3182
"NS","2021-05-06",182,3364
"NS","2021-05-07",227,3591
"NS","2021-05-08",163,3754
"NS","2021-05-09",165,3919
"NS","2021-05-10",121,4040
"NS","2021-05-11",118,4158
"NS","2021-05-12",149,4307
"NS","2021-05-13",110,4417
"NS","2021-05-14",117,4534
"NS","2021-05-15",86,4620
"NS","2021-05-16",126,4746
"NS","2021-05-17",91,4837
"NS","2021-05-18",90,4927
"NS","2021-05-19",83,5010
"NS","2021-05-20",65,5075
"NS","2021-05-21",84,5159
"NS","2021-05-22",64,5223
"NS","2021-05-23",74,5297
"NS","2021-05-24",49,5346
"NS","2021-05-25",54,5400
"NS","2021-05-26",37,5437
"NS","2021-05-27",33,5470
"NS","2021-05-28",40,5510
"NS","2021-05-29",33,5543
"NS","2021-05-30",20,5563
"NS","2021-05-31",17,5580
"NS","2021-06-01",12,5592
"NS","2021-06-02",17,5609
"NS","2021-06-03",25,5634
"NS","2021-06-04",15,5649
"NS","2021-06-05",18,5667
"NS","2021-06-06",12,5679
"NS","2021-06-07",14,5693
"NS","2021-06-08",17,5710
"NS","2021-06-09",13,5723
"NS","2021-06-10",15,5738
"NS","2021-06-11",8,5746
"NS","2021-06-12",10,5756
"NS","2021-06-13",8,5764
"NS","2021-06-14",8,5772
"NS","2021-06-15",4,5776
"NS","2021-06-16",8,5784
"NS","2021-06-17",14,5798
"NS","2021-06-18",11,5809
"NS","2021-06-19",6,5815
"NS","2021-06-20",2,5817
"NS","2021-06-21",0,5817
"NS","2021-06-22",2,5819
"NS","2021-06-23",0,5819
"NS","2021-06-24",5,5824
"NS","2021-06-25",16,5840
"NS","2021-06-26",11,5851
"NS","2021-06-27",3,5854
"NS","2021-06-28",4,5858
"NS","2021-06-29",1,5859
"NS","2021-06-30",4,5863
"NS","2021-07-01",4,5867
"NS","2021-07-02",2,5869
"NS","2021-07-03",8,5877
"NS","2021-07-04",3,5880
"NS","2021-07-05",1,5881
"NS","2021-07-06",7,5888
"NS","2021-07-07",1,5889
"NS","2021-07-08",2,5891
"NS","2021-07-09",1,5892
"NS","2021-07-10",1,5893
"NS","2021-07-11",4,5897
"NS","2021-07-12",1,5898
"NS","2021-07-13",1,5899
"NS","2021-07-14",0,5899
"NS","2021-07-15",0,5899
"NS","2021-07-16",0,5899
"NS","2021-07-17",0,5899
"NS","2021-07-18",3,5902
"NS","2021-07-19",0,5902
"NS","2021-07-20",-4,5898
"NS","2021-07-21",7,5905
"NS","2021-07-22",0,5905
"NS","2021-07-23",2,5907
"NS","2021-07-24",-4,5903
"NS","2021-07-25",-4,5899
"NS","2021-07-26",1,5900
"NS","2021-07-27",2,5902
"NS","2021-07-28",0,5902
"NS","2021-07-29",1,5903
"NS","2021-07-30",1,5904
"NS","2021-07-31",-4,5900
"NS","2021-08-01",-4,5896
"NS","2021-08-02",-4,5892
"NS","2021-08-03",6,5898
"NS","2021-08-04",2,5900
"NS","2021-08-05",4,5904
"NS","2021-08-06",1,5905
"NS","2021-08-07",-4,5901
"NS","2021-08-08",-4,5897
"NS","2021-08-09",7,5904
"NS","2021-08-10",1,5905
"NS","2021-08-11",3,5908
"NS","2021-08-12",7,5915
"NS","2021-08-13",2,5917
"NS","2021-08-14",-4,5913
"NS","2021-08-15",-4,5909
"NS","2021-08-16",9,5918
"NS","2021-08-17",1,5919
"NS","2021-08-18",9,5928
"NS","2021-08-19",8,5936
"NS","2021-08-20",10,5946
"NS","2021-08-21",-4,5942
"NS","2021-08-22",-4,5938
"NS","2021-08-23",17,5955
"NS","2021-08-24",11,5966
"NS","2021-08-25",7,5973
"NS","2021-08-26",1,5974
"NS","2021-08-27",9,5983
"NS","2021-08-28",-4,5979
"NS","2021-08-29",-4,5975
"NS","2021-08-30",31,6006
"NS","2021-08-31",3,6009
"NS","2021-09-01",7,6016
"NS","2021-09-02",5,6021
"NS","2021-09-03",5,6026
"NS","2021-09-04",-4,6022
"NS","2021-09-05",-4,6018
"NS","2021-09-06",-4,6014
"NS","2021-09-07",29,6043
"NS","2021-09-08",14,6057
"NS","2021-09-09",17,6074
"NS","2021-09-10",11,6085
"NS","2021-09-11",-4,6081
"NS","2021-09-12",-4,6077
"NS","2021-09-13",73,6150
"NS","2021-09-14",66,6216
"NS","2021-09-15",6,6222
"NS","2021-09-16",34,6256
"NS","2021-09-17",18,6274
"NS","2021-09-18",-4,6270
"NS","2021-09-19",-4,6266
"NS","2021-09-20",55,6321
"NS","2021-09-21",25,6346
"NS","2021-09-22",19,6365
"NS","2021-09-23",41,6406
"NS","2021-09-24",34,6440
"NS","2021-09-25",-4,6436
"NS","2021-09-26",-4,6432
"NS","2021-09-27",83,6515
"NS","2021-09-28",32,6547
"NS","2021-09-29",41,6588
"NS","2021-09-30",-4,6584
"NS","2021-10-01",77,6661
"NS","2021-10-02",-4,6657
"NS","2021-10-03",-4,6653
"NS","2021-10-04",86,6739
"NS","2021-10-05",40,6779
"NS","2021-10-06",25,6804
"NS","2021-10-07",30,6834
"NS","2021-10-08",25,6859
"NS","2021-10-09",-4,6855
"NS","2021-10-10",-4,6851
"NS","2021-10-11",-4,6847
"NS","2021-10-12",99,6946
"NS","2021-10-13",24,6970
"NS","2021-10-14",26,6996
"NS","2021-10-15",18,7014
"NS","2021-10-16",-4,7010
"NS","2021-10-17",-4,7006
"NS","2021-10-18",72,7078
"NS","2021-10-19",12,7090
"NS","2021-10-20",6,7096
"NS","2021-10-21",19,7115
"NS","2021-10-22",23,7138
"NS","2021-10-23",-4,7134
"NS","2021-10-24",-4,7130
"NS","2021-10-25",57,7187
"NS","2021-10-26",7,7194
"NS","2021-10-27",26,7220
"NS","2021-10-28",31,7251
"NS","2021-10-29",24,7275
"NS","2021-10-30",-4,7271
"NS","2021-10-31",-4,7267
"NS","2021-11-01",59,7326
"NS","2021-11-02",11,7337
"NS","2021-11-03",38,7375
"NS","2021-11-04",50,7425
"NS","2021-11-05",40,7465
"NS","2021-11-06",-4,7461
"NS","2021-11-07",-4,7457
"NS","2021-11-08",111,7568
"NS","2021-11-09",56,7624
"NS","2021-11-10",30,7654
"NS","2021-11-11",-4,7650
"NS","2021-11-12",70,7720
"NS","2021-11-13",-4,7716
"NS","2021-11-14",-4,7712
"NS","2021-11-15",99,7811
"NS","2021-11-16",31,7842
"NS","2021-11-17",20,7862
"NS","2021-11-18",22,7884
"NS","2021-11-19",27,7911
"NS","2021-11-20",-4,7907
"NS","2021-11-21",-4,7903
"NS","2021-11-22",60,7963
"NS","2021-11-23",29,7992
"NS","2021-11-24",20,8012
"NS","2021-11-25",22,8034
"NS","2021-11-26",28,8062
"NS","2021-11-27",-4,8058
"NS","2021-11-28",-4,8054
"NS","2021-11-29",59,8113
"NS","2021-11-30",61,8174
"NS","2021-12-01",35,8209
"NS","2021-12-02",40,8249
"NS","2021-12-03",20,8269
"NS","2021-12-04",-4,8265
"NS","2021-12-05",-4,8261
"NS","2021-12-06",45,8306
"NS","2021-12-07",22,8328
"NS","2021-12-08",34,8362
"NS","2021-12-09",52,8414
"NS","2021-12-10",123,8537
"NS","2021-12-11",129,8666
"NS","2021-12-12",111,8777
"NS","2021-12-13",114,8891
"NS","2021-12-14",127,9018
"NS","2021-12-15",178,9196
"NS","2021-12-16",287,9483
"NS","2021-12-17",394,9877
"NS","2021-12-18",426,10303
"NS","2021-12-19",476,10779
"NS","2021-12-20",485,11264
"NS","2021-12-21",522,11786
"NS","2021-12-22",537,12323
"NS","2021-12-23",689,13012
"NS","2021-12-24",611,13623
"NS","2021-12-25",569,14192
"NS","2021-12-26",578,14770
"NS","2021-12-27",581,15351
"NS","2021-12-28",561,15912
"NS","2021-12-29",586,16498
"NS","2021-12-30",511,17009
"NS","2021-12-31",618,17627
"NS","2022-01-01",709,18336
"NS","2022-01-02",1184,19520
"NS","2022-01-03",1020,20540
"NS","2022-01-04",1020,21560
"NS","2022-01-05",842,22402
"NS","2022-01-06",745,23147
"NS","2022-01-07",678,23825
"NS","2022-01-08",1145,24970
"NS","2022-01-09",837,25807
"NS","2022-01-10",816,26623
"NS","2022-01-11",616,27239
"NS","2022-01-12",837,28076
"NS","2022-01-13",542,28618
"NS","2022-01-14",891,29509
"NS","2022-01-15",627,30136
"NS","2022-01-16",696,30832
"NS","2022-01-17",495,31327
"NS","2022-01-18",415,31742
"NS","2022-01-19",527,32269
"NS","2022-01-20",696,32965
"NS","2022-01-21",601,33566
"NS","2022-01-22",502,34068
"NS","2022-01-23",503,34571
"NS","2022-01-24",362,34933
"NS","2022-01-25",492,35425
"NS","2022-01-26",346,35771
"NS","2022-01-27",366,36137
"NS","2022-01-28",620,36757
"NS","2022-01-29",503,37260
"NS","2022-01-30",425,37685
"NS","2022-01-31",256,37941
"NS","2022-02-01",274,38215
"NS","2022-02-02",395,38610
"NS","2022-02-03",401,39011
"NS","2022-02-04",594,39605
"NS","2022-02-05",382,39987
"NS","2022-02-06",349,40336
"NS","2022-02-07",313,40649
"NS","2022-02-08",219,40868
"NS","2022-02-09",365,41233
"NS","2022-02-10",365,41598
"NS","2022-02-11",389,41987
"NS","2022-02-12",309,42296
"NS","2022-02-13",243,42539
"NS","2022-02-14",158,42697
"NS","2022-02-15",226,42923
"NS","2022-02-16",223,43146
"NS","2022-02-17",242,43388
"NS","2022-02-18",320,43708
"NS","2022-02-19",200,43908
"NS","2022-02-20",214,44122
"NS","2022-02-21",0,44122
"NS","2022-02-22",263,44385
"NS","2022-02-23",200,44585
"NS","2022-02-24",187,44772
"NS","2022-02-25",170,44942
"NS","2022-02-26",322,45264
"NS","2022-02-27",322,45586
"NS","2022-02-28",243,45829
"NS","2022-03-01",217,46046
"NS","2022-03-02",362,46408
"NS","2022-03-03",421,46829
"NS","2022-03-04",294,47123
"NS","2022-03-05",296,47419
"NS","2022-03-06",286,47705
"NS","2022-03-07",453,48158
"NS","2022-03-08",397,48555
"NS","2022-03-09",458,49013
"NS","2022-03-10",391,49404
"NS","2022-03-11",397,49801
"NS","2022-03-12",318,50119
"NS","2022-03-13",322,50441
"NS","2022-03-14",493,50934
"NS","2022-03-15",468,51402
"NS","2022-03-16",505,51907
"NS","2022-03-17",445,52352
"NS","2022-03-18",512,52864
"NS","2022-03-19",433,53297
"NS","2022-03-20",435,53732
"NS","2022-03-21",658,54390
"NS","2022-03-22",671,55061
"NS","2022-03-23",724,55785
"NS","2022-03-24",619,56404
"NS","2022-03-25",604,57008
"NS","2022-03-26",505,57513
"NS","2022-03-27",554,58067
"NS","2022-03-28",906,58973
"NS","2022-03-29",987,59960
"NS","2022-03-30",1128,61088
"NS","2022-03-31",1005,62093
"NS","2022-04-01",1100,63193
"NS","2022-04-02",872,64065
"NS","2022-04-03",927,64992
"NS","2022-04-04",1005,65997
"NS","2022-04-05",1364,67361
"NS","2022-04-06",1319,68680
"NS","2022-04-07",1194,69874
"NS","2022-04-08",1206,71080
"NS","2022-04-09",950,72030
"NS","2022-04-10",898,72928
"NS","2022-04-11",1293,74221
"NS","2022-04-12",1229,75450
"NS","2022-04-13",1153,76603
"NS","2022-04-14",1019,77622
"NS","2022-04-15",826,78448
"NS","2022-04-16",784,79232
"NS","2022-04-17",691,79923
"NS","2022-04-18",1016,80939
"NS","2022-04-19",984,81923
"NS","2022-04-20",897,82820
"NS","2022-04-21",801,83621
"NS","2022-04-22",796,84417
"NS","2022-04-23",480,84897
"NS","2022-04-24",486,85383
"NS","2022-04-25",714,86097
"NS","2022-04-26",625,86722
"NS","2022-04-27",636,87358
"NS","2022-04-28",583,87941
"NS","2022-04-29",499,88440
"NS","2022-04-30",425,88865
"NS","2022-05-01",397,89262
"NS","2022-05-02",657,89919
"NS","2022-05-03",629,90548
"NS","2022-05-04",499,91047
"NS","2022-05-05",572,91619
"NS","2022-05-06",517,92136
"NS","2022-05-07",327,92463
"NS","2022-05-08",329,92792
"NS","2022-05-09",588,93380
"NS","2022-05-10",454,93834
"NS","2022-05-11",457,94291
"NS","2022-05-12",465,94756
"NS","2022-05-13",412,95168
"NS","2022-05-14",299,95467
"NS","2022-05-15",271,95738
"NS","2022-05-16",437,96175
"NS","2022-05-17",318,96493
"NS","2022-05-18",378,96871
"NS","2022-05-19",238,97109
"NS","2022-05-20",231,97340
"NS","2022-05-21",178,97518
"NS","2022-05-22",163,97681
"NS","2022-05-23",233,97914
"NS","2022-05-24",296,98210
"NS","2022-05-25",275,98485
"NS","2022-05-26",239,98724
"NS","2022-05-27",234,98958
"NS","2022-05-28",188,99146
"NS","2022-05-29",177,99323
"NS","2022-05-30",311,99634
"NS","2022-05-31",261,99895
"NS","2022-06-01",279,100174
"NS","2022-06-02",234,100408
"NS","2022-06-03",237,100645
"NS","2022-06-04",180,100825
"NS","2022-06-05",174,100999
"NS","2022-06-06",341,101340
"NS","2022-06-07",272,101612
"NS","2022-06-08",301,101913
"NS","2022-06-09",258,102171
"NS","2022-06-10",278,102449
"NS","2022-06-11",169,102618
"NS","2022-06-12",220,102838
"NS","2022-06-13",304,103142
"NS","2022-06-14",260,103402
"NS","2022-06-15",254,103656
"NS","2022-06-16",228,103884
"NS","2022-06-17",219,104103
"NS","2022-06-18",184,104287
"NS","2022-06-19",181,104468
"NS","2022-06-20",302,104770
"NS","2022-06-21",273,105043
"NS","2022-06-22",241,105284
"NS","2022-06-23",232,105516
"NS","2022-06-24",249,105765
"NS","2022-06-25",210,105975
"NS","2022-06-26",211,106186
"NS","2022-06-27",338,106524
"NS","2022-06-28",318,106842
"NS","2022-06-29",318,107160
"NS","2022-06-30",305,107465
"NS","2022-07-01",221,107686
"NS","2022-07-02",261,107947
"NS","2022-07-03",247,108194
"NS","2022-07-04",506,108700
"NS","2022-07-05",325,109025
"NS","2022-07-06",258,109283
"NS","2022-07-07",223,109506
"NS","2022-07-08",229,109735
"NS","2022-07-09",168,109903
"NS","2022-07-10",166,110069
"NS","2022-07-11",335,110404
"NS","2022-07-12",354,110758
"NS","2022-07-13",339,111097
"NS","2022-07-14",323,111420
"NS","2022-07-15",293,111713
"NS","2022-07-16",220,111933
"NS","2022-07-17",220,112153
"NS","2022-07-18",386,112539
"NS","2022-07-19",375,112914
"NS","2022-07-20",349,113263
"NS","2022-07-21",293,113556
"NS","2022-07-22",269,113825
"NS","2022-07-23",222,114047
"NS","2022-07-24",215,114262
"NS","2022-07-25",345,114607
"NS","2022-07-26",307,114914
"NS","2022-07-27",315,115229
"NS","2022-07-28",298,115527
"NS","2022-07-29",235,115762
"NS","2022-07-30",166,115928
"NS","2022-07-31",188,116116
"NS","2022-08-01",208,116324
"NS","2022-08-02",362,116686
"NS","2022-08-03",315,117001
"NS","2022-08-04",293,117294
"NS","2022-08-05",245,117539
"NS","2022-08-06",164,117703
"NS","2022-08-07",204,117907
"NS","2022-08-08",335,118242
"NS","2022-08-09",312,118554
"NS","2022-08-10",258,118812
"NS","2022-08-11",262,119074
"NS","2022-08-12",200,119274
"NS","2022-08-13",153,119427
"NS","2022-08-14",129,119556
"NS","2022-08-15",305,119861
"NS","2022-08-16",224,120085
"NS","2022-08-17",236,120321
"NS","2022-08-18",214,120535
"NS","2022-08-19",193,120728
"NS","2022-08-20",171,120899
"NS","2022-08-21",152,121051
"NS","2022-08-22",254,121305
"NS","2022-08-23",247,121552
"NS","2022-08-24",234,121786
"NS","2022-08-25",198,121984
"NS","2022-08-26",172,122156
"NS","2022-08-27",121,122277
"NS","2022-08-28",102,122379
"NS","2022-08-29",263,122642
"NS","2022-08-30",164,122806
"NS","2022-08-31",193,122999
"NS","2022-09-01",152,123151
"NS","2022-09-02",187,123338
"NS","2022-09-03",117,123455
"NS","2022-09-04",91,123546
"NS","2022-09-05",130,123676
"NS","2022-09-06",203,123879
"NS","2022-09-07",195,124074
"NS","2022-09-08",150,124224
"NS","2022-09-09",157,124381
"NS","2022-09-10",89,124470
"NS","2022-09-11",95,124565
"NS","2022-09-12",199,124764
"NS","2022-09-13",149,124913
"NS","2022-09-14",183,125096
"NS","2022-09-15",151,125247
"NS","2022-09-16",149,125396
"NS","2022-09-17",103,125499
"NS","2022-09-18",138,125637
"NS","2022-09-19",201,125838
"NS","2022-09-20",212,126050
"NS","2022-09-21",201,126251
"NS","2022-09-22",182,126433
"NS","2022-09-23",145,126578
"NS","2022-09-24",39,126617
"NS","2022-09-25",128,126745
"NS","2022-09-26",217,126962
"NS","2022-09-27",191,127153
"NS","2022-09-28",209,127362
"NS","2022-09-29",160,127522
"NS","2022-09-30",141,127663
"NS","2022-10-01",133,127796
"NS","2022-10-02",108,127904
"NS","2022-10-03",201,128105
"NS","2022-10-04",182,128287
"NS","2022-10-05",195,128482
"NS","2022-10-06",193,128675
"NS","2022-10-07",187,128862
"NS","2022-10-08",135,128997
"NS","2022-10-09",135,129132
"NS","2022-10-10",152,129284
"NS","2022-10-11",224,129508
"NS","2022-10-12",224,129732
"NS","2022-10-13",205,129937
"NS","2022-10-14",200,130137
"NS","2022-10-15",115,130252
"NS","2022-10-16",128,130380
"NS","2022-10-17",204,130584
"NS","2022-10-18",175,130759
"NS","2022-10-19",146,130905
"NS","2022-10-20",141,131046
"NS","2022-10-21",128,131174
"NS","2022-10-22",94,131268
"NS","2022-10-23",108,131376
"NS","2022-10-24",190,131566
"NS","2022-10-25",162,131728
"NS","2022-10-26",150,131878
"NS","2022-10-27",124,132002
"NS","2022-10-28",130,132132
"NS","2022-10-29",84,132216
"NS","2022-10-30",95,132311
"NS","2022-10-31",121,132432
"NS","2022-11-01",123,132555
"NS","2022-11-02",142,132697
"NS","2022-11-03",114,132811
"NS","2022-11-04",97,132908
"NS","2022-11-05",77,132985
"NS","2022-11-06",70,133055
"NS","2022-11-07",114,133169
"NS","2022-11-08",97,133266
"NS","2022-11-09",97,133363
"NS","2022-11-10",85,133448
"NS","2022-11-11",52,133500
"NS","2022-11-12",86,133586
"NS","2022-11-13",84,133670
"NS","2022-11-14",122,133792
"NS","2022-11-15",107,133899
"NS","2022-11-16",98,133997
"NS","2022-11-17",74,134071
"NS","2022-11-18",76,134147
"NS","2022-11-19",51,134198
"NS","2022-11-20",44,134242
"NS","2022-11-21",101,134343
"NS","2022-11-22",97,134440
"NS","2022-11-23",82,134522
"NS","2022-11-24",86,134608
"NS","2022-11-25",75,134683
"NS","2022-11-26",77,134760
"NS","2022-11-27",65,134825
"NS","2022-11-28",87,134912
"NS","2022-11-29",91,135003
"NS","2022-11-30",82,135085
"NS","2022-12-01",86,135171
"NS","2022-12-02",90,135261
"NS","2022-12-03",63,135324
"NS","2022-12-04",54,135378
"NS","2022-12-05",101,135479
"NS","2022-12-06",83,135562
"NS","2022-12-07",81,135643
"NS","2022-12-08",69,135712
"NS","2022-12-09",83,135795
"NS","2022-12-10",55,135850
"NS","2022-12-11",54,135904
"NS","2022-12-12",116,136020
"NS","2022-12-13",75,136095
"NS","2022-12-14",104,136199
"NS","2022-12-15",84,136283
"NS","2022-12-16",87,136370
"NS","2022-12-17",82,136452
"NS","2022-12-18",71,136523
"NS","2022-12-19",108,136631
"NS","2022-12-20",105,136736
"NS","2022-12-21",107,136843
"NS","2022-12-22",97,136940
"NS","2022-12-23",104,137044
"NS","2022-12-24",48,137092
"NS","2022-12-25",19,137111
"NS","2022-12-26",133,137244
"NS","2022-12-27",117,137361
"NS","2022-12-28",169,137530
"NS","2022-12-29",137,137667
"NS","2022-12-30",154,137821
"NS","2022-12-31",99,137920
"NS","2023-01-01",29,137949
"NS","2023-01-02",197,138146
"NS","2023-01-03",140,138286
"NS","2023-01-04",134,138420
"NS","2023-01-05",117,138537
"NS","2023-01-06",156,138693
"NS","2023-01-07",109,138802
"NS","2023-01-08",96,138898
"NS","2023-01-09",176,139074
"NS","2023-01-10",122,139196
"NS","2023-01-11",119,139315
"NS","2023-01-12",106,139421
"NS","2023-01-13",113,139534
"NS","2023-01-14",104,139638
"NS","2023-01-15",83,139721
"NS","2023-01-16",136,139857
"NS","2023-01-17",79,139936
"NS","2023-01-18",125,140061
"NS","2023-01-19",120,140181
"NS","2023-01-20",87,140268
"NS","2023-01-21",69,140337
"NS","2023-01-22",90,140427
"NS","2023-01-23",137,140564
"NS","2023-01-24",98,140662
"NS","2023-01-25",126,140788
"NS","2023-01-26",87,140875
"NS","2023-01-27",87,140962
"NS","2023-01-28",75,141037
"NS","2023-01-29",85,141122
"NS","2023-01-30",108,141230
"NS","2023-01-31",79,141309
"NS","2023-02-01",90,141399
"NS","2023-02-02",91,141490
"NS","2023-02-03",73,141563
"NS","2023-02-04",41,141604
"NS","2023-02-05",54,141658
"NS","2023-02-06",101,141759
"NS","2023-02-07",89,141848
"NS","2023-02-08",77,141925
"NS","2023-02-09",65,141990
"NS","2023-02-10",62,142052
"NS","2023-02-11",41,142093
"NS","2023-02-12",48,142141
"NS","2023-02-13",69,142210
"NS","2023-02-14",51,142261
"NS","2023-02-15",70,142331
"NS","2023-02-16",59,142390
"NS","2023-02-17",57,142447
"NS","2023-02-18",30,142477
"NS","2023-02-19",35,142512
"NS","2023-02-20",42,142554
"NS","2023-02-21",69,142623
"NS","2023-02-22",59,142682
"NS","2023-02-23",54,142736
"NS","2023-02-24",33,142769
"NS","2023-02-25",44,142813
"NS","2023-02-26",37,142850
"NS","2023-02-27",54,142904
"NS","2023-02-28",46,142950
"NS","2023-03-01",39,142989
"NS","2023-03-02",35,143024
"NS","2023-03-03",25,143049
"NS","2023-03-04",36,143085
"NS","2023-03-05",25,143110
"NS","2023-03-06",48,143158
"NS","2023-03-07",47,143205
"NS","2023-03-08",37,143242
"NS","2023-03-09",54,143296
"NS","2023-03-10",48,143344
"NS","2023-03-11",40,143384
"NS","2023-03-12",38,143422
"NS","2023-03-13",49,143471
"NS","2023-03-14",36,143507
"NS","2023-03-15",49,143556
"NS","2023-03-16",43,143599
"NS","2023-03-17",34,143633
"NS","2023-03-18",45,143678
"NS","2023-03-19",37,143715
"NS","2023-03-20",46,143761
"NS","2023-03-21",60,143821
"NS","2023-03-22",53,143874
"NS","2023-03-23",42,143916
"NS","2023-03-24",41,143957
"NS","2023-03-25",37,143994
"NS","2023-03-26",38,144032
"NS","2023-03-27",53,144085
"NS","2023-03-28",50,144135
"NS","2023-03-29",45,144180
"NS","2023-03-30",38,144218
"NS","2023-03-31",31,144249
"NS","2023-04-01",17,144266
"NS","2023-04-02",29,144295
"NS","2023-04-03",55,144350
"NS","2023-04-04",28,144378
"NS","2023-04-05",26,144404
"NS","2023-04-06",45,144449
"NS","2023-04-07",17,144466
"NS","2023-04-08",47,144513
"NS","2023-04-09",20,144533
"NS","2023-04-10",18,144551
"NS","2023-04-11",88,144639
"NS","2023-04-12",38,144677
"NS","2023-04-13",31,144708
"NS","2023-04-14",45,144753
"NS","2023-04-15",22,144775
"NS","2023-04-16",18,144793
"NS","2023-04-17",40,144833
"NS","2023-04-18",27,144860
"NS","2023-04-19",37,144897
"NS","2023-04-20",33,144930
"NS","2023-04-21",33,144963
"NS","2023-04-22",14,144977
"NS","2023-04-23",10,144987
"NS","2023-04-24",29,145016
"NS","2023-04-25",24,145040
"NS","2023-04-26",27,145067
"NS","2023-04-27",37,145104
"NS","2023-04-28",22,145126
"NS","2023-04-29",18,145144
"NS","2023-04-30",26,145170
"NS","2023-05-01",40,145210
"NS","2023-05-02",28,145238
"NS","2023-05-03",28,145266
"NS","2023-05-04",27,145293
"NS","2023-05-05",24,145317
"NS","2023-05-06",17,145334
"NS","2023-05-07",13,145347
"NS","2023-05-08",49,145396
"NS","2023-05-09",31,145427
"NS","2023-05-10",40,145467
"NS","2023-05-11",37,145504
"NS","2023-05-12",33,145537
"NS","2023-05-13",23,145560
"NS","2023-05-14",20,145580
"NS","2023-05-15",40,145620
"NS","2023-05-16",40,145660
"NS","2023-05-17",29,145689
"NS","2023-05-18",25,145714
"NS","2023-05-19",27,145741
"NS","2023-05-20",19,145760
"NS","2023-05-21",19,145779
"NS","2023-05-22",10,145789
"NS","2023-05-23",0,145789
"NS","2023-05-24",0,145789
"NS","2023-05-25",0,145789
"NS","2023-05-26",0,145789
"NS","2023-05-27",0,145789
"NS","2023-05-28",0,145789
"NS","2023-05-29",0,145789
"NS","2023-05-30",0,145789
"NS","2023-05-31",195,145984
"NS","2023-06-01",0,145984
"NS","2023-06-02",0,145984
"NS","2023-06-03",0,145984
"NS","2023-06-04",0,145984
"NS","2023-06-05",0,145984
"NS","2023-06-06",0,145984
"NS","2023-06-07",0,145984
"NS","2023-06-08",0,145984
"NS","2023-06-09",0,145984
"NS","2023-06-10",0,145984
"NS","2023-06-11",0,145984
"NS","2023-06-12",0,145984
"NS","2023-06-13",0,145984
"NS","2023-06-14",0,145984
"NS","2023-06-15",0,145984
"NS","2023-06-16",0,145984
"NS","2023-06-17",0,145984
"NS","2023-06-18",0,145984
"NS","2023-06-19",0,145984
"NS","2023-06-20",0,145984
"NS","2023-06-21",0,145984
"NS","2023-06-22",0,145984
"NS","2023-06-23",0,145984
"NS","2023-06-24",0,145984
"NS","2023-06-25",0,145984
"NS","2023-06-26",0,145984
"NS","2023-06-27",0,145984
"NS","2023-06-28",0,145984
"NS","2023-06-29",0,145984
"NS","2023-06-30",460,146444
"NS","2023-07-01",0,146444
"NS","2023-07-02",0,146444
"NS","2023-07-03",0,146444
"NS","2023-07-04",0,146444
"NS","2023-07-05",0,146444
"NS","2023-07-06",0,146444
"NS","2023-07-07",0,146444
"NS","2023-07-08",0,146444
"NS","2023-07-09",0,146444
"NS","2023-07-10",0,146444
"NS","2023-07-11",0,146444
"NS","2023-07-12",0,146444
"NS","2023-07-13",0,146444
"NS","2023-07-14",0,146444
"NS","2023-07-15",0,146444
"NS","2023-07-16",0,146444
"NS","2023-07-17",0,146444
"NS","2023-07-18",0,146444
"NS","2023-07-19",0,146444
"NS","2023-07-20",0,146444
"NS","2023-07-21",0,146444
"NS","2023-07-22",0,146444
"NS","2023-07-23",0,146444
"NS","2023-07-24",0,146444
"NS","2023-07-25",0,146444
"NS","2023-07-26",0,146444
"NS","2023-07-27",0,146444
"NS","2023-07-28",0,146444
"NS","2023-07-29",0,146444
"NS","2023-07-30",0,146444
"NS","2023-07-31",281,146725
"NS","2023-08-01",0,146725
"NS","2023-08-02",0,146725
"NS","2023-08-03",0,146725
"NS","2023-08-04",0,146725
"NS","2023-08-05",0,146725
"NS","2023-08-06",0,146725
"NS","2023-08-07",0,146725
"NS","2023-08-08",0,146725
"NS","2023-08-09",0,146725
"NS","2023-08-10",0,146725
"NS","2023-08-11",0,146725
"NS","2023-08-12",0,146725
"NS","2023-08-13",0,146725
"NS","2023-08-14",0,146725
"NS","2023-08-15",0,146725
"NS","2023-08-16",0,146725
"NS","2023-08-17",0,146725
"NS","2023-08-18",0,146725
"NS","2023-08-19",0,146725
"NS","2023-08-20",0,146725
"NS","2023-08-21",0,146725
"NS","2023-08-22",0,146725
"NS","2023-08-23",0,146725
"NS","2023-08-24",0,146725
"NS","2023-08-25",0,146725
"NS","2023-08-26",0,146725
"NS","2023-08-27",0,146725
"NS","2023-08-28",0,146725
"NS","2023-08-29",0,146725
"NS","2023-08-30",0,146725
"NS","2023-08-31",454,147179
"NS","2023-09-01",0,147179
"NS","2023-09-02",0,147179
"NS","2023-09-03",0,147179
"NS","2023-09-04",0,147179
"NS","2023-09-05",0,147179
"NS","2023-09-06",0,147179
"NS","2023-09-07",0,147179
"NS","2023-09-08",0,147179
"NS","2023-09-09",0,147179
"NS","2023-09-10",0,147179
"NS","2023-09-11",0,147179
"NS","2023-09-12",0,147179
"NS","2023-09-13",0,147179
"NS","2023-09-14",0,147179
"NS","2023-09-15",0,147179
"NS","2023-09-16",0,147179
"NS","2023-09-17",0,147179
"NS","2023-09-18",0,147179
"NS","2023-09-19",0,147179
"NS","2023-09-20",0,147179
"NS","2023-09-21",0,147179
"NS","2023-09-22",0,147179
"NS","2023-09-23",0,147179
"NS","2023-09-24",0,147179
"NS","2023-09-25",0,147179
"NS","2023-09-26",0,147179
"NS","2023-09-27",0,147179
"NS","2023-09-28",0,147179
"NS","2023-09-29",0,147179
"NS","2023-09-30",1476,148655
"NS","2023-10-01",0,148655
"NS","2023-10-02",0,148655
"NS","2023-10-03",0,148655
"NS","2023-10-04",0,148655
"NS","2023-10-05",0,148655
"NS","2023-10-06",0,148655
"NS","2023-10-07",0,148655
"NS","2023-10-08",0,148655
"NS","2023-10-09",0,148655
"NS","2023-10-10",0,148655
"NS","2023-10-11",0,148655
"NS","2023-10-12",0,148655
"NS","2023-10-13",0,148655
"NS","2023-10-14",936,149591
"NS","2023-10-15",0,149591
"NS","2023-10-16",0,149591
"NS","2023-10-17",0,149591
"NS","2023-10-18",0,149591
"NS","2023-10-19",0,149591
"NS","2023-10-20",0,149591
"NS","2023-10-21",0,149591
"NS","2023-10-22",0,149591
"NS","2023-10-23",0,149591
"NS","2023-10-24",0,149591
"NS","2023-10-25",0,149591
"NS","2023-10-26",0,149591
"NS","2023-10-27",0,149591
"NS","2023-10-28",595,150186
"NS","2023-10-29",0,150186
"NS","2023-10-30",0,150186
"NS","2023-10-31",0,150186
"NS","2023-11-01",0,150186
"NS","2023-11-02",0,150186
"NS","2023-11-03",0,150186
"NS","2023-11-04",253,150439
"NS","2023-11-05",0,150439
"NS","2023-11-06",0,150439
"NS","2023-11-07",0,150439
"NS","2023-11-08",0,150439
"NS","2023-11-09",0,150439
"NS","2023-11-10",0,150439
"NS","2023-11-11",293,150732
"NS","2023-11-12",0,150732
"NS","2023-11-13",0,150732
"NS","2023-11-14",0,150732
"NS","2023-11-15",0,150732
"NS","2023-11-16",0,150732
"NS","2023-11-17",0,150732
"NS","2023-11-18",401,151133
"NS","2023-11-19",0,151133
"NS","2023-11-20",0,151133
"NS","2023-11-21",0,151133
"NS","2023-11-22",0,151133
"NS","2023-11-23",0,151133
"NS","2023-11-24",0,151133
"NS","2023-11-25",377,151510
"NS","2023-11-26",0,151510
"NS","2023-11-27",0,151510
"NS","2023-11-28",0,151510
"NS","2023-11-29",0,151510
"NS","2023-11-30",0,151510
"NS","2023-12-01",0,151510
"NS","2023-12-02",337,151847
"NS","2023-12-03",0,151847
"NS","2023-12-04",0,151847
"NS","2023-12-05",0,151847
"NS","2023-12-06",0,151847
"NS","2023-12-07",0,151847
"NS","2023-12-08",0,151847
"NS","2023-12-09",317,152164
"NS","2023-12-10",0,152164
"NS","2023-12-11",0,152164
"NS","2023-12-12",0,152164
"NS","2023-12-13",0,152164
"NS","2023-12-14",0,152164
"NS","2023-12-15",0,152164
"NS","2023-12-16",307,152471
"NS","2023-12-17",0,152471
"NS","2023-12-18",0,152471
"NS","2023-12-19",0,152471
"NS","2023-12-20",0,152471
"NS","2023-12-21",0,152471
"NS","2023-12-22",0,152471
"NS","2023-12-23",304,152775
"NS","2023-12-24",0,152775
"NS","2023-12-25",0,152775
"NS","2023-12-26",0,152775
"NS","2023-12-27",0,152775
"NS","2023-12-28",0,152775
"NS","2023-12-29",0,152775
"NS","2023-12-30",269,153044
"NT","2020-01-31",0,0
"NT","2020-02-01",0,0
"NT","2020-02-02",0,0
"NT","2020-02-03",0,0
"NT","2020-02-04",0,0
"NT","2020-02-05",0,0
"NT","2020-02-06",0,0
"NT","2020-02-07",0,0
"NT","2020-02-08",0,0
"NT","2020-02-09",0,0
"NT","2020-02-10",0,0
"NT","2020-02-11",0,0
"NT","2020-02-12",0,0
"NT","2020-02-13",0,0
"NT","2020-02-14",0,0
"NT","2020-02-15",0,0
"NT","2020-02-16",0,0
"NT","2020-02-17",0,0
"NT","2020-02-18",0,0
"NT","2020-02-19",0,0
"NT","2020-02-20",0,0
"NT","2020-02-21",0,0
"NT","2020-02-22",0,0
"NT","2020-02-23",0,0
"NT","2020-02-24",0,0
"NT","2020-02-25",0,0
"NT","2020-02-26",0,0
"NT","2020-02-27",0,0
"NT","2020-02-28",0,0
"NT","2020-02-29",0,0
"NT","2020-03-01",0,0
"NT","2020-03-02",0,0
"NT","2020-03-03",0,0
"NT","2020-03-04",0,0
"NT","2020-03-05",0,0
"NT","2020-03-06",0,0
"NT","2020-03-07",0,0
"NT","2020-03-08",0,0
"NT","2020-03-09",0,0
"NT","2020-03-10",0,0
"NT","2020-03-11",0,0
"NT","2020-03-12",0,0
"NT","2020-03-13",0,0
"NT","2020-03-14",0,0
"NT","2020-03-15",0,0
"NT","2020-03-16",0,0
"NT","2020-03-17",0,0
"NT","2020-03-18",0,0
"NT","2020-03-19",0,0
"NT","2020-03-20",0,0
"NT","2020-03-21",1,1
"NT","2020-03-22",0,1
"NT","2020-03-23",0,1
"NT","2020-03-24",0,1
"NT","2020-03-25",0,1
"NT","2020-03-26",0,1
"NT","2020-03-27",0,1
"NT","2020-03-28",0,1
"NT","2020-03-29",0,1
"NT","2020-03-30",0,1
"NT","2020-03-31",0,1
"NT","2020-04-01",1,2
"NT","2020-04-02",0,2
"NT","2020-04-03",2,4
"NT","2020-04-04",0,4
"NT","2020-04-05",0,4
"NT","2020-04-06",1,5
"NT","2020-04-07",0,5
"NT","2020-04-08",0,5
"NT","2020-04-09",0,5
"NT","2020-04-10",0,5
"NT","2020-04-11",0,5
"NT","2020-04-12",0,5
"NT","2020-04-13",0,5
"NT","2020-04-14",0,5
"NT","2020-04-15",0,5
"NT","2020-04-16",0,5
"NT","2020-04-17",0,5
"NT","2020-04-18",0,5
"NT","2020-04-19",0,5
"NT","2020-04-20",0,5
"NT","2020-04-21",0,5
"NT","2020-04-22",0,5
"NT","2020-04-23",0,5
"NT","2020-04-24",0,5
"NT","2020-04-25",0,5
"NT","2020-04-26",0,5
"NT","2020-04-27",0,5
"NT","2020-04-28",0,5
"NT","2020-04-29",0,5
"NT","2020-04-30",0,5
"NT","2020-05-01",0,5
"NT","2020-05-02",0,5
"NT","2020-05-03",0,5
"NT","2020-05-04",0,5
"NT","2020-05-05",0,5
"NT","2020-05-06",0,5
"NT","2020-05-07",0,5
"NT","2020-05-08",0,5
"NT","2020-05-09",0,5
"NT","2020-05-10",0,5
"NT","2020-05-11",0,5
"NT","2020-05-12",0,5
"NT","2020-05-13",0,5
"NT","2020-05-14",0,5
"NT","2020-05-15",0,5
"NT","2020-05-16",0,5
"NT","2020-05-17",0,5
"NT","2020-05-18",0,5
"NT","2020-05-19",0,5
"NT","2020-05-20",0,5
"NT","2020-05-21",0,5
"NT","2020-05-22",0,5
"NT","2020-05-23",0,5
"NT","2020-05-24",0,5
"NT","2020-05-25",0,5
"NT","2020-05-26",0,5
"NT","2020-05-27",0,5
"NT","2020-05-28",0,5
"NT","2020-05-29",0,5
"NT","2020-05-30",0,5
"NT","2020-05-31",0,5
"NT","2020-06-01",0,5
"NT","2020-06-02",0,5
"NT","2020-06-03",0,5
"NT","2020-06-04",0,5
"NT","2020-06-05",0,5
"NT","2020-06-06",0,5
"NT","2020-06-07",0,5
"NT","2020-06-08",0,5
"NT","2020-06-09",0,5
"NT","2020-06-10",0,5
"NT","2020-06-11",0,5
"NT","2020-06-12",0,5
"NT","2020-06-13",0,5
"NT","2020-06-14",0,5
"NT","2020-06-15",0,5
"NT","2020-06-16",0,5
"NT","2020-06-17",0,5
"NT","2020-06-18",0,5
"NT","2020-06-19",0,5
"NT","2020-06-20",0,5
"NT","2020-06-21",0,5
"NT","2020-06-22",0,5
"NT","2020-06-23",0,5
"NT","2020-06-24",0,5
"NT","2020-06-25",0,5
"NT","2020-06-26",0,5
"NT","2020-06-27",0,5
"NT","2020-06-28",0,5
"NT","2020-06-29",0,5
"NT","2020-06-30",0,5
"NT","2020-07-01",0,5
"NT","2020-07-02",0,5
"NT","2020-07-03",0,5
"NT","2020-07-04",0,5
"NT","2020-07-05",0,5
"NT","2020-07-06",0,5
"NT","2020-07-07",0,5
"NT","2020-07-08",0,5
"NT","2020-07-09",0,5
"NT","2020-07-10",0,5
"NT","2020-07-11",0,5
"NT","2020-07-12",0,5
"NT","2020-07-13",0,5
"NT","2020-07-14",0,5
"NT","2020-07-15",0,5
"NT","2020-07-16",0,5
"NT","2020-07-17",0,5
"NT","2020-07-18",0,5
"NT","2020-07-19",0,5
"NT","2020-07-20",0,5
"NT","2020-07-21",0,5
"NT","2020-07-22",0,5
"NT","2020-07-23",0,5
"NT","2020-07-24",0,5
"NT","2020-07-25",0,5
"NT","2020-07-26",0,5
"NT","2020-07-27",0,5
"NT","2020-07-28",0,5
"NT","2020-07-29",0,5
"NT","2020-07-30",0,5
"NT","2020-07-31",0,5
"NT","2020-08-01",0,5
"NT","2020-08-02",0,5
"NT","2020-08-03",0,5
"NT","2020-08-04",0,5
"NT","2020-08-05",0,5
"NT","2020-08-06",0,5
"NT","2020-08-07",0,5
"NT","2020-08-08",0,5
"NT","2020-08-09",0,5
"NT","2020-08-10",0,5
"NT","2020-08-11",0,5
"NT","2020-08-12",0,5
"NT","2020-08-13",0,5
"NT","2020-08-14",0,5
"NT","2020-08-15",0,5
"NT","2020-08-16",0,5
"NT","2020-08-17",0,5
"NT","2020-08-18",0,5
"NT","2020-08-19",0,5
"NT","2020-08-20",0,5
"NT","2020-08-21",0,5
"NT","2020-08-22",0,5
"NT","2020-08-23",0,5
"NT","2020-08-24",0,5
"NT","2020-08-25",0,5
"NT","2020-08-26",0,5
"NT","2020-08-27",0,5
"NT","2020-08-28",0,5
"NT","2020-08-29",0,5
"NT","2020-08-30",0,5
"NT","2020-08-31",0,5
"NT","2020-09-01",0,5
"NT","2020-09-02",0,5
"NT","2020-09-03",0,5
"NT","2020-09-04",0,5
"NT","2020-09-05",0,5
"NT","2020-09-06",0,5
"NT","2020-09-07",0,5
"NT","2020-09-08",0,5
"NT","2020-09-09",0,5
"NT","2020-09-10",0,5
"NT","2020-09-11",0,5
"NT","2020-09-12",0,5
"NT","2020-09-13",0,5
"NT","2020-09-14",0,5
"NT","2020-09-15",0,5
"NT","2020-09-16",0,5
"NT","2020-09-17",0,5
"NT","2020-09-18",0,5
"NT","2020-09-19",0,5
"NT","2020-09-20",0,5
"NT","2020-09-21",0,5
"NT","2020-09-22",0,5
"NT","2020-09-23",0,5
"NT","2020-09-24",0,5
"NT","2020-09-25",0,5
"NT","2020-09-26",0,5
"NT","2020-09-27",0,5
"NT","2020-09-28",0,5
"NT","2020-09-29",0,5
"NT","2020-09-30",0,5
"NT","2020-10-01",0,5
"NT","2020-10-02",0,5
"NT","2020-10-03",0,5
"NT","2020-10-04",0,5
"NT","2020-10-05",0,5
"NT","2020-10-06",0,5
"NT","2020-10-07",0,5
"NT","2020-10-08",0,5
"NT","2020-10-09",0,5
"NT","2020-10-10",0,5
"NT","2020-10-11",0,5
"NT","2020-10-12",0,5
"NT","2020-10-13",0,5
"NT","2020-10-14",0,5
"NT","2020-10-15",0,5
"NT","2020-10-16",0,5
"NT","2020-10-17",0,5
"NT","2020-10-18",0,5
"NT","2020-10-19",0,5
"NT","2020-10-20",0,5
"NT","2020-10-21",3,8
"NT","2020-10-22",0,8
"NT","2020-10-23",1,9
"NT","2020-10-24",0,9
"NT","2020-10-25",0,9
"NT","2020-10-26",0,9
"NT","2020-10-27",0,9
"NT","2020-10-28",0,9
"NT","2020-10-29",1,10
"NT","2020-10-30",0,10
"NT","2020-10-31",0,10
"NT","2020-11-01",0,10
"NT","2020-11-02",0,10
"NT","2020-11-03",0,10
"NT","2020-11-04",0,10
"NT","2020-11-05",0,10
"NT","2020-11-06",0,10
"NT","2020-11-07",0,10
"NT","2020-11-08",0,10
"NT","2020-11-09",0,10
"NT","2020-11-10",0,10
"NT","2020-11-11",1,11
"NT","2020-11-12",0,11
"NT","2020-11-13",4,15
"NT","2020-11-14",0,15
"NT","2020-11-15",0,15
"NT","2020-11-16",0,15
"NT","2020-11-17",0,15
"NT","2020-11-18",0,15
"NT","2020-11-19",0,15
"NT","2020-11-20",0,15
"NT","2020-11-21",0,15
"NT","2020-11-22",0,15
"NT","2020-11-23",0,15
"NT","2020-11-24",0,15
"NT","2020-11-25",0,15
"NT","2020-11-26",0,15
"NT","2020-11-27",0,15
"NT","2020-11-28",0,15
"NT","2020-11-29",0,15
"NT","2020-11-30",0,15
"NT","2020-12-01",0,15
"NT","2020-12-02",0,15
"NT","2020-12-03",0,15
"NT","2020-12-04",0,15
"NT","2020-12-05",0,15
"NT","2020-12-06",0,15
"NT","2020-12-07",0,15
"NT","2020-12-08",0,15
"NT","2020-12-09",0,15
"NT","2020-12-10",0,15
"NT","2020-12-11",5,20
"NT","2020-12-12",1,21
"NT","2020-12-13",0,21
"NT","2020-12-14",0,21
"NT","2020-12-15",1,22
"NT","2020-12-16",0,22
"NT","2020-12-17",1,23
"NT","2020-12-18",1,24
"NT","2020-12-19",0,24
"NT","2020-12-20",0,24
"NT","2020-12-21",0,24
"NT","2020-12-22",0,24
"NT","2020-12-23",0,24
"NT","2020-12-24",0,24
"NT","2020-12-25",0,24
"NT","2020-12-26",0,24
"NT","2020-12-27",0,24
"NT","2020-12-28",0,24
"NT","2020-12-29",0,24
"NT","2020-12-30",0,24
"NT","2020-12-31",0,24
"NT","2021-01-01",0,24
"NT","2021-01-02",0,24
"NT","2021-01-03",0,24
"NT","2021-01-04",0,24
"NT","2021-01-05",0,24
"NT","2021-01-06",0,24
"NT","2021-01-07",0,24
"NT","2021-01-08",0,24
"NT","2021-01-09",0,24
"NT","2021-01-10",0,24
"NT","2021-01-11",0,24
"NT","2021-01-12",0,24
"NT","2021-01-13",0,24
"NT","2021-01-14",0,24
"NT","2021-01-15",1,25
"NT","2021-01-16",0,25
"NT","2021-01-17",3,28
"NT","2021-01-18",0,28
"NT","2021-01-19",2,30
"NT","2021-01-20",0,30
"NT","2021-01-21",1,31
"NT","2021-01-22",0,31
"NT","2021-01-23",0,31
"NT","2021-01-24",0,31
"NT","2021-01-25",0,31
"NT","2021-01-26",0,31
"NT","2021-01-27",0,31
"NT","2021-01-28",0,31
"NT","2021-01-29",0,31
"NT","2021-01-30",0,31
"NT","2021-01-31",0,31
"NT","2021-02-01",0,31
"NT","2021-02-02",1,32
"NT","2021-02-03",0,32
"NT","2021-02-04",0,32
"NT","2021-02-05",0,32
"NT","2021-02-06",0,32
"NT","2021-02-07",0,32
"NT","2021-02-08",0,32
"NT","2021-02-09",1,33
"NT","2021-02-10",1,34
"NT","2021-02-11",4,38
"NT","2021-02-12",0,38
"NT","2021-02-13",0,38
"NT","2021-02-14",0,38
"NT","2021-02-15",0,38
"NT","2021-02-16",0,38
"NT","2021-02-17",4,42
"NT","2021-02-18",0,42
"NT","2021-02-19",0,42
"NT","2021-02-20",0,42
"NT","2021-02-21",0,42
"NT","2021-02-22",0,42
"NT","2021-02-23",0,42
"NT","2021-02-24",0,42
"NT","2021-02-25",0,42
"NT","2021-02-26",0,42
"NT","2021-02-27",0,42
"NT","2021-02-28",0,42
"NT","2021-03-01",0,42
"NT","2021-03-02",0,42
"NT","2021-03-03",0,42
"NT","2021-03-04",0,42
"NT","2021-03-05",0,42
"NT","2021-03-06",0,42
"NT","2021-03-07",0,42
"NT","2021-03-08",0,42
"NT","2021-03-09",0,42
"NT","2021-03-10",0,42
"NT","2021-03-11",0,42
"NT","2021-03-12",0,42
"NT","2021-03-13",0,42
"NT","2021-03-14",0,42
"NT","2021-03-15",0,42
"NT","2021-03-16",0,42
"NT","2021-03-17",0,42
"NT","2021-03-18",0,42
"NT","2021-03-19",0,42
"NT","2021-03-20",0,42
"NT","2021-03-21",0,42
"NT","2021-03-22",0,42
"NT","2021-03-23",0,42
"NT","2021-03-24",0,42
"NT","2021-03-25",0,42
"NT","2021-03-26",0,42
"NT","2021-03-27",0,42
"NT","2021-03-28",0,42
"NT","2021-03-29",0,42
"NT","2021-03-30",0,42
"NT","2021-03-31",0,42
"NT","2021-04-01",0,42
"NT","2021-04-02",0,42
"NT","2021-04-03",0,42
"NT","2021-04-04",0,42
"NT","2021-04-05",1,43
"NT","2021-04-06",0,43
"NT","2021-04-07",0,43
"NT","2021-04-08",0,43
"NT","2021-04-09",0,43
"NT","2021-04-10",0,43
"NT","2021-04-11",0,43
"NT","2021-04-12",0,43
"NT","2021-04-13",0,43
"NT","2021-04-14",0,43
"NT","2021-04-15",0,43
"NT","2021-04-16",0,43
"NT","2021-04-17",0,43
"NT","2021-04-18",0,43
"NT","2021-04-19",0,43
"NT","2021-04-20",0,43
"NT","2021-04-21",2,45
"NT","2021-04-22",1,46
"NT","2021-04-23",2,48
"NT","2021-04-24",0,48
"NT","2021-04-25",0,48
"NT","2021-04-26",3,51
"NT","2021-04-27",0,51
"NT","2021-04-28",0,51
"NT","2021-04-29",0,51
"NT","2021-04-30",0,51
"NT","2021-05-01",0,51
"NT","2021-05-02",1,52
"NT","2021-05-03",7,59
"NT","2021-05-04",12,71
"NT","2021-05-05",14,85
"NT","2021-05-06",13,98
"NT","2021-05-07",1,99
"NT","2021-05-08",0,99
"NT","2021-05-09",0,99
"NT","2021-05-10",3,102
"NT","2021-05-11",10,112
"NT","2021-05-12",2,114
"NT","2021-05-13",1,115
"NT","2021-05-14",6,121
"NT","2021-05-15",0,121
"NT","2021-05-16",0,121
"NT","2021-05-17",0,121
"NT","2021-05-18",4,125
"NT","2021-05-19",1,126
"NT","2021-05-20",0,126
"NT","2021-05-21",1,127
"NT","2021-05-22",0,127
"NT","2021-05-23",0,127
"NT","2021-05-24",0,127
"NT","2021-05-25",0,127
"NT","2021-05-26",0,127
"NT","2021-05-27",0,127
"NT","2021-05-28",0,127
"NT","2021-05-29",0,127
"NT","2021-05-30",0,127
"NT","2021-05-31",1,128
"NT","2021-06-01",0,128
"NT","2021-06-02",0,128
"NT","2021-06-03",0,128
"NT","2021-06-04",0,128
"NT","2021-06-05",0,128
"NT","2021-06-06",0,128
"NT","2021-06-07",0,128
"NT","2021-06-08",0,128
"NT","2021-06-09",0,128
"NT","2021-06-10",0,128
"NT","2021-06-11",0,128
"NT","2021-06-12",0,128
"NT","2021-06-13",0,128
"NT","2021-06-14",0,128
"NT","2021-06-15",0,128
"NT","2021-06-16",0,128
"NT","2021-06-17",0,128
"NT","2021-06-18",0,128
"NT","2021-06-19",0,128
"NT","2021-06-20",0,128
"NT","2021-06-21",0,128
"NT","2021-06-22",0,128
"NT","2021-06-23",0,128
"NT","2021-06-24",0,128
"NT","2021-06-25",0,128
"NT","2021-06-26",0,128
"NT","2021-06-27",0,128
"NT","2021-06-28",0,128
"NT","2021-06-29",0,128
"NT","2021-06-30",0,128
"NT","2021-07-01",0,128
"NT","2021-07-02",0,128
"NT","2021-07-03",0,128
"NT","2021-07-04",0,128
"NT","2021-07-05",0,128
"NT","2021-07-06",0,128
"NT","2021-07-07",0,128
"NT","2021-07-08",0,128
"NT","2021-07-09",0,128
"NT","2021-07-10",0,128
"NT","2021-07-11",0,128
"NT","2021-07-12",0,128
"NT","2021-07-13",0,128
"NT","2021-07-14",0,128
"NT","2021-07-15",0,128
"NT","2021-07-16",0,128
"NT","2021-07-17",0,128
"NT","2021-07-18",0,128
"NT","2021-07-19",0,128
"NT","2021-07-20",0,128
"NT","2021-07-21",0,128
"NT","2021-07-22",0,128
"NT","2021-07-23",0,128
"NT","2021-07-24",0,128
"NT","2021-07-25",0,128
"NT","2021-07-26",0,128
"NT","2021-07-27",0,128
"NT","2021-07-28",0,128
"NT","2021-07-29",0,128
"NT","2021-07-30",0,128
"NT","2021-07-31",0,128
"NT","2021-08-01",0,128
"NT","2021-08-02",0,128
"NT","2021-08-03",1,129
"NT","2021-08-04",0,129
"NT","2021-08-05",0,129
"NT","2021-08-06",1,130
"NT","2021-08-07",0,130
"NT","2021-08-08",0,130
"NT","2021-08-09",0,130
"NT","2021-08-10",1,131
"NT","2021-08-11",0,131
"NT","2021-08-12",0,131
"NT","2021-08-13",0,131
"NT","2021-08-14",0,131
"NT","2021-08-15",2,133
"NT","2021-08-16",13,146
"NT","2021-08-17",56,202
"NT","2021-08-18",57,259
"NT","2021-08-19",0,259
"NT","2021-08-20",41,300
"NT","2021-08-21",29,329
"NT","2021-08-22",0,329
"NT","2021-08-23",0,329
"NT","2021-08-24",22,351
"NT","2021-08-25",7,358
"NT","2021-08-26",19,377
"NT","2021-08-27",18,395
"NT","2021-08-28",5,400
"NT","2021-08-29",0,400
"NT","2021-08-30",0,400
"NT","2021-08-31",52,452
"NT","2021-09-01",9,461
"NT","2021-09-02",14,475
"NT","2021-09-03",11,486
"NT","2021-09-04",13,499
"NT","2021-09-05",0,499
"NT","2021-09-06",0,499
"NT","2021-09-07",0,499
"NT","2021-09-08",23,522
"NT","2021-09-09",18,540
"NT","2021-09-10",23,563
"NT","2021-09-11",28,591
"NT","2021-09-12",0,591
"NT","2021-09-13",0,591
"NT","2021-09-14",56,647
"NT","2021-09-15",32,679
"NT","2021-09-16",16,695
"NT","2021-09-17",25,720
"NT","2021-09-18",29,749
"NT","2021-09-19",0,749
"NT","2021-09-20",0,749
"NT","2021-09-21",58,807
"NT","2021-09-22",27,834
"NT","2021-09-23",18,852
"NT","2021-09-24",30,882
"NT","2021-09-25",36,918
"NT","2021-09-26",0,918
"NT","2021-09-27",0,918
"NT","2021-09-28",52,970
"NT","2021-09-29",49,1019
"NT","2021-09-30",40,1059
"NT","2021-10-01",0,1059
"NT","2021-10-02",84,1143
"NT","2021-10-03",0,1143
"NT","2021-10-04",0,1143
"NT","2021-10-05",97,1240
"NT","2021-10-06",65,1305
"NT","2021-10-07",55,1360
"NT","2021-10-08",51,1411
"NT","2021-10-09",45,1456
"NT","2021-10-10",0,1456
"NT","2021-10-11",0,1456
"NT","2021-10-12",0,1456
"NT","2021-10-13",81,1537
"NT","2021-10-14",43,1580
"NT","2021-10-15",37,1617
"NT","2021-10-16",21,1638
"NT","2021-10-17",0,1638
"NT","2021-10-18",0,1638
"NT","2021-10-19",56,1694
"NT","2021-10-20",18,1712
"NT","2021-10-21",34,1746
"NT","2021-10-22",17,1763
"NT","2021-10-23",23,1786
"NT","2021-10-24",0,1786
"NT","2021-10-25",0,1786
"NT","2021-10-26",40,1826
"NT","2021-10-27",17,1843
"NT","2021-10-28",17,1860
"NT","2021-10-29",3,1863
"NT","2021-10-30",0,1863
"NT","2021-10-31",0,1863
"NT","2021-11-01",8,1871
"NT","2021-11-02",9,1880
"NT","2021-11-03",6,1886
"NT","2021-11-04",0,1886
"NT","2021-11-05",0,1886
"NT","2021-11-06",0,1886
"NT","2021-11-07",0,1886
"NT","2021-11-08",0,1886
"NT","2021-11-09",39,1925
"NT","2021-11-10",26,1951
"NT","2021-11-11",0,1951
"NT","2021-11-12",0,1951
"NT","2021-11-13",50,2001
"NT","2021-11-14",0,2001
"NT","2021-11-15",20,2021
"NT","2021-11-16",7,2028
"NT","2021-11-17",1,2029
"NT","2021-11-18",3,2032
"NT","2021-11-19",0,2032
"NT","2021-11-20",4,2036
"NT","2021-11-21",0,2036
"NT","2021-11-22",8,2044
"NT","2021-11-23",11,2055
"NT","2021-11-24",2,2057
"NT","2021-11-25",2,2059
"NT","2021-11-26",0,2059
"NT","2021-11-27",0,2059
"NT","2021-11-28",0,2059
"NT","2021-11-29",0,2059
"NT","2021-11-30",1,2060
"NT","2021-12-01",3,2063
"NT","2021-12-02",5,2068
"NT","2021-12-03",0,2068
"NT","2021-12-04",1,2069
"NT","2021-12-05",0,2069
"NT","2021-12-06",0,2069
"NT","2021-12-07",0,2069
"NT","2021-12-08",0,2069
"NT","2021-12-09",0,2069
"NT","2021-12-10",1,2070
"NT","2021-12-11",0,2070
"NT","2021-12-12",0,2070
"NT","2021-12-13",1,2071
"NT","2021-12-14",0,2071
"NT","2021-12-15",5,2076
"NT","2021-12-16",6,2082
"NT","2021-12-17",0,2082
"NT","2021-12-18",0,2082
"NT","2021-12-19",0,2082
"NT","2021-12-20",0,2082
"NT","2021-12-21",1,2083
"NT","2021-12-22",7,2090
"NT","2021-12-23",0,2090
"NT","2021-12-24",0,2090
"NT","2021-12-25",0,2090
"NT","2021-12-26",0,2090
"NT","2021-12-27",0,2090
"NT","2021-12-28",0,2090
"NT","2021-12-29",0,2090
"NT","2021-12-30",97,2187
"NT","2021-12-31",42,2229
"NT","2022-01-01",0,2229
"NT","2022-01-02",0,2229
"NT","2022-01-03",0,2229
"NT","2022-01-04",190,2419
"NT","2022-01-05",76,2495
"NT","2022-01-06",157,2652
"NT","2022-01-07",149,2801
"NT","2022-01-08",0,2801
"NT","2022-01-09",0,2801
"NT","2022-01-10",306,3107
"NT","2022-01-11",215,3322
"NT","2022-01-12",145,3467
"NT","2022-01-13",120,3587
"NT","2022-01-14",154,3741
"NT","2022-01-15",0,3741
"NT","2022-01-16",0,3741
"NT","2022-01-17",314,4055
"NT","2022-01-18",179,4234
"NT","2022-01-19",138,4372
"NT","2022-01-20",136,4508
"NT","2022-01-21",172,4680
"NT","2022-01-22",0,4680
"NT","2022-01-23",0,4680
"NT","2022-01-24",282,4962
"NT","2022-01-25",158,5120
"NT","2022-01-26",175,5295
"NT","2022-01-27",151,5446
"NT","2022-01-28",168,5614
"NT","2022-01-29",0,5614
"NT","2022-01-30",0,5614
"NT","2022-01-31",251,5865
"NT","2022-02-01",208,6073
"NT","2022-02-02",148,6221
"NT","2022-02-03",142,6363
"NT","2022-02-04",187,6550
"NT","2022-02-05",0,6550
"NT","2022-02-06",0,6550
"NT","2022-02-07",296,6846
"NT","2022-02-08",73,6919
"NT","2022-02-09",110,7029
"NT","2022-02-10",97,7126
"NT","2022-02-11",217,7343
"NT","2022-02-12",0,7343
"NT","2022-02-13",0,7343
"NT","2022-02-14",335,7678
"NT","2022-02-15",98,7776
"NT","2022-02-16",131,7907
"NT","2022-02-17",80,7987
"NT","2022-02-18",98,8085
"NT","2022-02-19",0,8085
"NT","2022-02-20",0,8085
"NT","2022-02-21",217,8302
"NT","2022-02-22",122,8424
"NT","2022-02-23",71,8495
"NT","2022-02-24",99,8594
"NT","2022-02-25",88,8682
"NT","2022-02-26",0,8682
"NT","2022-02-27",0,8682
"NT","2022-02-28",115,8797
"NT","2022-03-01",127,8924
"NT","2022-03-02",83,9007
"NT","2022-03-03",73,9080
"NT","2022-03-04",42,9122
"NT","2022-03-05",0,9122
"NT","2022-03-06",0,9122
"NT","2022-03-07",109,9231
"NT","2022-03-08",94,9325
"NT","2022-03-09",75,9400
"NT","2022-03-10",66,9466
"NT","2022-03-11",48,9514
"NT","2022-03-12",0,9514
"NT","2022-03-13",0,9514
"NT","2022-03-14",76,9590
"NT","2022-03-15",76,9666
"NT","2022-03-16",71,9737
"NT","2022-03-17",53,9790
"NT","2022-03-18",53,9843
"NT","2022-03-19",0,9843
"NT","2022-03-20",0,9843
"NT","2022-03-21",99,9942
"NT","2022-03-22",63,10005
"NT","2022-03-23",101,10106
"NT","2022-03-24",129,10235
"NT","2022-03-25",98,10333
"NT","2022-03-26",0,10333
"NT","2022-03-27",0,10333
"NT","2022-03-28",214,10547
"NT","2022-03-29",132,10679
"NT","2022-03-30",100,10779
"NT","2022-03-31",98,10877
"NT","2022-04-01",74,10951
"NT","2022-04-02",0,10951
"NT","2022-04-03",0,10951
"NT","2022-04-04",53,11004
"NT","2022-04-05",0,11004
"NT","2022-04-06",0,11004
"NT","2022-04-07",0,11004
"NT","2022-04-08",0,11004
"NT","2022-04-09",0,11004
"NT","2022-04-10",0,11004
"NT","2022-04-11",132,11136
"NT","2022-04-12",0,11136
"NT","2022-04-13",0,11136
"NT","2022-04-14",0,11136
"NT","2022-04-15",0,11136
"NT","2022-04-16",0,11136
"NT","2022-04-17",0,11136
"NT","2022-04-18",0,11136
"NT","2022-04-19",81,11217
"NT","2022-04-20",0,11217
"NT","2022-04-21",0,11217
"NT","2022-04-22",0,11217
"NT","2022-04-23",0,11217
"NT","2022-04-24",0,11217
"NT","2022-04-25",69,11286
"NT","2022-04-26",0,11286
"NT","2022-04-27",0,11286
"NT","2022-04-28",0,11286
"NT","2022-04-29",0,11286
"NT","2022-04-30",0,11286
"NT","2022-05-01",0,11286
"NT","2022-05-02",87,11373
"NT","2022-05-03",0,11373
"NT","2022-05-04",0,11373
"NT","2022-05-05",0,11373
"NT","2022-05-06",0,11373
"NT","2022-05-07",0,11373
"NT","2022-05-08",0,11373
"NT","2022-05-09",53,11426
"NT","2022-05-10",0,11426
"NT","2022-05-11",0,11426
"NT","2022-05-12",0,11426
"NT","2022-05-13",0,11426
"NT","2022-05-14",0,11426
"NT","2022-05-15",0,11426
"NT","2022-05-16",0,11426
"NT","2022-05-17",0,11426
"NT","2022-05-18",0,11426
"NT","2022-05-19",0,11426
"NT","2022-05-20",0,11426
"NT","2022-05-21",0,11426
"NT","2022-05-22",0,11426
"NT","2022-05-23",10,11436
"NT","2022-05-24",0,11436
"NT","2022-05-25",0,11436
"NT","2022-05-26",0,11436
"NT","2022-05-27",0,11436
"NT","2022-05-28",0,11436
"NT","2022-05-29",0,11436
"NT","2022-05-30",42,11478
"NT","2022-05-31",0,11478
"NT","2022-06-01",0,11478
"NT","2022-06-02",0,11478
"NT","2022-06-03",0,11478
"NT","2022-06-04",0,11478
"NT","2022-06-05",0,11478
"NT","2022-06-06",24,11502
"NT","2022-06-07",0,11502
"NT","2022-06-08",0,11502
"NT","2022-06-09",0,11502
"NT","2022-06-10",0,11502
"NT","2022-06-11",6,11508
"NT","2022-06-12",0,11508
"NT","2022-06-13",3,11511
"NU","2020-01-31",0,0
"NU","2020-02-01",0,0
"NU","2020-02-02",0,0
"NU","2020-02-03",0,0
"NU","2020-02-04",0,0
"NU","2020-02-05",0,0
"NU","2020-02-06",0,0
"NU","2020-02-07",0,0
"NU","2020-02-08",0,0
"NU","2020-02-09",0,0
"NU","2020-02-10",0,0
"NU","2020-02-11",0,0
"NU","2020-02-12",0,0
"NU","2020-02-13",0,0
"NU","2020-02-14",0,0
"NU","2020-02-15",0,0
"NU","2020-02-16",0,0
"NU","2020-02-17",0,0
"NU","2020-02-18",0,0
"NU","2020-02-19",0,0
"NU","2020-02-20",0,0
"NU","2020-02-21",0,0
"NU","2020-02-22",0,0
"NU","2020-02-23",0,0
"NU","2020-02-24",0,0
"NU","2020-02-25",0,0
"NU","2020-02-26",0,0
"NU","2020-02-27",0,0
"NU","2020-02-28",0,0
"NU","2020-02-29",0,0
"NU","2020-03-01",0,0
"NU","2020-03-02",0,0
"NU","2020-03-03",0,0
"NU","2020-03-04",0,0
"NU","2020-03-05",0,0
"NU","2020-03-06",0,0
"NU","2020-03-07",0,0
"NU","2020-03-08",0,0
"NU","2020-03-09",0,0
"NU","2020-03-10",0,0
"NU","2020-03-11",0,0
"NU","2020-03-12",0,0
"NU","2020-03-13",0,0
"NU","2020-03-14",0,0
"NU","2020-03-15",0,0
"NU","2020-03-16",0,0
"NU","2020-03-17",0,0
"NU","2020-03-18",0,0
"NU","2020-03-19",0,0
"NU","2020-03-20",0,0
"NU","2020-03-21",0,0
"NU","2020-03-22",0,0
"NU","2020-03-23",0,0
"NU","2020-03-24",0,0
"NU","2020-03-25",0,0
"NU","2020-03-26",0,0
"NU","2020-03-27",0,0
"NU","2020-03-28",0,0
"NU","2020-03-29",0,0
"NU","2020-03-30",0,0
"NU","2020-03-31",0,0
"NU","2020-04-01",0,0
"NU","2020-04-02",0,0
"NU","2020-04-03",0,0
"NU","2020-04-04",0,0
"NU","2020-04-05",0,0
"NU","2020-04-06",0,0
"NU","2020-04-07",0,0
"NU","2020-04-08",0,0
"NU","2020-04-09",0,0
"NU","2020-04-10",0,0
"NU","2020-04-11",0,0
"NU","2020-04-12",0,0
"NU","2020-04-13",0,0
"NU","2020-04-14",0,0
"NU","2020-04-15",0,0
"NU","2020-04-16",0,0
"NU","2020-04-17",0,0
"NU","2020-04-18",0,0
"NU","2020-04-19",0,0
"NU","2020-04-20",0,0
"NU","2020-04-21",0,0
"NU","2020-04-22",0,0
"NU","2020-04-23",0,0
"NU","2020-04-24",0,0
"NU","2020-04-25",0,0
"NU","2020-04-26",0,0
"NU","2020-04-27",0,0
"NU","2020-04-28",0,0
"NU","2020-04-29",0,0
"NU","2020-04-30",0,0
"NU","2020-05-01",0,0
"NU","2020-05-02",0,0
"NU","2020-05-03",0,0
"NU","2020-05-04",0,0
"NU","2020-05-05",0,0
"NU","2020-05-06",0,0
"NU","2020-05-07",0,0
"NU","2020-05-08",0,0
"NU","2020-05-09",0,0
"NU","2020-05-10",0,0
"NU","2020-05-11",0,0
"NU","2020-05-12",0,0
"NU","2020-05-13",0,0
"NU","2020-05-14",0,0
"NU","2020-05-15",0,0
"NU","2020-05-16",0,0
"NU","2020-05-17",0,0
"NU","2020-05-18",0,0
"NU","2020-05-19",0,0
"NU","2020-05-20",0,0
"NU","2020-05-21",0,0
"NU","2020-05-22",0,0
"NU","2020-05-23",0,0
"NU","2020-05-24",0,0
"NU","2020-05-25",0,0
"NU","2020-05-26",0,0
"NU","2020-05-27",0,0
"NU","2020-05-28",0,0
"NU","2020-05-29",0,0
"NU","2020-05-30",0,0
"NU","2020-05-31",0,0
"NU","2020-06-01",0,0
"NU","2020-06-02",0,0
"NU","2020-06-03",0,0
"NU","2020-06-04",0,0
"NU","2020-06-05",0,0
"NU","2020-06-06",0,0
"NU","2020-06-07",0,0
"NU","2020-06-08",0,0
"NU","2020-06-09",0,0
"NU","2020-06-10",0,0
"NU","2020-06-11",0,0
"NU","2020-06-12",0,0
"NU","2020-06-13",0,0
"NU","2020-06-14",0,0
"NU","2020-06-15",0,0
"NU","2020-06-16",0,0
"NU","2020-06-17",0,0
"NU","2020-06-18",0,0
"NU","2020-06-19",0,0
"NU","2020-06-20",0,0
"NU","2020-06-21",0,0
"NU","2020-06-22",0,0
"NU","2020-06-23",0,0
"NU","2020-06-24",0,0
"NU","2020-06-25",0,0
"NU","2020-06-26",0,0
"NU","2020-06-27",0,0
"NU","2020-06-28",0,0
"NU","2020-06-29",0,0
"NU","2020-06-30",0,0
"NU","2020-07-01",0,0
"NU","2020-07-02",0,0
"NU","2020-07-03",0,0
"NU","2020-07-04",0,0
"NU","2020-07-05",0,0
"NU","2020-07-06",0,0
"NU","2020-07-07",0,0
"NU","2020-07-08",0,0
"NU","2020-07-09",0,0
"NU","2020-07-10",0,0
"NU","2020-07-11",0,0
"NU","2020-07-12",0,0
"NU","2020-07-13",0,0
"NU","2020-07-14",0,0
"NU","2020-07-15",0,0
"NU","2020-07-16",0,0
"NU","2020-07-17",0,0
"NU","2020-07-18",0,0
"NU","2020-07-19",0,0
"NU","2020-07-20",0,0
"NU","2020-07-21",0,0
"NU","2020-07-22",0,0
"NU","2020-07-23",0,0
"NU","2020-07-24",0,0
"NU","2020-07-25",0,0
"NU","2020-07-26",0,0
"NU","2020-07-27",0,0
"NU","2020-07-28",0,0
"NU","2020-07-29",0,0
"NU","2020-07-30",0,0
"NU","2020-07-31",0,0
"NU","2020-08-01",0,0
"NU","2020-08-02",0,0
"NU","2020-08-03",0,0
"NU","2020-08-04",0,0
"NU","2020-08-05",0,0
"NU","2020-08-06",0,0
"NU","2020-08-07",0,0
"NU","2020-08-08",0,0
"NU","2020-08-09",0,0
"NU","2020-08-10",0,0
"NU","2020-08-11",0,0
"NU","2020-08-12",0,0
"NU","2020-08-13",0,0
"NU","2020-08-14",0,0
"NU","2020-08-15",0,0
"NU","2020-08-16",0,0
"NU","2020-08-17",0,0
"NU","2020-08-18",0,0
"NU","2020-08-19",0,0
"NU","2020-08-20",0,0
"NU","2020-08-21",0,0
"NU","2020-08-22",0,0
"NU","2020-08-23",0,0
"NU","2020-08-24",0,0
"NU","2020-08-25",0,0
"NU","2020-08-26",0,0
"NU","2020-08-27",0,0
"NU","2020-08-28",0,0
"NU","2020-08-29",0,0
"NU","2020-08-30",0,0
"NU","2020-08-31",0,0
"NU","2020-09-01",0,0
"NU","2020-09-02",0,0
"NU","2020-09-03",0,0
"NU","2020-09-04",0,0
"NU","2020-09-05",0,0
"NU","2020-09-06",0,0
"NU","2020-09-07",0,0
"NU","2020-09-08",0,0
"NU","2020-09-09",0,0
"NU","2020-09-10",0,0
"NU","2020-09-11",0,0
"NU","2020-09-12",0,0
"NU","2020-09-13",0,0
"NU","2020-09-14",0,0
"NU","2020-09-15",0,0
"NU","2020-09-16",0,0
"NU","2020-09-17",0,0
"NU","2020-09-18",0,0
"NU","2020-09-19",0,0
"NU","2020-09-20",0,0
"NU","2020-09-21",0,0
"NU","2020-09-22",0,0
"NU","2020-09-23",0,0
"NU","2020-09-24",0,0
"NU","2020-09-25",0,0
"NU","2020-09-26",0,0
"NU","2020-09-27",0,0
"NU","2020-09-28",0,0
"NU","2020-09-29",0,0
"NU","2020-09-30",0,0
"NU","2020-10-01",0,0
"NU","2020-10-02",0,0
"NU","2020-10-03",0,0
"NU","2020-10-04",0,0
"NU","2020-10-05",0,0
"NU","2020-10-06",0,0
"NU","2020-10-07",0,0
"NU","2020-10-08",0,0
"NU","2020-10-09",0,0
"NU","2020-10-10",0,0
"NU","2020-10-11",0,0
"NU","2020-10-12",0,0
"NU","2020-10-13",0,0
"NU","2020-10-14",0,0
"NU","2020-10-15",0,0
"NU","2020-10-16",0,0
"NU","2020-10-17",0,0
"NU","2020-10-18",0,0
"NU","2020-10-19",0,0
"NU","2020-10-20",0,0
"NU","2020-10-21",0,0
"NU","2020-10-22",0,0
"NU","2020-10-23",0,0
"NU","2020-10-24",0,0
"NU","2020-10-25",0,0
"NU","2020-10-26",0,0
"NU","2020-10-27",0,0
"NU","2020-10-28",0,0
"NU","2020-10-29",0,0
"NU","2020-10-30",0,0
"NU","2020-10-31",0,0
"NU","2020-11-01",0,0
"NU","2020-11-02",0,0
"NU","2020-11-03",0,0
"NU","2020-11-04",0,0
"NU","2020-11-05",0,0
"NU","2020-11-06",1,1
"NU","2020-11-07",0,1
"NU","2020-11-08",1,2
"NU","2020-11-09",0,2
"NU","2020-11-10",0,2
"NU","2020-11-11",1,3
"NU","2020-11-12",0,3
"NU","2020-11-13",1,4
"NU","2020-11-14",0,4
"NU","2020-11-15",14,18
"NU","2020-11-16",8,26
"NU","2020-11-17",34,60
"NU","2020-11-18",10,70
"NU","2020-11-19",4,74
"NU","2020-11-20",10,84
"NU","2020-11-21",25,109
"NU","2020-11-22",21,130
"NU","2020-11-23",4,134
"NU","2020-11-24",10,144
"NU","2020-11-25",11,155
"NU","2020-11-26",0,155
"NU","2020-11-27",4,159
"NU","2020-11-28",5,164
"NU","2020-11-29",13,177
"NU","2020-11-30",4,181
"NU","2020-12-01",1,182
"NU","2020-12-02",11,193
"NU","2020-12-03",5,198
"NU","2020-12-04",8,206
"NU","2020-12-05",8,214
"NU","2020-12-06",2,216
"NU","2020-12-07",3,219
"NU","2020-12-08",1,220
"NU","2020-12-09",9,229
"NU","2020-12-10",0,229
"NU","2020-12-11",16,245
"NU","2020-12-12",2,247
"NU","2020-12-13",0,247
"NU","2020-12-14",9,256
"NU","2020-12-15",2,258
"NU","2020-12-16",0,258
"NU","2020-12-17",1,259
"NU","2020-12-18",0,259
"NU","2020-12-19",0,259
"NU","2020-12-20",0,259
"NU","2020-12-21",3,262
"NU","2020-12-22",0,262
"NU","2020-12-23",2,264
"NU","2020-12-24",1,265
"NU","2020-12-25",0,265
"NU","2020-12-26",0,265
"NU","2020-12-27",0,265
"NU","2020-12-28",1,266
"NU","2020-12-29",0,266
"NU","2020-12-30",0,266
"NU","2020-12-31",0,266
"NU","2021-01-01",0,266
"NU","2021-01-02",0,266
"NU","2021-01-03",0,266
"NU","2021-01-04",0,266
"NU","2021-01-05",0,266
"NU","2021-01-06",0,266
"NU","2021-01-07",0,266
"NU","2021-01-08",0,266
"NU","2021-01-09",0,266
"NU","2021-01-10",0,266
"NU","2021-01-11",0,266
"NU","2021-01-12",0,266
"NU","2021-01-13",0,266
"NU","2021-01-14",0,266
"NU","2021-01-15",0,266
"NU","2021-01-16",0,266
"NU","2021-01-17",0,266
"NU","2021-01-18",0,266
"NU","2021-01-19",0,266
"NU","2021-01-20",0,266
"NU","2021-01-21",0,266
"NU","2021-01-22",1,267
"NU","2021-01-23",0,267
"NU","2021-01-24",13,280
"NU","2021-01-25",2,282
"NU","2021-01-26",0,282
"NU","2021-01-27",0,282
"NU","2021-01-28",1,283
"NU","2021-01-29",0,283
"NU","2021-01-30",1,284
"NU","2021-01-31",10,294
"NU","2021-02-01",0,294
"NU","2021-02-02",0,294
"NU","2021-02-03",0,294
"NU","2021-02-04",2,296
"NU","2021-02-05",0,296
"NU","2021-02-06",3,299
"NU","2021-02-07",0,299
"NU","2021-02-08",0,299
"NU","2021-02-09",0,299
"NU","2021-02-10",1,300
"NU","2021-02-11",3,303
"NU","2021-02-12",0,303
"NU","2021-02-13",5,308
"NU","2021-02-14",3,311
"NU","2021-02-15",7,318
"NU","2021-02-16",5,323
"NU","2021-02-17",1,324
"NU","2021-02-18",6,330
"NU","2021-02-19",2,332
"NU","2021-02-20",6,338
"NU","2021-02-21",1,339
"NU","2021-02-22",12,351
"NU","2021-02-23",0,351
"NU","2021-02-24",0,351
"NU","2021-02-25",4,355
"NU","2021-02-26",1,356
"NU","2021-02-27",0,356
"NU","2021-02-28",1,357
"NU","2021-03-01",1,358
"NU","2021-03-02",1,359
"NU","2021-03-03",0,359
"NU","2021-03-04",10,369
"NU","2021-03-05",4,373
"NU","2021-03-06",4,377
"NU","2021-03-07",4,381
"NU","2021-03-08",0,381
"NU","2021-03-09",0,381
"NU","2021-03-10",0,381
"NU","2021-03-11",0,381
"NU","2021-03-12",0,381
"NU","2021-03-13",2,383
"NU","2021-03-14",0,383
"NU","2021-03-15",0,383
"NU","2021-03-16",0,383
"NU","2021-03-17",12,395
"NU","2021-03-18",0,395
"NU","2021-03-19",0,395
"NU","2021-03-20",0,395
"NU","2021-03-21",0,395
"NU","2021-03-22",0,395
"NU","2021-03-23",0,395
"NU","2021-03-24",0,395
"NU","2021-03-25",0,395
"NU","2021-03-26",0,395
"NU","2021-03-27",0,395
"NU","2021-03-28",0,395
"NU","2021-03-29",0,395
"NU","2021-03-30",0,395
"NU","2021-03-31",0,395
"NU","2021-04-01",0,395
"NU","2021-04-02",0,395
"NU","2021-04-03",0,395
"NU","2021-04-04",0,395
"NU","2021-04-05",0,395
"NU","2021-04-06",0,395
"NU","2021-04-07",0,395
"NU","2021-04-08",0,395
"NU","2021-04-09",0,395
"NU","2021-04-10",0,395
"NU","2021-04-11",0,395
"NU","2021-04-12",0,395
"NU","2021-04-13",0,395
"NU","2021-04-14",0,395
"NU","2021-04-15",1,396
"NU","2021-04-16",12,408
"NU","2021-04-17",6,414
"NU","2021-04-18",3,417
"NU","2021-04-19",6,423
"NU","2021-04-20",5,428
"NU","2021-04-21",1,429
"NU","2021-04-22",3,432
"NU","2021-04-23",9,441
"NU","2021-04-24",7,448
"NU","2021-04-25",7,455
"NU","2021-04-26",9,464
"NU","2021-04-27",8,472
"NU","2021-04-28",6,478
"NU","2021-04-29",12,490
"NU","2021-04-30",11,501
"NU","2021-05-01",8,509
"NU","2021-05-02",11,520
"NU","2021-05-03",8,528
"NU","2021-05-04",7,535
"NU","2021-05-05",5,540
"NU","2021-05-06",12,552
"NU","2021-05-07",1,553
"NU","2021-05-08",7,560
"NU","2021-05-09",5,565
"NU","2021-05-10",7,572
"NU","2021-05-11",14,586
"NU","2021-05-12",8,594
"NU","2021-05-13",12,606
"NU","2021-05-14",12,618
"NU","2021-05-15",5,623
"NU","2021-05-16",1,624
"NU","2021-05-17",0,624
"NU","2021-05-18",6,630
"NU","2021-05-19",4,634
"NU","2021-05-20",2,636
"NU","2021-05-21",1,637
"NU","2021-05-22",1,638
"NU","2021-05-23",0,638
"NU","2021-05-24",1,639
"NU","2021-05-25",1,640
"NU","2021-05-26",7,647
"NU","2021-05-27",0,647
"NU","2021-05-28",1,648
"NU","2021-05-29",0,648
"NU","2021-05-30",0,648
"NU","2021-05-31",0,648
"NU","2021-06-01",0,648
"NU","2021-06-02",0,648
"NU","2021-06-03",0,648
"NU","2021-06-04",1,649
"NU","2021-06-05",0,649
"NU","2021-06-06",0,649
"NU","2021-06-07",0,649
"NU","2021-06-08",0,649
"NU","2021-06-09",0,649
"NU","2021-06-10",1,650
"NU","2021-06-11",4,654
"NU","2021-06-12",3,657
"NU","2021-06-13",0,657
"NU","2021-06-14",0,657
"NU","2021-06-15",0,657
"NU","2021-06-16",0,657
"NU","2021-06-17",0,657
"NU","2021-06-18",0,657
"NU","2021-06-19",0,657
"NU","2021-06-20",0,657
"NU","2021-06-21",0,657
"NU","2021-06-22",0,657
"NU","2021-06-23",0,657
"NU","2021-06-24",0,657
"NU","2021-06-25",0,657
"NU","2021-06-26",0,657
"NU","2021-06-27",0,657
"NU","2021-06-28",0,657
"NU","2021-06-29",0,657
"NU","2021-06-30",0,657
"NU","2021-07-01",0,657
"NU","2021-07-02",0,657
"NU","2021-07-03",0,657
"NU","2021-07-04",0,657
"NU","2021-07-05",0,657
"NU","2021-07-06",0,657
"NU","2021-07-07",0,657
"NU","2021-07-08",0,657
"NU","2021-07-09",0,657
"NU","2021-07-10",0,657
"NU","2021-07-11",0,657
"NU","2021-07-12",0,657
"NU","2021-07-13",0,657
"NU","2021-07-14",0,657
"NU","2021-07-15",0,657
"NU","2021-07-16",0,657
"NU","2021-07-17",0,657
"NU","2021-07-18",0,657
"NU","2021-07-19",0,657
"NU","2021-07-20",0,657
"NU","2021-07-21",0,657
"NU","2021-07-22",0,657
"NU","2021-07-23",0,657
"NU","2021-07-24",0,657
"NU","2021-07-25",0,657
"NU","2021-07-26",0,657
"NU","2021-07-27",0,657
"NU","2021-07-28",0,657
"NU","2021-07-29",0,657
"NU","2021-07-30",0,657
"NU","2021-07-31",0,657
"NU","2021-08-01",0,657
"NU","2021-08-02",0,657
"NU","2021-08-03",0,657
"NU","2021-08-04",0,657
"NU","2021-08-05",0,657
"NU","2021-08-06",0,657
"NU","2021-08-07",0,657
"NU","2021-08-08",0,657
"NU","2021-08-09",0,657
"NU","2021-08-10",0,657
"NU","2021-08-11",0,657
"NU","2021-08-12",0,657
"NU","2021-08-13",0,657
"NU","2021-08-14",0,657
"NU","2021-08-15",0,657
"NU","2021-08-16",0,657
"NU","2021-08-17",0,657
"NU","2021-08-18",0,657
"NU","2021-08-19",0,657
"NU","2021-08-20",0,657
"NU","2021-08-21",0,657
"NU","2021-08-22",0,657
"NU","2021-08-23",0,657
"NU","2021-08-24",0,657
"NU","2021-08-25",0,657
"NU","2021-08-26",0,657
"NU","2021-08-27",0,657
"NU","2021-08-28",0,657
"NU","2021-08-29",0,657
"NU","2021-08-30",0,657
"NU","2021-08-31",0,657
"NU","2021-09-01",0,657
"NU","2021-09-02",0,657
"NU","2021-09-03",1,658
"NU","2021-09-04",0,658
"NU","2021-09-05",0,658
"NU","2021-09-06",0,658
"NU","2021-09-07",0,658
"NU","2021-09-08",0,658
"NU","2021-09-09",0,658
"NU","2021-09-10",0,658
"NU","2021-09-11",0,658
"NU","2021-09-12",0,658
"NU","2021-09-13",1,659
"NU","2021-09-14",0,659
"NU","2021-09-15",0,659
"NU","2021-09-16",0,659
"NU","2021-09-17",0,659
"NU","2021-09-18",0,659
"NU","2021-09-19",2,661
"NU","2021-09-20",0,661
"NU","2021-09-21",2,663
"NU","2021-09-22",0,663
"NU","2021-09-23",0,663
"NU","2021-09-24",0,663
"NU","2021-09-25",0,663
"NU","2021-09-26",0,663
"NU","2021-09-27",0,663
"NU","2021-09-28",0,663
"NU","2021-09-29",1,664
"NU","2021-09-30",0,664
"NU","2021-10-01",0,664
"NU","2021-10-02",0,664
"NU","2021-10-03",0,664
"NU","2021-10-04",0,664
"NU","2021-10-05",0,664
"NU","2021-10-06",0,664
"NU","2021-10-07",0,664
"NU","2021-10-08",2,666
"NU","2021-10-09",0,666
"NU","2021-10-10",0,666
"NU","2021-10-11",5,671
"NU","2021-10-12",0,671
"NU","2021-10-13",0,671
"NU","2021-10-14",0,671
"NU","2021-10-15",0,671
"NU","2021-10-16",0,671
"NU","2021-10-17",3,674
"NU","2021-10-18",0,674
"NU","2021-10-19",0,674
"NU","2021-10-20",0,674
"NU","2021-10-21",0,674
"NU","2021-10-22",0,674
"NU","2021-10-23",0,674
"NU","2021-10-24",0,674
"NU","2021-10-25",0,674
"NU","2021-10-26",0,674
"NU","2021-10-27",0,674
"NU","2021-10-28",0,674
"NU","2021-10-29",0,674
"NU","2021-10-30",0,674
"NU","2021-10-31",0,674
"NU","2021-11-01",0,674
"NU","2021-11-02",0,674
"NU","2021-11-03",0,674
"NU","2021-11-04",0,674
"NU","2021-11-05",0,674
"NU","2021-11-06",0,674
"NU","2021-11-07",0,674
"NU","2021-11-08",0,674
"NU","2021-11-09",0,674
"NU","2021-11-10",0,674
"NU","2021-11-11",0,674
"NU","2021-11-12",0,674
"NU","2021-11-13",0,674
"NU","2021-11-14",0,674
"NU","2021-11-15",0,674
"NU","2021-11-16",0,674
"NU","2021-11-17",0,674
"NU","2021-11-18",0,674
"NU","2021-11-19",0,674
"NU","2021-11-20",0,674
"NU","2021-11-21",0,674
"NU","2021-11-22",0,674
"NU","2021-11-23",0,674
"NU","2021-11-24",0,674
"NU","2021-11-25",0,674
"NU","2021-11-26",0,674
"NU","2021-11-27",0,674
"NU","2021-11-28",0,674
"NU","2021-11-29",0,674
"NU","2021-11-30",0,674
"NU","2021-12-01",0,674
"NU","2021-12-02",0,674
"NU","2021-12-03",0,674
"NU","2021-12-04",1,675
"NU","2021-12-05",0,675
"NU","2021-12-06",0,675
"NU","2021-12-07",0,675
"NU","2021-12-08",1,676
"NU","2021-12-09",0,676
"NU","2021-12-10",0,676
"NU","2021-12-11",0,676
"NU","2021-12-12",0,676
"NU","2021-12-13",0,676
"NU","2021-12-14",0,676
"NU","2021-12-15",0,676
"NU","2021-12-16",0,676
"NU","2021-12-17",0,676
"NU","2021-12-18",0,676
"NU","2021-12-19",0,676
"NU","2021-12-20",0,676
"NU","2021-12-21",0,676
"NU","2021-12-22",0,676
"NU","2021-12-23",3,679
"NU","2021-12-24",2,681
"NU","2021-12-25",0,681
"NU","2021-12-26",0,681
"NU","2021-12-27",0,681
"NU","2021-12-28",29,710
"NU","2021-12-29",37,747
"NU","2021-12-30",18,765
"NU","2021-12-31",38,803
"NU","2022-01-01",0,803
"NU","2022-01-02",72,875
"NU","2022-01-03",16,891
"NU","2022-01-04",9,900
"NU","2022-01-05",21,921
"NU","2022-01-06",21,942
"NU","2022-01-07",35,977
"NU","2022-01-08",0,977
"NU","2022-01-09",0,977
"NU","2022-01-10",51,1028
"NU","2022-01-11",5,1033
"NU","2022-01-12",3,1036
"NU","2022-01-13",12,1048
"NU","2022-01-14",7,1055
"NU","2022-01-15",0,1055
"NU","2022-01-16",0,1055
"NU","2022-01-17",140,1195
"NU","2022-01-18",27,1222
"NU","2022-01-19",20,1242
"NU","2022-01-20",0,1242
"NU","2022-01-21",55,1297
"NU","2022-01-22",0,1297
"NU","2022-01-23",61,1358
"NU","2022-01-24",29,1387
"NU","2022-01-25",52,1439
"NU","2022-01-26",48,1487
"NU","2022-01-27",0,1487
"NU","2022-01-28",98,1585
"NU","2022-01-29",0,1585
"NU","2022-01-30",122,1707
"NU","2022-01-31",30,1737
"NU","2022-02-01",83,1820
"NU","2022-02-02",0,1820
"NU","2022-02-03",71,1891
"NU","2022-02-04",44,1935
"NU","2022-02-05",0,1935
"NU","2022-02-06",0,1935
"NU","2022-02-07",54,1989
"NU","2022-02-08",22,2011
"NU","2022-02-09",36,2047
"NU","2022-02-10",0,2047
"NU","2022-02-11",67,2114
"NU","2022-02-12",0,2114
"NU","2022-02-13",0,2114
"NU","2022-02-14",120,2234
"NU","2022-02-15",29,2263
"NU","2022-02-16",43,2306
"NU","2022-02-17",35,2341
"NU","2022-02-18",50,2391
"NU","2022-02-19",0,2391
"NU","2022-02-20",0,2391
"NU","2022-02-21",136,2527
"NU","2022-02-22",0,2527
"NU","2022-02-23",93,2620
"NU","2022-02-24",48,2668
"NU","2022-02-25",0,2668
"NU","2022-02-26",0,2668
"NU","2022-02-27",0,2668
"NU","2022-02-28",145,2813
"NU","2022-03-01",0,2813
"NU","2022-03-02",141,2954
"NU","2022-03-03",0,2954
"NU","2022-03-04",101,3055
"NU","2022-03-05",0,3055
"NU","2022-03-06",0,3055
"NU","2022-03-07",108,3163
"NU","2022-03-08",7,3170
"NU","2022-03-09",30,3200
"NU","2022-03-10",0,3200
"NU","2022-03-11",65,3265
"NU","2022-03-12",0,3265
"NU","2022-03-13",0,3265
"NU","2022-03-14",0,3265
"NU","2022-03-15",66,3331
"NU","2022-03-16",0,3331
"NU","2022-03-17",0,3331
"NU","2022-03-18",0,3331
"NU","2022-03-19",0,3331
"NU","2022-03-20",0,3331
"NU","2022-03-21",0,3331
"NU","2022-03-22",69,3400
"NU","2022-03-23",0,3400
"NU","2022-03-24",0,3400
"NU","2022-03-25",0,3400
"NU","2022-03-26",0,3400
"NU","2022-03-27",0,3400
"NU","2022-03-28",0,3400
"NU","2022-03-29",72,3472
"NU","2022-03-30",0,3472
"NU","2022-03-31",0,3472
"NU","2022-04-01",0,3472
"NU","2022-04-02",0,3472
"NU","2022-04-03",0,3472
"NU","2022-04-04",0,3472
"NU","2022-04-05",59,3531
"ON","2020-01-23",2,2
"ON","2020-01-24",1,3
"ON","2020-01-25",0,3
"ON","2020-01-26",0,3
"ON","2020-01-27",0,3
"ON","2020-01-28",0,3
"ON","2020-01-29",0,3
"ON","2020-01-30",0,3
"ON","2020-01-31",0,3
"ON","2020-02-01",0,3
"ON","2020-02-02",0,3
"ON","2020-02-03",0,3
"ON","2020-02-04",0,3
"ON","2020-02-05",1,4
"ON","2020-02-06",0,4
"ON","2020-02-07",0,4
"ON","2020-02-08",0,4
"ON","2020-02-09",0,4
"ON","2020-02-10",0,4
"ON","2020-02-11",0,4
"ON","2020-02-12",0,4
"ON","2020-02-13",0,4
"ON","2020-02-14",0,4
"ON","2020-02-15",0,4
"ON","2020-02-16",0,4
"ON","2020-02-17",0,4
"ON","2020-02-18",0,4
"ON","2020-02-19",0,4
"ON","2020-02-20",0,4
"ON","2020-02-21",1,5
"ON","2020-02-22",0,5
"ON","2020-02-23",0,5
"ON","2020-02-24",0,5
"ON","2020-02-25",1,6
"ON","2020-02-26",1,7
"ON","2020-02-27",2,9
"ON","2020-02-28",5,14
"ON","2020-02-29",4,18
"ON","2020-03-01",2,20
"ON","2020-03-02",0,20
"ON","2020-03-03",2,22
"ON","2020-03-04",1,23
"ON","2020-03-05",4,27
"ON","2020-03-06",3,30
"ON","2020-03-07",3,33
"ON","2020-03-08",5,38
"ON","2020-03-09",6,44
"ON","2020-03-10",9,53
"ON","2020-03-11",23,76
"ON","2020-03-12",37,113
"ON","2020-03-13",36,149
"ON","2020-03-14",32,181
"ON","2020-03-15",36,217
"ON","2020-03-16",53,270
"ON","2020-03-17",59,329
"ON","2020-03-18",59,388
"ON","2020-03-19",69,457
"ON","2020-03-20",99,556
"ON","2020-03-21",72,628
"ON","2020-03-22",87,715
"ON","2020-03-23",145,860
"ON","2020-03-24",174,1034
"ON","2020-03-25",138,1172
"ON","2020-03-26",250,1422
"ON","2020-03-27",297,1719
"ON","2020-03-28",236,1955
"ON","2020-03-29",228,2183
"ON","2020-03-30",437,2620
"ON","2020-03-31",411,3031
"ON","2020-04-01",455,3486
"ON","2020-04-02",452,3938
"ON","2020-04-03",465,4403
"ON","2020-04-04",350,4753
"ON","2020-04-05",371,5124
"ON","2020-04-06",480,5604
"ON","2020-04-07",458,6062
"ON","2020-04-08",493,6555
"ON","2020-04-09",489,7044
"ON","2020-04-10",401,7445
"ON","2020-04-11",476,7921
"ON","2020-04-12",550,8471
"ON","2020-04-13",598,9069
"ON","2020-04-14",560,9629
"ON","2020-04-15",620,10249
"ON","2020-04-16",579,10828
"ON","2020-04-17",753,11581
"ON","2020-04-18",601,12182
"ON","2020-04-19",596,12778
"ON","2020-04-20",614,13392
"ON","2020-04-21",523,13915
"ON","2020-04-22",550,14465
"ON","2020-04-23",511,14976
"ON","2020-04-24",432,15408
"ON","2020-04-25",427,15835
"ON","2020-04-26",369,16204
"ON","2020-04-27",482,16686
"ON","2020-04-28",417,17103
"ON","2020-04-29",407,17510
"ON","2020-04-30",410,17920
"ON","2020-05-01",490,18410
"ON","2020-05-02",333,18743
"ON","2020-05-03",343,19086
"ON","2020-05-04",335,19421
"ON","2020-05-05",410,19831
"ON","2020-05-06",356,20187
"ON","2020-05-07",307,20494
"ON","2020-05-08",300,20794
"ON","2020-05-09",310,21104
"ON","2020-05-10",294,21398
"ON","2020-05-11",216,21614
"ON","2020-05-12",258,21872
"ON","2020-05-13",362,22234
"ON","2020-05-14",342,22576
"ON","2020-05-15",383,22959
"ON","2020-05-16",370,23329
"ON","2020-05-17",422,23751
"ON","2020-05-18",376,24127
"ON","2020-05-19",330,24457
"ON","2020-05-20",388,24845
"ON","2020-05-21",338,25183
"ON","2020-05-22",400,25583
"ON","2020-05-23",367,25950
"ON","2020-05-24",341,26291
"ON","2020-05-25",400,26691
"ON","2020-05-26",273,26964
"ON","2020-05-27",322,27286
"ON","2020-05-28",325,27611
"ON","2020-05-29",606,28217
"ON","2020-05-30",346,28563
"ON","2020-05-31",412,28975
"ON","2020-06-01",396,29371
"ON","2020-06-02",366,29737
"ON","2020-06-03",348,30085
"ON","2020-06-04",279,30364
"ON","2020-06-05",278,30642
"ON","2020-06-06",223,30865
"ON","2020-06-07",207,31072
"ON","2020-06-08",214,31286
"ON","2020-06-09",216,31502
"ON","2020-06-10",237,31739
"ON","2020-06-11",187,31926
"ON","2020-06-12",240,32166
"ON","2020-06-13",171,32337
"ON","2020-06-14",144,32481
"ON","2020-06-15",178,32659
"ON","2020-06-16",173,32832
"ON","2020-06-17",190,33022
"ON","2020-06-18",198,33220
"ON","2020-06-19",189,33409
"ON","2020-06-20",154,33563
"ON","2020-06-21",174,33737
"ON","2020-06-22",203,33940
"ON","2020-06-23",152,34092
"ON","2020-06-24",163,34255
"ON","2020-06-25",146,34401
"ON","2020-06-26",182,34583
"ON","2020-06-27",230,34813
"ON","2020-06-28",205,35018
"ON","2020-06-29",131,35149
"ON","2020-06-30",176,35325
"ON","2020-07-01",150,35475
"ON","2020-07-02",142,35617
"ON","2020-07-03",151,35768
"ON","2020-07-04",129,35897
"ON","2020-07-05",92,35989
"ON","2020-07-06",105,36094
"ON","2020-07-07",141,36235
"ON","2020-07-08",142,36377
"ON","2020-07-09",136,36513
"ON","2020-07-10",124,36637
"ON","2020-07-11",128,36765
"ON","2020-07-12",114,36879
"ON","2020-07-13",98,36977
"ON","2020-07-14",105,37082
"ON","2020-07-15",134,37216
"ON","2020-07-16",142,37358
"ON","2020-07-17",165,37523
"ON","2020-07-18",175,37698
"ON","2020-07-19",122,37820
"ON","2020-07-20",178,37998
"ON","2020-07-21",118,38116
"ON","2020-07-22",124,38240
"ON","2020-07-23",195,38435
"ON","2020-07-24",139,38574
"ON","2020-07-25",118,38692
"ON","2020-07-26",125,38817
"ON","2020-07-27",122,38939
"ON","2020-07-28",122,39061
"ON","2020-07-29",100,39161
"ON","2020-07-30",109,39270
"ON","2020-07-31",127,39397
"ON","2020-08-01",103,39500
"ON","2020-08-02",57,39557
"ON","2020-08-03",97,39654
"ON","2020-08-04",87,39741
"ON","2020-08-05",81,39822
"ON","2020-08-06",97,39919
"ON","2020-08-07",80,39999
"ON","2020-08-08",92,40091
"ON","2020-08-09",90,40181
"ON","2020-08-10",69,40250
"ON","2020-08-11",88,40338
"ON","2020-08-12",96,40434
"ON","2020-08-13",90,40524
"ON","2020-08-14",91,40615
"ON","2020-08-15",87,40702
"ON","2020-08-16",100,40802
"ON","2020-08-17",99,40901
"ON","2020-08-18",105,41006
"ON","2020-08-19",103,41109
"ON","2020-08-20",108,41217
"ON","2020-08-21",133,41350
"ON","2020-08-22",82,41432
"ON","2020-08-23",101,41533
"ON","2020-08-24",117,41650
"ON","2020-08-25",120,41770
"ON","2020-08-26",131,41901
"ON","2020-08-27",150,42051
"ON","2020-08-28",120,42171
"ON","2020-08-29",109,42280
"ON","2020-08-30",122,42402
"ON","2020-08-31",134,42536
"ON","2020-09-01",123,42659
"ON","2020-09-02",126,42785
"ON","2020-09-03",169,42954
"ON","2020-09-04",155,43109
"ON","2020-09-05",147,43256
"ON","2020-09-06",194,43450
"ON","2020-09-07",174,43624
"ON","2020-09-08",181,43805
"ON","2020-09-09",195,44000
"ON","2020-09-10",205,44205
"ON","2020-09-11",265,44470
"ON","2020-09-12",297,44767
"ON","2020-09-13",215,44982
"ON","2020-09-14",277,45259
"ON","2020-09-15",318,45577
"ON","2020-09-16",335,45912
"ON","2020-09-17",429,46341
"ON","2020-09-18",398,46739
"ON","2020-09-19",400,47139
"ON","2020-09-20",401,47540
"ON","2020-09-21",387,47927
"ON","2020-09-22",373,48300
"ON","2020-09-23",396,48696
"ON","2020-09-24",427,49123
"ON","2020-09-25",515,49638
"ON","2020-09-26",624,50262
"ON","2020-09-27",561,50823
"ON","2020-09-28",532,51355
"ON","2020-09-29",608,51963
"ON","2020-09-30",681,52644
"ON","2020-10-01",624,53268
"ON","2020-10-02",675,53943
"ON","2020-10-03",544,54487
"ON","2020-10-04",588,55075
"ON","2020-10-05",577,55652
"ON","2020-10-06",759,56411
"ON","2020-10-07",879,57290
"ON","2020-10-08",745,58035
"ON","2020-10-09",804,58839
"ON","2020-10-10",687,59526
"ON","2020-10-11",797,60323
"ON","2020-10-12",591,60914
"ON","2020-10-13",830,61744
"ON","2020-10-14",879,62623
"ON","2020-10-15",763,63386
"ON","2020-10-16",708,64094
"ON","2020-10-17",706,64800
"ON","2020-10-18",800,65600
"ON","2020-10-19",755,66355
"ON","2020-10-20",759,67114
"ON","2020-10-21",842,67956
"ON","2020-10-22",994,68950
"ON","2020-10-23",955,69905
"ON","2020-10-24",936,70841
"ON","2020-10-25",881,71722
"ON","2020-10-26",780,72502
"ON","2020-10-27",875,73377
"ON","2020-10-28",924,74301
"ON","2020-10-29",892,75193
"ON","2020-10-30",1091,76284
"ON","2020-10-31",948,77232
"ON","2020-11-01",1103,78335
"ON","2020-11-02",969,79304
"ON","2020-11-03",876,80180
"ON","2020-11-04",939,81119
"ON","2020-11-05",1261,82380
"ON","2020-11-06",1299,83679
"ON","2020-11-07",1156,84835
"ON","2020-11-08",1325,86160
"ON","2020-11-09",1427,87587
"ON","2020-11-10",1575,89162
"ON","2020-11-11",1533,90695
"ON","2020-11-12",1600,92295
"ON","2020-11-13",1487,93782
"ON","2020-11-14",1496,95278
"ON","2020-11-15",1306,96584
"ON","2020-11-16",1343,97927
"ON","2020-11-17",1258,99185
"ON","2020-11-18",1490,100675
"ON","2020-11-19",1503,102178
"ON","2020-11-20",1637,103815
"ON","2020-11-21",1501,105316
"ON","2020-11-22",1320,106636
"ON","2020-11-23",1371,108007
"ON","2020-11-24",1411,109418
"ON","2020-11-25",1696,111114
"ON","2020-11-26",1859,112973
"ON","2020-11-27",1762,114735
"ON","2020-11-28",1723,116458
"ON","2020-11-29",1678,118136
"ON","2020-11-30",1631,119767
"ON","2020-12-01",1817,121584
"ON","2020-12-02",1757,123341
"ON","2020-12-03",1824,125165
"ON","2020-12-04",1891,127056
"ON","2020-12-05",2089,129145
"ON","2020-12-06",1732,130877
"ON","2020-12-07",1779,132656
"ON","2020-12-08",1865,134521
"ON","2020-12-09",1908,136429
"ON","2020-12-10",1891,138320
"ON","2020-12-11",1915,140235
"ON","2020-12-12",1976,142211
"ON","2020-12-13",1982,144193
"ON","2020-12-14",2057,146250
"ON","2020-12-15",2250,148500
"ON","2020-12-16",2312,150812
"ON","2020-12-17",2375,153187
"ON","2020-12-18",2415,155602
"ON","2020-12-19",2276,157878
"ON","2020-12-20",2338,160216
"ON","2020-12-21",2162,162378
"ON","2020-12-22",2552,164930
"ON","2020-12-23",2217,167147
"ON","2020-12-24",1923,169070
"ON","2020-12-25",2183,171253
"ON","2020-12-26",2248,173501
"ON","2020-12-27",2142,175643
"ON","2020-12-28",2741,178384
"ON","2020-12-29",3192,181576
"ON","2020-12-30",2807,184383
"ON","2020-12-31",3412,187795
"ON","2021-01-01",3277,191072
"ON","2021-01-02",2888,193960
"ON","2021-01-03",3301,197261
"ON","2021-01-04",3141,200402
"ON","2021-01-05",3324,203726
"ON","2021-01-06",3738,207464
"ON","2021-01-07",4170,211634
"ON","2021-01-08",3823,215457
"ON","2021-01-09",3378,218835
"ON","2021-01-10",3103,221938
"ON","2021-01-11",2841,224779
"ON","2021-01-12",3173,227952
"ON","2021-01-13",3337,231289
"ON","2021-01-14",2997,234286
"ON","2021-01-15",3209,237495
"ON","2021-01-16",2725,240220
"ON","2021-01-17",2085,242305
"ON","2021-01-18",2400,244705
"ON","2021-01-19",2419,247124
"ON","2021-01-20",2762,249886
"ON","2021-01-21",2348,252234
"ON","2021-01-22",2473,254707
"ON","2021-01-23",1929,256636
"ON","2021-01-24",1789,258425
"ON","2021-01-25",1624,260049
"ON","2021-01-26",1899,261948
"ON","2021-01-27",1964,263912
"ON","2021-01-28",1959,265871
"ON","2021-01-29",1880,267751
"ON","2021-01-30",1659,269410
"ON","2021-01-31",1453,270863
"ON","2021-02-01",1260,272123
"ON","2021-02-02",1446,273569
"ON","2021-02-03",1493,275062
"ON","2021-02-04",1383,276445
"ON","2021-02-05",1503,277948
"ON","2021-02-06",1244,279192
"ON","2021-02-07",1105,280297
"ON","2021-02-08",964,281261
"ON","2021-02-09",1131,282392
"ON","2021-02-10",1299,283691
"ON","2021-02-11",1219,284910
"ON","2021-02-12",1186,286096
"ON","2021-02-13",997,287093
"ON","2021-02-14",934,288027
"ON","2021-02-15",861,288888
"ON","2021-02-16",1000,289888
"ON","2021-02-17",1100,290988
"ON","2021-02-18",1198,292186
"ON","2021-02-19",1221,293407
"ON","2021-02-20",1148,294555
"ON","2021-02-21",989,295544
"ON","2021-02-22",905,296449
"ON","2021-02-23",1127,297576
"ON","2021-02-24",1189,298765
"ON","2021-02-25",1242,300007
"ON","2021-02-26",1113,301120
"ON","2021-02-27",1117,302237
"ON","2021-02-28",1002,303239
"ON","2021-03-01",918,304157
"ON","2021-03-02",1118,305275
"ON","2021-03-03",1128,306403
"ON","2021-03-04",1236,307639
"ON","2021-03-05",1255,308894
"ON","2021-03-06",1281,310175
"ON","2021-03-07",1255,311430
"ON","2021-03-08",1183,312613
"ON","2021-03-09",1237,313850
"ON","2021-03-10",1352,315202
"ON","2021-03-11",1470,316672
"ON","2021-03-12",1601,318273
"ON","2021-03-13",1401,319674
"ON","2021-03-14",1237,320911
"ON","2021-03-15",1205,322116
"ON","2021-03-16",1545,323661
"ON","2021-03-17",1711,325372
"ON","2021-03-18",1773,327145
"ON","2021-03-19",1816,328961
"ON","2021-03-20",1753,330714
"ON","2021-03-21",1597,332311
"ON","2021-03-22",1756,334067
"ON","2021-03-23",1837,335904
"ON","2021-03-24",2183,338087
"ON","2021-03-25",2237,340324
"ON","2021-03-26",2572,342896
"ON","2021-03-27",2218,345114
"ON","2021-03-28",2241,347355
"ON","2021-03-29",2213,349568
"ON","2021-03-30",2502,352070
"ON","2021-03-31",2870,354940
"ON","2021-04-01",2981,357921
"ON","2021-04-02",3082,361003
"ON","2021-04-03",3056,364059
"ON","2021-04-04",2921,366980
"ON","2021-04-05",2926,369906
"ON","2021-04-06",3405,373311
"ON","2021-04-07",3764,377075
"ON","2021-04-08",3910,380985
"ON","2021-04-09",3938,384923
"ON","2021-04-10",4720,389643
"ON","2021-04-11",3985,393628
"ON","2021-04-12",4023,397651
"ON","2021-04-13",4278,401929
"ON","2021-04-14",5067,406996
"ON","2021-04-15",4830,411826
"ON","2021-04-16",3897,415723
"ON","2021-04-17",4803,420526
"ON","2021-04-18",4281,424807
"ON","2021-04-19",3681,428488
"ON","2021-04-20",3983,432471
"ON","2021-04-21",4010,436481
"ON","2021-04-22",4510,440991
"ON","2021-04-23",4064,445055
"ON","2021-04-24",3821,448876
"ON","2021-04-25",3652,452528
"ON","2021-04-26",3135,455663
"ON","2021-04-27",3510,459173
"ON","2021-04-28",4020,463193
"ON","2021-04-29",3823,467016
"ON","2021-04-30",3378,470394
"ON","2021-05-01",3697,474091
"ON","2021-05-02",2952,477043
"ON","2021-05-03",2604,479647
"ON","2021-05-04",2895,482542
"ON","2021-05-05",3277,485819
"ON","2021-05-06",3366,489185
"ON","2021-05-07",2960,492145
"ON","2021-05-08",2702,494847
"ON","2021-05-09",2287,497134
"ON","2021-05-10",2078,499212
"ON","2021-05-11",2566,501778
"ON","2021-05-12",2594,504372
"ON","2021-05-13",2348,506720
"ON","2021-05-14",2453,509173
"ON","2021-05-15",2209,511382
"ON","2021-05-16",1690,513072
"ON","2021-05-17",1613,514685
"ON","2021-05-18",1930,516615
"ON","2021-05-19",2132,518747
"ON","2021-05-20",1815,520562
"ON","2021-05-21",1869,522431
"ON","2021-05-22",1598,524029
"ON","2021-05-23",1213,525242
"ON","2021-05-24",1017,526259
"ON","2021-05-25",987,527246
"ON","2021-05-26",1211,528457
"ON","2021-05-27",1224,529681
"ON","2021-05-28",1058,530739
"ON","2021-05-29",1056,531795
"ON","2021-05-30",706,532501
"ON","2021-05-31",665,533166
"ON","2021-06-01",809,533975
"ON","2021-06-02",860,534835
"ON","2021-06-03",854,535689
"ON","2021-06-04",710,536399
"ON","2021-06-05",608,537007
"ON","2021-06-06",490,537497
"ON","2021-06-07",419,537916
"ON","2021-06-08",513,538429
"ON","2021-06-09",597,539026
"ON","2021-06-10",511,539537
"ON","2021-06-11",521,540058
"ON","2021-06-12",434,540492
"ON","2021-06-13",350,540842
"ON","2021-06-14",353,541195
"ON","2021-06-15",374,541569
"ON","2021-06-16",370,541939
"ON","2021-06-17",353,542292
"ON","2021-06-18",330,542622
"ON","2021-06-19",290,542912
"ON","2021-06-20",262,543174
"ON","2021-06-21",202,543376
"ON","2021-06-22",277,543653
"ON","2021-06-23",295,543948
"ON","2021-06-24",297,544245
"ON","2021-06-25",304,544549
"ON","2021-06-26",247,544796
"ON","2021-06-27",209,545005
"ON","2021-06-28",183,545188
"ON","2021-06-29",244,545432
"ON","2021-06-30",234,545666
"ON","2021-07-01",189,545855
"ON","2021-07-02",197,546052
"ON","2021-07-03",216,546268
"ON","2021-07-04",158,546426
"ON","2021-07-05",130,546556
"ON","2021-07-06",228,546784
"ON","2021-07-07",224,547008
"ON","2021-07-08",162,547170
"ON","2021-07-09",172,547342
"ON","2021-07-10",153,547495
"ON","2021-07-11",124,547619
"ON","2021-07-12",111,547730
"ON","2021-07-13",157,547887
"ON","2021-07-14",140,548027
"ON","2021-07-15",178,548205
"ON","2021-07-16",179,548384
"ON","2021-07-17",155,548539
"ON","2021-07-18",121,548660
"ON","2021-07-19",131,548791
"ON","2021-07-20",167,548958
"ON","2021-07-21",179,549137
"ON","2021-07-22",192,549329
"ON","2021-07-23",167,549496
"ON","2021-07-24",145,549641
"ON","2021-07-25",134,549775
"ON","2021-07-26",127,549902
"ON","2021-07-27",172,550074
"ON","2021-07-28",234,550308
"ON","2021-07-29",250,550558
"ON","2021-07-30",235,550793
"ON","2021-07-31",197,550990
"ON","2021-08-01",151,551141
"ON","2021-08-02",137,551278
"ON","2021-08-03",208,551486
"ON","2021-08-04",274,551760
"ON","2021-08-05",346,552106
"ON","2021-08-06",445,552551
"ON","2021-08-07",342,552893
"ON","2021-08-08",337,553230
"ON","2021-08-09",335,553565
"ON","2021-08-10",385,553950
"ON","2021-08-11",534,554484
"ON","2021-08-12",529,555013
"ON","2021-08-13",543,555556
"ON","2021-08-14",507,556063
"ON","2021-08-15",452,556515
"ON","2021-08-16",435,556950
"ON","2021-08-17",511,557461
"ON","2021-08-18",650,558111
"ON","2021-08-19",703,558814
"ON","2021-08-20",710,559524
"ON","2021-08-21",682,560206
"ON","2021-08-22",493,560699
"ON","2021-08-23",504,561203
"ON","2021-08-24",631,561834
"ON","2021-08-25",804,562638
"ON","2021-08-26",873,563511
"ON","2021-08-27",759,564270
"ON","2021-08-28",701,564971
"ON","2021-08-29",583,565554
"ON","2021-08-30",606,566160
"ON","2021-08-31",795,566955
"ON","2021-09-01",809,567764
"ON","2021-09-02",871,568635
"ON","2021-09-03",865,569500
"ON","2021-09-04",650,570150
"ON","2021-09-05",615,570765
"ON","2021-09-06",519,571284
"ON","2021-09-07",673,571957
"ON","2021-09-08",854,572811
"ON","2021-09-09",840,573651
"ON","2021-09-10",844,574495
"ON","2021-09-11",712,575207
"ON","2021-09-12",583,575790
"ON","2021-09-13",512,576302
"ON","2021-09-14",827,577129
"ON","2021-09-15",765,577894
"ON","2021-09-16",828,578722
"ON","2021-09-17",760,579482
"ON","2021-09-18",636,580118
"ON","2021-09-19",540,580658
"ON","2021-09-20",598,581256
"ON","2021-09-21",610,581866
"ON","2021-09-22",729,582595
"ON","2021-09-23",658,583253
"ON","2021-09-24",656,583909
"ON","2021-09-25",609,584518
"ON","2021-09-26",440,584958
"ON","2021-09-27",484,585442
"ON","2021-09-28",590,586032
"ON","2021-09-29",648,586680
"ON","2021-09-30",645,587325
"ON","2021-10-01",604,587929
"ON","2021-10-02",537,588466
"ON","2021-10-03",516,588982
"ON","2021-10-04",405,589387
"ON","2021-10-05",626,590013
"ON","2021-10-06",568,590581
"ON","2021-10-07",661,591242
"ON","2021-10-08",573,591815
"ON","2021-10-09",494,592309
"ON","2021-10-10",354,592663
"ON","2021-10-11",350,593013
"ON","2021-10-12",367,593380
"ON","2021-10-13",372,593752
"ON","2021-10-14",598,594350
"ON","2021-10-15",490,594840
"ON","2021-10-16",370,595210
"ON","2021-10-17",367,595577
"ON","2021-10-18",300,595877
"ON","2021-10-19",370,596247
"ON","2021-10-20",451,596698
"ON","2021-10-21",414,597112
"ON","2021-10-22",410,597522
"ON","2021-10-23",311,597833
"ON","2021-10-24",241,598074
"ON","2021-10-25",296,598370
"ON","2021-10-26",330,598700
"ON","2021-10-27",465,599165
"ON","2021-10-28",415,599580
"ON","2021-10-29",348,599928
"ON","2021-10-30",410,600338
"ON","2021-10-31",336,600674
"ON","2021-11-01",334,601008
"ON","2021-11-02",428,601436
"ON","2021-11-03",528,601964
"ON","2021-11-04",527,602491
"ON","2021-11-05",602,603093
"ON","2021-11-06",536,603629
"ON","2021-11-07",479,604108
"ON","2021-11-08",397,604505
"ON","2021-11-09",574,605079
"ON","2021-11-10",594,605673
"ON","2021-11-11",696,606369
"ON","2021-11-12",648,607017
"ON","2021-11-13",595,607612
"ON","2021-11-14",500,608112
"ON","2021-11-15",495,608607
"ON","2021-11-16",664,609271
"ON","2021-11-17",703,609974
"ON","2021-11-18",815,610789
"ON","2021-11-19",665,611454
"ON","2021-11-20",735,612189
"ON","2021-11-21",594,612783
"ON","2021-11-22",557,613340
"ON","2021-11-23",753,614093
"ON","2021-11-24",749,614842
"ON","2021-11-25",989,615831
"ON","2021-11-26",909,616740
"ON","2021-11-27",884,617624
"ON","2021-11-28",719,618343
"ON","2021-11-29",679,619022
"ON","2021-11-30",941,619963
"ON","2021-12-01",1047,621010
"ON","2021-12-02",1099,622109
"ON","2021-12-03",1145,623254
"ON","2021-12-04",976,624230
"ON","2021-12-05",820,625050
"ON","2021-12-06",999,626049
"ON","2021-12-07",1164,627213
"ON","2021-12-08",1357,628570
"ON","2021-12-09",1558,630128
"ON","2021-12-10",1531,631659
"ON","2021-12-11",1583,633242
"ON","2021-12-12",1442,634684
"ON","2021-12-13",1505,636189
"ON","2021-12-14",2173,638362
"ON","2021-12-15",3077,641439
"ON","2021-12-16",3118,644557
"ON","2021-12-17",3913,648470
"ON","2021-12-18",3886,652356
"ON","2021-12-19",3737,656093
"ON","2021-12-20",4337,660430
"ON","2021-12-21",5480,665910
"ON","2021-12-22",8205,674115
"ON","2021-12-23",11110,685225
"ON","2021-12-24",10990,696215
"ON","2021-12-25",9299,705514
"ON","2021-12-26",9548,715062
"ON","2021-12-27",9967,725029
"ON","2021-12-28",12882,737911
"ON","2021-12-29",17319,755230
"ON","2021-12-30",17569,772799
"ON","2021-12-31",19511,792310
"ON","2022-01-01",15531,807841
"ON","2022-01-02",12783,820624
"ON","2022-01-03",11911,832535
"ON","2022-01-04",13309,845844
"ON","2022-01-05",13590,859434
"ON","2022-01-06",14146,873580
"ON","2022-01-07",13481,887061
"ON","2022-01-08",12199,899260
"ON","2022-01-09",9180,908440
"ON","2022-01-10",10208,918648
"ON","2022-01-11",10544,929192
"ON","2022-01-12",11967,941159
"ON","2022-01-13",10720,951879
"ON","2022-01-14",11340,963219
"ON","2022-01-15",9806,973025
"ON","2022-01-16",7338,980363
"ON","2022-01-17",6507,986870
"ON","2022-01-18",6951,993821
"ON","2022-01-19",6971,1000792
"ON","2022-01-20",7558,1008350
"ON","2022-01-21",5666,1014016
"ON","2022-01-22",5827,1019843
"ON","2022-01-23",3452,1023295
"ON","2022-01-24",4656,1027951
"ON","2022-01-25",5475,1033426
"ON","2022-01-26",5867,1039293
"ON","2022-01-27",5012,1044305
"ON","2022-01-28",4333,1048638
"ON","2022-01-29",3326,1051964
"ON","2022-01-30",2590,1054554
"ON","2022-01-31",3026,1057580
"ON","2022-02-01",3942,1061522
"ON","2022-02-02",4048,1065570
"ON","2022-02-03",3344,1068914
"ON","2022-02-04",3137,1072051
"ON","2022-02-05",2200,1074251
"ON","2022-02-06",1897,1076148
"ON","2022-02-07",2647,1078795
"ON","2022-02-08",3226,1082021
"ON","2022-02-09",2778,1084799
"ON","2022-02-10",2778,1087577
"ON","2022-02-11",2627,1090204
"ON","2022-02-12",1804,1092008
"ON","2022-02-13",1295,1093303
"ON","2022-02-14",1973,1095276
"ON","2022-02-15",2335,1097611
"ON","2022-02-16",2197,1099808
"ON","2022-02-17",2352,1102160
"ON","2022-02-18",1848,1104008
"ON","2022-02-19",1515,1105523
"ON","2022-02-20",1175,1106698
"ON","2022-02-21",1266,1107964
"ON","2022-02-22",1813,1109777
"ON","2022-02-23",2303,1112080
"ON","2022-02-24",2258,1114338
"ON","2022-02-25",1963,1116301
"ON","2022-02-26",1582,1117883
"ON","2022-02-27",1132,1119015
"ON","2022-02-28",1393,1120408
"ON","2022-03-01",2074,1122482
"ON","2022-03-02",1947,1124429
"ON","2022-03-03",1808,1126237
"ON","2022-03-04",1677,1127914
"ON","2022-03-05",1331,1129245
"ON","2022-03-06",980,1130225
"ON","2022-03-07",1463,1131688
"ON","2022-03-08",2123,1133811
"ON","2022-03-09",1544,1135355
"ON","2022-03-10",2184,1137539
"ON","2022-03-11",1702,1139241
"ON","2022-03-12",1366,1140607
"ON","2022-03-13",968,1141575
"ON","2022-03-14",1396,1142971
"ON","2022-03-15",1994,1144965
"ON","2022-03-16",1941,1146906
"ON","2022-03-17",2002,1148908
"ON","2022-03-18",1731,1150639
"ON","2022-03-19",1297,1151936
"ON","2022-03-20",1289,1153225
"ON","2022-03-21",1501,1154726
"ON","2022-03-22",2474,1157200
"ON","2022-03-23",2381,1159581
"ON","2022-03-24",2573,1162154
"ON","2022-03-25",2440,1164594
"ON","2022-03-26",1705,1166299
"ON","2022-03-27",1658,1167957
"ON","2022-03-28",1929,1169886
"ON","2022-03-29",2687,1172573
"ON","2022-03-30",3174,1175747
"ON","2022-03-31",2966,1178713
"ON","2022-04-01",3105,1181818
"ON","2022-04-02",2551,1184369
"ON","2022-04-03",1905,1186274
"ON","2022-04-04",2595,1188869
"ON","2022-04-05",3871,1192740
"ON","2022-04-06",3675,1196415
"ON","2022-04-07",3714,1200129
"ON","2022-04-08",3722,1203851
"ON","2022-04-09",3080,1206931
"ON","2022-04-10",2062,1208993
"ON","2022-04-11",2798,1211791
"ON","2022-04-12",4229,1216020
"ON","2022-04-13",4269,1220289
"ON","2022-04-14",4147,1224436
"ON","2022-04-15",3501,1227937
"ON","2022-04-16",2100,1230037
"ON","2022-04-17",2210,1232247
"ON","2022-04-18",1134,1233381
"ON","2022-04-19",3461,1236842
"ON","2022-04-20",4679,1241521
"ON","2022-04-21",3692,1245213
"ON","2022-04-22",4132,1249345
"ON","2022-04-23",2645,1251990
"ON","2022-04-24",1744,1253734
"ON","2022-04-25",2060,1255794
"ON","2022-04-26",3614,1259408
"ON","2022-04-27",2760,1262168
"ON","2022-04-28",2761,1264929
"ON","2022-04-29",2446,1267375
"ON","2022-04-30",1791,1269166
"ON","2022-05-01",1361,1270527
"ON","2022-05-02",1910,1272437
"ON","2022-05-03",2700,1275137
"ON","2022-05-04",2218,1277355
"ON","2022-05-05",2338,1279693
"ON","2022-05-06",2029,1281722
"ON","2022-05-07",1559,1283281
"ON","2022-05-08",1018,1284299
"ON","2022-05-09",1553,1285852
"ON","2022-05-10",2067,1287919
"ON","2022-05-11",2033,1289952
"ON","2022-05-12",1810,1291762
"ON","2022-05-13",1598,1293360
"ON","2022-05-14",1254,1294614
"ON","2022-05-15",962,1295576
"ON","2022-05-16",1237,1296813
"ON","2022-05-17",1644,1298457
"ON","2022-05-18",1395,1299852
"ON","2022-05-19",1349,1301201
"ON","2022-05-20",1104,1302305
"ON","2022-05-21",830,1303135
"ON","2022-05-22",626,1303761
"ON","2022-05-23",630,1304391
"ON","2022-05-24",984,1305375
"ON","2022-05-25",1085,1306460
"ON","2022-05-26",1079,1307539
"ON","2022-05-27",932,1308471
"ON","2022-05-28",723,1309194
"ON","2022-05-29",479,1309673
"ON","2022-05-30",778,1310451
"ON","2022-05-31",1048,1311499
"ON","2022-06-01",812,1312311
"ON","2022-06-02",827,1313138
"ON","2022-06-03",848,1313986
"ON","2022-06-04",551,1314537
"ON","2022-06-05",464,1315001
"ON","2022-06-06",756,1315757
"ON","2022-06-07",955,1316712
"ON","2022-06-08",836,1317548
"ON","2022-06-09",803,1318351
"ON","2022-06-10",735,1319086
"ON","2022-06-11",510,1319596
"ON","2022-06-12",401,1319997
"ON","2022-06-13",582,1320579
"ON","2022-06-14",746,1321325
"ON","2022-06-15",820,1322145
"ON","2022-06-16",750,1322895
"ON","2022-06-17",609,1323504
"ON","2022-06-18",478,1323982
"ON","2022-06-19",442,1324424
"ON","2022-06-20",628,1325052
"ON","2022-06-21",880,1325932
"ON","2022-06-22",946,1326878
"ON","2022-06-23",924,1327802
"ON","2022-06-24",927,1328729
"ON","2022-06-25",687,1329416
"ON","2022-06-26",516,1329932
"ON","2022-06-27",924,1330856
"ON","2022-06-28",1240,1332096
"ON","2022-06-29",1031,1333127
"ON","2022-06-30",1307,1334434
"ON","2022-07-01",876,1335310
"ON","2022-07-02",749,1336059
"ON","2022-07-03",816,1336875
"ON","2022-07-04",1177,1338052
"ON","2022-07-05",1418,1339470
"ON","2022-07-06",1629,1341099
"ON","2022-07-07",1538,1342637
"ON","2022-07-08",1218,1343855
"ON","2022-07-09",1028,1344883
"ON","2022-07-10",888,1345771
"ON","2022-07-11",1501,1347272
"ON","2022-07-12",2107,1349379
"ON","2022-07-13",1933,1351312
"ON","2022-07-14",1807,1353119
"ON","2022-07-15",1790,1354909
"ON","2022-07-16",1513,1356422
"ON","2022-07-17",1087,1357509
"ON","2022-07-18",1528,1359037
"ON","2022-07-19",2212,1361249
"ON","2022-07-20",2221,1363470
"ON","2022-07-21",2095,1365565
"ON","2022-07-22",1755,1367320
"ON","2022-07-23",1362,1368682
"ON","2022-07-24",1104,1369786
"ON","2022-07-25",1552,1371338
"ON","2022-07-26",2071,1373409
"ON","2022-07-27",1752,1375161
"ON","2022-07-28",1865,1377026
"ON","2022-07-29",1540,1378566
"ON","2022-07-30",1356,1379922
"ON","2022-07-31",1016,1380938
"ON","2022-08-01",972,1381910
"ON","2022-08-02",1368,1383278
"ON","2022-08-03",2042,1385320
"ON","2022-08-04",1930,1387250
"ON","2022-08-05",1732,1388982
"ON","2022-08-06",1481,1390463
"ON","2022-08-07",880,1391343
"ON","2022-08-08",1193,1392536
"ON","2022-08-09",1909,1394445
"ON","2022-08-10",1685,1396130
"ON","2022-08-11",1667,1397797
"ON","2022-08-12",1498,1399295
"ON","2022-08-13",1134,1400429
"ON","2022-08-14",943,1401372
"ON","2022-08-15",1222,1402594
"ON","2022-08-16",1618,1404212
"ON","2022-08-17",1692,1405904
"ON","2022-08-18",1574,1407478
"ON","2022-08-19",1506,1408984
"ON","2022-08-20",1134,1410118
"ON","2022-08-21",922,1411040
"ON","2022-08-22",1269,1412309
"ON","2022-08-23",1673,1413982
"ON","2022-08-24",1535,1415517
"ON","2022-08-25",1293,1416810
"ON","2022-08-26",1382,1418192
"ON","2022-08-27",1125,1419317
"ON","2022-08-28",812,1420129
"ON","2022-08-29",1039,1421168
"ON","2022-08-30",1565,1422733
"ON","2022-08-31",1376,1424109
"ON","2022-09-01",1346,1425455
"ON","2022-09-02",1188,1426643
"ON","2022-09-03",927,1427570
"ON","2022-09-04",648,1428218
"ON","2022-09-05",741,1428959
"ON","2022-09-06",1134,1430093
"ON","2022-09-07",1305,1431398
"ON","2022-09-08",1302,1432700
"ON","2022-09-09",1089,1433789
"ON","2022-09-10",856,1434645
"ON","2022-09-11",666,1435311
"ON","2022-09-12",1136,1436447
"ON","2022-09-13",1402,1437849
"ON","2022-09-14",1264,1439113
"ON","2022-09-15",1300,1440413
"ON","2022-09-16",1120,1441533
"ON","2022-09-17",872,1442405
"ON","2022-09-18",761,1443166
"ON","2022-09-19",878,1444044
"ON","2022-09-20",1347,1445391
"ON","2022-09-21",1682,1447073
"ON","2022-09-22",1340,1448413
"ON","2022-09-23",1210,1449623
"ON","2022-09-24",1007,1450630
"ON","2022-09-25",761,1451391
"ON","2022-09-26",1048,1452439
"ON","2022-09-27",1502,1453941
"ON","2022-09-28",1423,1455364
"ON","2022-09-29",1430,1456794
"ON","2022-09-30",1269,1458063
"ON","2022-10-01",921,1458984
"ON","2022-10-02",645,1459629
"ON","2022-10-03",1080,1460709
"ON","2022-10-04",1628,1462337
"ON","2022-10-05",1587,1463924
"ON","2022-10-06",1385,1465309
"ON","2022-10-07",1448,1466757
"ON","2022-10-08",1285,1468042
"ON","2022-10-09",837,1468879
"ON","2022-10-10",836,1469715
"ON","2022-10-11",1318,1471033
"ON","2022-10-12",2101,1473134
"ON","2022-10-13",1817,1474951
"ON","2022-10-14",1524,1476475
"ON","2022-10-15",1050,1477525
"ON","2022-10-16",855,1478380
"ON","2022-10-17",904,1479284
"ON","2022-10-18",1295,1480579
"ON","2022-10-19",1727,1482306
"ON","2022-10-20",2106,1484412
"ON","2022-10-21",1866,1486278
"ON","2022-10-22",1150,1487428
"ON","2022-10-23",817,1488245
"ON","2022-10-24",1462,1489707
"ON","2022-10-25",1919,1491626
"ON","2022-10-26",1609,1493235
"ON","2022-10-27",1659,1494894
"ON","2022-10-28",1500,1496394
"ON","2022-10-29",942,1497336
"ON","2022-10-30",822,1498158
"ON","2022-10-31",1035,1499193
"ON","2022-11-01",1528,1500721
"ON","2022-11-02",1364,1502085
"ON","2022-11-03",1273,1503358
"ON","2022-11-04",1239,1504597
"ON","2022-11-05",847,1505444
"ON","2022-11-06",743,1506187
"ON","2022-11-07",846,1507033
"ON","2022-11-08",1192,1508225
"ON","2022-11-09",935,1509160
"ON","2022-11-10",896,1510056
"ON","2022-11-11",795,1510851
"ON","2022-11-12",597,1511448
"ON","2022-11-13",494,1511942
"ON","2022-11-14",693,1512635
"ON","2022-11-15",936,1513571
"ON","2022-11-16",913,1514484
"ON","2022-11-17",911,1515395
"ON","2022-11-18",727,1516122
"ON","2022-11-19",563,1516685
"ON","2022-11-20",376,1517061
"ON","2022-11-21",620,1517681
"ON","2022-11-22",866,1518547
"ON","2022-11-23",764,1519311
"ON","2022-11-24",765,1520076
"ON","2022-11-25",728,1520804
"ON","2022-11-26",492,1521296
"ON","2022-11-27",408,1521704
"ON","2022-11-28",653,1522357
"ON","2022-11-29",802,1523159
"ON","2022-11-30",901,1524060
"ON","2022-12-01",820,1524880
"ON","2022-12-02",732,1525612
"ON","2022-12-03",590,1526202
"ON","2022-12-04",424,1526626
"ON","2022-12-05",699,1527325
"ON","2022-12-06",923,1528248
"ON","2022-12-07",918,1529166
"ON","2022-12-08",849,1530015
"ON","2022-12-09",774,1530789
"ON","2022-12-10",663,1531452
"ON","2022-12-11",538,1531990
"ON","2022-12-12",700,1532690
"ON","2022-12-13",1076,1533766
"ON","2022-12-14",1100,1534866
"ON","2022-12-15",987,1535853
"ON","2022-12-16",755,1536608
"ON","2022-12-17",842,1537450
"ON","2022-12-18",666,1538116
"ON","2022-12-19",856,1538972
"ON","2022-12-20",1123,1540095
"ON","2022-12-21",1189,1541284
"ON","2022-12-22",1168,1542452
"ON","2022-12-23",927,1543379
"ON","2022-12-24",565,1543944
"ON","2022-12-25",442,1544386
"ON","2022-12-26",507,1544893
"ON","2022-12-27",772,1545665
"ON","2022-12-28",1264,1546929
"ON","2022-12-29",1313,1548242
"ON","2022-12-30",1330,1549572
"ON","2022-12-31",1007,1550579
"ON","2023-01-01",686,1551265
"ON","2023-01-02",666,1551931
"ON","2023-01-03",1391,1553322
"ON","2023-01-04",1399,1554721
"ON","2023-01-05",1102,1555823
"ON","2023-01-06",1259,1557082
"ON","2023-01-07",914,1557996
"ON","2023-01-08",636,1558632
"ON","2023-01-09",967,1559599
"ON","2023-01-10",1036,1560635
"ON","2023-01-11",933,1561568
"ON","2023-01-12",948,1562516
"ON","2023-01-13",903,1563419
"ON","2023-01-14",557,1563976
"ON","2023-01-15",494,1564470
"ON","2023-01-16",748,1565218
"ON","2023-01-17",910,1566128
"ON","2023-01-18",844,1566972
"ON","2023-01-19",845,1567817
"ON","2023-01-20",717,1568534
"ON","2023-01-21",656,1569190
"ON","2023-01-22",512,1569702
"ON","2023-01-23",669,1570371
"ON","2023-01-24",867,1571238
"ON","2023-01-25",836,1572074
"ON","2023-01-26",665,1572739
"ON","2023-01-27",792,1573531
"ON","2023-01-28",635,1574166
"ON","2023-01-29",454,1574620
"ON","2023-01-30",684,1575304
"ON","2023-01-31",828,1576132
"ON","2023-02-01",772,1576904
"ON","2023-02-02",781,1577685
"ON","2023-02-03",677,1578362
"ON","2023-02-04",530,1578892
"ON","2023-02-05",492,1579384
"ON","2023-02-06",615,1579999
"ON","2023-02-07",698,1580697
"ON","2023-02-08",841,1581538
"ON","2023-02-09",780,1582318
"ON","2023-02-10",692,1583010
"ON","2023-02-11",500,1583510
"ON","2023-02-12",420,1583930
"ON","2023-02-13",614,1584544
"ON","2023-02-14",779,1585323
"ON","2023-02-15",662,1585985
"ON","2023-02-16",658,1586643
"ON","2023-02-17",665,1587308
"ON","2023-02-18",535,1587843
"ON","2023-02-19",403,1588246
"ON","2023-02-20",403,1588649
"ON","2023-02-21",583,1589232
"ON","2023-02-22",812,1590044
"ON","2023-02-23",656,1590700
"ON","2023-02-24",624,1591324
"ON","2023-02-25",464,1591788
"ON","2023-02-26",403,1592191
"ON","2023-02-27",549,1592740
"ON","2023-02-28",657,1593397
"ON","2023-03-01",663,1594060
"ON","2023-03-02",666,1594726
"ON","2023-03-03",580,1595306
"ON","2023-03-04",391,1595697
"ON","2023-03-05",330,1596027
"ON","2023-03-06",531,1596558
"ON","2023-03-07",666,1597224
"ON","2023-03-08",536,1597760
"ON","2023-03-09",701,1598461
"ON","2023-03-10",555,1599016
"ON","2023-03-11",416,1599432
"ON","2023-03-12",303,1599735
"ON","2023-03-13",489,1600224
"ON","2023-03-14",583,1600807
"ON","2023-03-15",663,1601470
"ON","2023-03-16",562,1602032
"ON","2023-03-17",512,1602544
"ON","2023-03-18",458,1603002
"ON","2023-03-19",291,1603293
"ON","2023-03-20",520,1603813
"ON","2023-03-21",646,1604459
"ON","2023-03-22",592,1605051
"ON","2023-03-23",518,1605569
"ON","2023-03-24",468,1606037
"ON","2023-03-25",361,1606398
"ON","2023-03-26",290,1606688
"ON","2023-03-27",388,1607076
"ON","2023-03-28",476,1607552
"ON","2023-03-29",513,1608065
"ON","2023-03-30",364,1608429
"ON","2023-03-31",442,1608871
"ON","2023-04-01",288,1609159
"ON","2023-04-02",232,1609391
"ON","2023-04-03",348,1609739
"ON","2023-04-04",371,1610110
"ON","2023-04-05",405,1610515
"ON","2023-04-06",336,1610851
"ON","2023-04-07",248,1611099
"ON","2023-04-08",211,1611310
"ON","2023-04-09",181,1611491
"ON","2023-04-10",246,1611737
"ON","2023-04-11",378,1612115
"ON","2023-04-12",408,1612523
"ON","2023-04-13",420,1612943
"ON","2023-04-14",363,1613306
"ON","2023-04-15",266,1613572
"ON","2023-04-16",182,1613754
"ON","2023-04-17",269,1614023
"ON","2023-04-18",303,1614326
"ON","2023-04-19",287,1614613
"ON","2023-04-20",185,1614798
"ON","2023-04-21",281,1615079
"ON","2023-04-22",200,1615279
"ON","2023-04-23",134,1615413
"ON","2023-04-24",221,1615634
"ON","2023-04-25",256,1615890
"ON","2023-04-26",270,1616160
"ON","2023-04-27",224,1616384
"ON","2023-04-28",228,1616612
"ON","2023-04-29",186,1616798
"ON","2023-04-30",148,1616946
"ON","2023-05-01",165,1617111
"ON","2023-05-02",296,1617407
"ON","2023-05-03",230,1617637
"ON","2023-05-04",226,1617863
"ON","2023-05-05",224,1618087
"ON","2023-05-06",162,1618249
"ON","2023-05-07",167,1618416
"ON","2023-05-08",185,1618601
"ON","2023-05-09",243,1618844
"ON","2023-05-10",241,1619085
"ON","2023-05-11",199,1619284
"ON","2023-05-12",183,1619467
"ON","2023-05-13",160,1619627
"ON","2023-05-14",123,1619750
"ON","2023-05-15",159,1619909
"ON","2023-05-16",208,1620117
"ON","2023-05-17",230,1620347
"ON","2023-05-18",220,1620567
"ON","2023-05-19",201,1620768
"ON","2023-05-20",120,1620888
"ON","2023-05-21",142,1621030
"ON","2023-05-22",106,1621136
"ON","2023-05-23",160,1621296
"ON","2023-05-24",248,1621544
"ON","2023-05-25",243,1621787
"ON","2023-05-26",180,1621967
"ON","2023-05-27",128,1622095
"ON","2023-05-28",82,1622177
"ON","2023-05-29",172,1622349
"ON","2023-05-30",194,1622543
"ON","2023-05-31",211,1622754
"ON","2023-06-01",176,1622930
"ON","2023-06-02",186,1623116
"ON","2023-06-03",131,1623247
"ON","2023-06-04",66,1623313
"ON","2023-06-05",99,1623412
"ON","2023-06-06",166,1623578
"ON","2023-06-07",200,1623778
"ON","2023-06-08",142,1623920
"ON","2023-06-09",123,1624043
"ON","2023-06-10",84,1624127
"ON","2023-06-11",79,1624206
"ON","2023-06-12",132,1624338
"ON","2023-06-13",115,1624453
"ON","2023-06-14",115,1624568
"ON","2023-06-15",94,1624662
"ON","2023-06-16",144,1624806
"ON","2023-06-17",73,1624879
"ON","2023-06-18",70,1624949
"ON","2023-06-19",77,1625026
"ON","2023-06-20",103,1625129
"ON","2023-06-21",130,1625259
"ON","2023-06-22",90,1625349
"ON","2023-06-23",82,1625431
"ON","2023-06-24",81,1625512
"ON","2023-06-25",43,1625555
"ON","2023-06-26",63,1625618
"ON","2023-06-27",112,1625730
"ON","2023-06-28",108,1625838
"ON","2023-06-29",58,1625896
"ON","2023-06-30",90,1625986
"ON","2023-07-01",44,1626030
"ON","2023-07-02",51,1626081
"ON","2023-07-03",31,1626112
"ON","2023-07-04",70,1626182
"ON","2023-07-05",97,1626279
"ON","2023-07-06",72,1626351
"ON","2023-07-07",51,1626402
"ON","2023-07-08",74,1626476
"ON","2023-07-09",57,1626533
"ON","2023-07-10",84,1626617
"ON","2023-07-11",95,1626712
"ON","2023-07-12",105,1626817
"ON","2023-07-13",69,1626886
"ON","2023-07-14",103,1626989
"ON","2023-07-15",60,1627049
"ON","2023-07-16",42,1627091
"ON","2023-07-17",127,1627218
"ON","2023-07-18",103,1627321
"ON","2023-07-19",105,1627426
"ON","2023-07-20",79,1627505
"ON","2023-07-21",119,1627624
"ON","2023-07-22",85,1627709
"ON","2023-07-23",53,1627762
"ON","2023-07-24",88,1627850
"ON","2023-07-25",136,1627986
"ON","2023-07-26",113,1628099
"ON","2023-07-27",129,1628228
"ON","2023-07-28",125,1628353
"ON","2023-07-29",61,1628414
"ON","2023-07-30",40,1628454
"ON","2023-07-31",92,1628546
"ON","2023-08-01",113,1628659
"ON","2023-08-02",117,1628776
"ON","2023-08-03",125,1628901
"ON","2023-08-04",124,1629025
"ON","2023-08-05",67,1629092
"ON","2023-08-06",86,1629178
"ON","2023-08-07",62,1629240
"ON","2023-08-08",96,1629336
"ON","2023-08-09",151,1629487
"ON","2023-08-10",133,1629620
"ON","2023-08-11",124,1629744
"ON","2023-08-12",75,1629819
"ON","2023-08-13",100,1629919
"ON","2023-08-14",178,1630097
"ON","2023-08-15",202,1630299
"ON","2023-08-16",184,1630483
"ON","2023-08-17",177,1630660
"ON","2023-08-18",208,1630868
"ON","2023-08-19",113,1630981
"ON","2023-08-20",162,1631143
"ON","2023-08-21",179,1631322
"ON","2023-08-22",287,1631609
"ON","2023-08-23",233,1631842
"ON","2023-08-24",274,1632116
"ON","2023-08-25",250,1632366
"ON","2023-08-26",174,1632540
"ON","2023-08-27",143,1632683
"ON","2023-08-28",181,1632864
"ON","2023-08-29",303,1633167
"ON","2023-08-30",221,1633388
"ON","2023-08-31",269,1633657
"ON","2023-09-01",287,1633944
"ON","2023-09-02",180,1634124
"ON","2023-09-03",198,1634322
"ON","2023-09-04",175,1634497
"ON","2023-09-05",264,1634761
"ON","2023-09-06",374,1635135
"ON","2023-09-07",375,1635510
"ON","2023-09-08",279,1635789
"ON","2023-09-09",170,1635959
"ON","2023-09-10",183,1636142
"ON","2023-09-11",235,1636377
"ON","2023-09-12",460,1636837
"ON","2023-09-13",409,1637246
"ON","2023-09-14",340,1637586
"ON","2023-09-15",387,1637973
"ON","2023-09-16",260,1638233
"ON","2023-09-17",198,1638431
"ON","2023-09-18",326,1638757
"ON","2023-09-19",494,1639251
"ON","2023-09-20",553,1639804
"ON","2023-09-21",433,1640237
"ON","2023-09-22",460,1640697
"ON","2023-09-23",295,1640992
"ON","2023-09-24",240,1641232
"ON","2023-09-25",407,1641639
"ON","2023-09-26",592,1642231
"ON","2023-09-27",620,1642851
"ON","2023-09-28",527,1643378
"ON","2023-09-29",505,1643883
"ON","2023-09-30",337,1644220
"ON","2023-10-01",315,1644535
"ON","2023-10-02",349,1644884
"ON","2023-10-03",465,1645349
"ON","2023-10-04",577,1645926
"ON","2023-10-05",557,1646483
"ON","2023-10-06",448,1646931
"ON","2023-10-07",346,1647277
"ON","2023-10-08",229,1647506
"ON","2023-10-09",206,1647712
"ON","2023-10-10",355,1648067
"ON","2023-10-11",525,1648592
"ON","2023-10-12",510,1649102
"ON","2023-10-13",441,1649543
"ON","2023-10-14",248,1649791
"ON","2023-10-15",292,1650083
"ON","2023-10-16",317,1650400
"ON","2023-10-17",510,1650910
"ON","2023-10-18",524,1651434
"ON","2023-10-19",506,1651940
"ON","2023-10-20",492,1652432
"ON","2023-10-21",310,1652742
"ON","2023-10-22",408,1653150
"ON","2023-10-23",357,1653507
"ON","2023-10-24",619,1654126
"ON","2023-10-25",602,1654728
"ON","2023-10-26",518,1655246
"ON","2023-10-27",519,1655765
"ON","2023-10-28",402,1656167
"ON","2023-10-29",331,1656498
"ON","2023-10-30",381,1656879
"ON","2023-10-31",373,1657252
"ON","2023-11-01",630,1657882
"ON","2023-11-02",523,1658405
"ON","2023-11-03",426,1658831
"ON","2023-11-04",467,1659298
"ON","2023-11-05",314,1659612
"ON","2023-11-06",428,1660040
"ON","2023-11-07",623,1660663
"ON","2023-11-08",590,1661253
"ON","2023-11-09",579,1661832
"ON","2023-11-10",540,1662372
"ON","2023-11-11",365,1662737
"ON","2023-11-12",317,1663054
"ON","2023-11-13",455,1663509
"ON","2023-11-14",649,1664158
"ON","2023-11-15",789,1664947
"ON","2023-11-16",692,1665639
"ON","2023-11-17",698,1666337
"ON","2023-11-18",510,1666847
"ON","2023-11-19",351,1667198
"ON","2023-11-20",718,1667916
"ON","2023-11-21",779,1668695
"ON","2023-11-22",767,1669462
"ON","2023-11-23",651,1670113
"ON","2023-11-24",742,1670855
"ON","2023-11-25",512,1671367
"ON","2023-11-26",451,1671818
"ON","2023-11-27",554,1672372
"ON","2023-11-28",752,1673124
"ON","2023-11-29",768,1673892
"ON","2023-11-30",605,1674497
"ON","2023-12-01",603,1675100
"ON","2023-12-02",488,1675588
"ON","2023-12-03",432,1676020
"ON","2023-12-04",455,1676475
"ON","2023-12-05",677,1677152
"ON","2023-12-06",665,1677817
"ON","2023-12-07",647,1678464
"ON","2023-12-08",744,1679208
"ON","2023-12-09",455,1679663
"ON","2023-12-10",466,1680129
"ON","2023-12-11",500,1680629
"ON","2023-12-12",734,1681363
"ON","2023-12-13",803,1682166
"ON","2023-12-14",771,1682937
"ON","2023-12-15",575,1683512
"ON","2023-12-16",582,1684094
"ON","2023-12-17",354,1684448
"ON","2023-12-18",635,1685083
"ON","2023-12-19",761,1685844
"ON","2023-12-20",707,1686551
"ON","2023-12-21",716,1687267
"ON","2023-12-22",551,1687818
"ON","2023-12-23",437,1688255
"ON","2023-12-24",404,1688659
"ON","2023-12-25",378,1689037
"ON","2023-12-26",404,1689441
"ON","2023-12-27",571,1690012
"ON","2023-12-28",743,1690755
"ON","2023-12-29",827,1691582
"ON","2023-12-30",562,1692144
"ON","2023-12-31",626,1692770
"PE","2020-01-31",0,0
"PE","2020-02-01",0,0
"PE","2020-02-02",0,0
"PE","2020-02-03",0,0
"PE","2020-02-04",0,0
"PE","2020-02-05",0,0
"PE","2020-02-06",0,0
"PE","2020-02-07",0,0
"PE","2020-02-08",0,0
"PE","2020-02-09",0,0
"PE","2020-02-10",0,0
"PE","2020-02-11",0,0
"PE","2020-02-12",0,0
"PE","2020-02-13",0,0
"PE","2020-02-14",0,0
"PE","2020-02-15",0,0
"PE","2020-02-16",0,0
"PE","2020-02-17",0,0
"PE","2020-02-18",0,0
"PE","2020-02-19",0,0
"PE","2020-02-20",0,0
"PE","2020-02-21",0,0
"PE","2020-02-22",0,0
"PE","2020-02-23",0,0
"PE","2020-02-24",0,0
"PE","2020-02-25",0,0
"PE","2020-02-26",0,0
"PE","2020-02-27",0,0
"PE","2020-02-28",0,0
"PE","2020-02-29",0,0
"PE","2020-03-01",0,0
"PE","2020-03-02",0,0
"PE","2020-03-03",0,0
"PE","2020-03-04",0,0
"PE","2020-03-05",0,0
"PE","2020-03-06",0,0
"PE","2020-03-07",0,0
"PE","2020-03-08",0,0
"PE","2020-03-09",0,0
"PE","2020-03-10",0,0
"PE","2020-03-11",0,0
"PE","2020-03-12",0,0
"PE","2020-03-13",0,0
"PE","2020-03-14",0,0
"PE","2020-03-15",1,1
"PE","2020-03-16",0,1
"PE","2020-03-17",0,1
"PE","2020-03-18",0,1
"PE","2020-03-19",1,2
"PE","2020-03-20",0,2
"PE","2020-03-21",0,2
"PE","2020-03-22",1,3
"PE","2020-03-23",0,3
"PE","2020-03-24",0,3
"PE","2020-03-25",2,5
"PE","2020-03-26",4,9
"PE","2020-03-27",2,11
"PE","2020-03-28",0,11
"PE","2020-03-29",0,11
"PE","2020-03-30",7,18
"PE","2020-03-31",3,21
"PE","2020-04-01",0,21
"PE","2020-04-02",1,22
"PE","2020-04-03",0,22
"PE","2020-04-04",0,22
"PE","2020-04-05",0,22
"PE","2020-04-06",0,22
"PE","2020-04-07",0,22
"PE","2020-04-08",2,24
"PE","2020-04-09",1,25
"PE","2020-04-10",0,25
"PE","2020-04-11",0,25
"PE","2020-04-12",0,25
"PE","2020-04-13",0,25
"PE","2020-04-14",0,25
"PE","2020-04-15",1,26
"PE","2020-04-16",0,26
"PE","2020-04-17",0,26
"PE","2020-04-18",0,26
"PE","2020-04-19",0,26
"PE","2020-04-20",0,26
"PE","2020-04-21",0,26
"PE","2020-04-22",0,26
"PE","2020-04-23",0,26
"PE","2020-04-24",0,26
"PE","2020-04-25",0,26
"PE","2020-04-26",0,26
"PE","2020-04-27",0,26
"PE","2020-04-28",1,27
"PE","2020-04-29",0,27
"PE","2020-04-30",0,27
"PE","2020-05-01",0,27
"PE","2020-05-02",0,27
"PE","2020-05-03",0,27
"PE","2020-05-04",0,27
"PE","2020-05-05",0,27
"PE","2020-05-06",0,27
"PE","2020-05-07",0,27
"PE","2020-05-08",0,27
"PE","2020-05-09",0,27
"PE","2020-05-10",0,27
"PE","2020-05-11",0,27
"PE","2020-05-12",0,27
"PE","2020-05-13",0,27
"PE","2020-05-14",0,27
"PE","2020-05-15",0,27
"PE","2020-05-16",0,27
"PE","2020-05-17",0,27
"PE","2020-05-18",0,27
"PE","2020-05-19",0,27
"PE","2020-05-20",0,27
"PE","2020-05-21",0,27
"PE","2020-05-22",0,27
"PE","2020-05-23",0,27
"PE","2020-05-24",0,27
"PE","2020-05-25",0,27
"PE","2020-05-26",0,27
"PE","2020-05-27",0,27
"PE","2020-05-28",0,27
"PE","2020-05-29",0,27
"PE","2020-05-30",0,27
"PE","2020-05-31",0,27
"PE","2020-06-01",0,27
"PE","2020-06-02",0,27
"PE","2020-06-03",0,27
"PE","2020-06-04",0,27
"PE","2020-06-05",0,27
"PE","2020-06-06",0,27
"PE","2020-06-07",0,27
"PE","2020-06-08",0,27
"PE","2020-06-09",0,27
"PE","2020-06-10",0,27
"PE","2020-06-11",0,27
"PE","2020-06-12",0,27
"PE","2020-06-13",0,27
"PE","2020-06-14",0,27
"PE","2020-06-15",0,27
"PE","2020-06-16",0,27
"PE","2020-06-17",0,27
"PE","2020-06-18",0,27
"PE","2020-06-19",0,27
"PE","2020-06-20",0,27
"PE","2020-06-21",0,27
"PE","2020-06-22",0,27
"PE","2020-06-23",0,27
"PE","2020-06-24",0,27
"PE","2020-06-25",0,27
"PE","2020-06-26",0,27
"PE","2020-06-27",0,27
"PE","2020-06-28",0,27
"PE","2020-06-29",0,27
"PE","2020-06-30",0,27
"PE","2020-07-01",0,27
"PE","2020-07-02",0,27
"PE","2020-07-03",0,27
"PE","2020-07-04",3,30
"PE","2020-07-05",2,32
"PE","2020-07-06",0,32
"PE","2020-07-07",0,32
"PE","2020-07-08",0,32
"PE","2020-07-09",1,33
"PE","2020-07-10",0,33
"PE","2020-07-11",0,33
"PE","2020-07-12",1,34
"PE","2020-07-13",1,35
"PE","2020-07-14",1,36
"PE","2020-07-15",0,36
"PE","2020-07-16",0,36
"PE","2020-07-17",0,36
"PE","2020-07-18",0,36
"PE","2020-07-19",0,36
"PE","2020-07-20",0,36
"PE","2020-07-21",0,36
"PE","2020-07-22",0,36
"PE","2020-07-23",0,36
"PE","2020-07-24",0,36
"PE","2020-07-25",0,36
"PE","2020-07-26",0,36
"PE","2020-07-27",0,36
"PE","2020-07-28",0,36
"PE","2020-07-29",0,36
"PE","2020-07-30",0,36
"PE","2020-07-31",0,36
"PE","2020-08-01",0,36
"PE","2020-08-02",0,36
"PE","2020-08-03",0,36
"PE","2020-08-04",0,36
"PE","2020-08-05",0,36
"PE","2020-08-06",0,36
"PE","2020-08-07",0,36
"PE","2020-08-08",0,36
"PE","2020-08-09",0,36
"PE","2020-08-10",0,36
"PE","2020-08-11",0,36
"PE","2020-08-12",5,41
"PE","2020-08-13",0,41
"PE","2020-08-14",0,41
"PE","2020-08-15",0,41
"PE","2020-08-16",0,41
"PE","2020-08-17",0,41
"PE","2020-08-18",3,44
"PE","2020-08-19",0,44
"PE","2020-08-20",0,44
"PE","2020-08-21",0,44
"PE","2020-08-22",0,44
"PE","2020-08-23",0,44
"PE","2020-08-24",0,44
"PE","2020-08-25",0,44
"PE","2020-08-26",0,44
"PE","2020-08-27",0,44
"PE","2020-08-28",0,44
"PE","2020-08-29",0,44
"PE","2020-08-30",0,44
"PE","2020-08-31",0,44
"PE","2020-09-01",0,44
"PE","2020-09-02",0,44
"PE","2020-09-03",2,46
"PE","2020-09-04",1,47
"PE","2020-09-05",0,47
"PE","2020-09-06",0,47
"PE","2020-09-07",4,51
"PE","2020-09-08",2,53
"PE","2020-09-09",2,55
"PE","2020-09-10",0,55
"PE","2020-09-11",0,55
"PE","2020-09-12",0,55
"PE","2020-09-13",0,55
"PE","2020-09-14",0,55
"PE","2020-09-15",2,57
"PE","2020-09-16",0,57
"PE","2020-09-17",0,57
"PE","2020-09-18",0,57
"PE","2020-09-19",0,57
"PE","2020-09-20",0,57
"PE","2020-09-21",0,57
"PE","2020-09-22",0,57
"PE","2020-09-23",1,58
"PE","2020-09-24",0,58
"PE","2020-09-25",0,58
"PE","2020-09-26",0,58
"PE","2020-09-27",0,58
"PE","2020-09-28",0,58
"PE","2020-09-29",1,59
"PE","2020-09-30",0,59
"PE","2020-10-01",0,59
"PE","2020-10-02",0,59
"PE","2020-10-03",0,59
"PE","2020-10-04",2,61
"PE","2020-10-05",0,61
"PE","2020-10-06",0,61
"PE","2020-10-07",0,61
"PE","2020-10-08",0,61
"PE","2020-10-09",0,61
"PE","2020-10-10",0,61
"PE","2020-10-11",2,63
"PE","2020-10-12",0,63
"PE","2020-10-13",0,63
"PE","2020-10-14",0,63
"PE","2020-10-15",0,63
"PE","2020-10-16",0,63
"PE","2020-10-17",0,63
"PE","2020-10-18",0,63
"PE","2020-10-19",0,63
"PE","2020-10-20",1,64
"PE","2020-10-21",0,64
"PE","2020-10-22",0,64
"PE","2020-10-23",0,64
"PE","2020-10-24",0,64
"PE","2020-10-25",0,64
"PE","2020-10-26",0,64
"PE","2020-10-27",0,64
"PE","2020-10-28",0,64
"PE","2020-10-29",0,64
"PE","2020-10-30",0,64
"PE","2020-10-31",0,64
"PE","2020-11-01",0,64
"PE","2020-11-02",0,64
"PE","2020-11-03",0,64
"PE","2020-11-04",0,64
"PE","2020-11-05",0,64
"PE","2020-11-06",2,66
"PE","2020-11-07",0,66
"PE","2020-11-08",0,66
"PE","2020-11-09",0,66
"PE","2020-11-10",1,67
"PE","2020-11-11",1,68
"PE","2020-11-12",0,68
"PE","2020-11-13",0,68
"PE","2020-11-14",0,68
"PE","2020-11-15",0,68
"PE","2020-11-16",0,68
"PE","2020-11-17",0,68
"PE","2020-11-18",0,68
"PE","2020-11-19",0,68
"PE","2020-11-20",0,68
"PE","2020-11-21",0,68
"PE","2020-11-22",0,68
"PE","2020-11-23",1,69
"PE","2020-11-24",0,69
"PE","2020-11-25",1,70
"PE","2020-11-26",0,70
"PE","2020-11-27",0,70
"PE","2020-11-28",2,72
"PE","2020-11-29",0,72
"PE","2020-11-30",0,72
"PE","2020-12-01",0,72
"PE","2020-12-02",0,72
"PE","2020-12-03",1,73
"PE","2020-12-04",0,73
"PE","2020-12-05",3,76
"PE","2020-12-06",4,80
"PE","2020-12-07",4,84
"PE","2020-12-08",0,84
"PE","2020-12-09",0,84
"PE","2020-12-10",0,84
"PE","2020-12-11",0,84
"PE","2020-12-12",5,89
"PE","2020-12-13",0,89
"PE","2020-12-14",0,89
"PE","2020-12-15",0,89
"PE","2020-12-16",0,89
"PE","2020-12-17",1,90
"PE","2020-12-18",0,90
"PE","2020-12-19",1,91
"PE","2020-12-20",0,91
"PE","2020-12-21",0,91
"PE","2020-12-22",0,91
"PE","2020-12-23",0,91
"PE","2020-12-24",3,94
"PE","2020-12-25",0,94
"PE","2020-12-26",0,94
"PE","2020-12-27",0,94
"PE","2020-12-28",0,94
"PE","2020-12-29",2,96
"PE","2020-12-30",0,96
"PE","2020-12-31",0,96
"PE","2021-01-01",0,96
"PE","2021-01-02",0,96
"PE","2021-01-03",0,96
"PE","2021-01-04",0,96
"PE","2021-01-05",1,97
"PE","2021-01-06",4,101
"PE","2021-01-07",1,102
"PE","2021-01-08",0,102
"PE","2021-01-09",0,102
"PE","2021-01-10",0,102
"PE","2021-01-11",0,102
"PE","2021-01-12",1,103
"PE","2021-01-13",0,103
"PE","2021-01-14",1,104
"PE","2021-01-15",0,104
"PE","2021-01-16",0,104
"PE","2021-01-17",0,104
"PE","2021-01-18",4,108
"PE","2021-01-19",2,110
"PE","2021-01-20",0,110
"PE","2021-01-21",0,110
"PE","2021-01-22",0,110
"PE","2021-01-23",0,110
"PE","2021-01-24",0,110
"PE","2021-01-25",0,110
"PE","2021-01-26",0,110
"PE","2021-01-27",0,110
"PE","2021-01-28",1,111
"PE","2021-01-29",0,111
"PE","2021-01-30",0,111
"PE","2021-01-31",0,111
"PE","2021-02-01",2,113
"PE","2021-02-02",0,113
"PE","2021-02-03",0,113
"PE","2021-02-04",0,113
"PE","2021-02-05",0,113
"PE","2021-02-06",0,113
"PE","2021-02-07",0,113
"PE","2021-02-08",0,113
"PE","2021-02-09",1,114
"PE","2021-02-10",0,114
"PE","2021-02-11",0,114
"PE","2021-02-12",0,114
"PE","2021-02-13",0,114
"PE","2021-02-14",0,114
"PE","2021-02-15",0,114
"PE","2021-02-16",0,114
"PE","2021-02-17",0,114
"PE","2021-02-18",1,115
"PE","2021-02-19",0,115
"PE","2021-02-20",0,115
"PE","2021-02-21",0,115
"PE","2021-02-22",0,115
"PE","2021-02-23",0,115
"PE","2021-02-24",2,117
"PE","2021-02-25",3,120
"PE","2021-02-26",1,121
"PE","2021-02-27",6,127
"PE","2021-02-28",5,132
"PE","2021-03-01",0,132
"PE","2021-03-02",4,136
"PE","2021-03-03",1,137
"PE","2021-03-04",1,138
"PE","2021-03-05",1,139
"PE","2021-03-06",0,139
"PE","2021-03-07",2,141
"PE","2021-03-08",2,143
"PE","2021-03-09",0,143
"PE","2021-03-10",0,143
"PE","2021-03-11",0,143
"PE","2021-03-12",0,143
"PE","2021-03-13",0,143
"PE","2021-03-14",0,143
"PE","2021-03-15",0,143
"PE","2021-03-16",1,144
"PE","2021-03-17",0,144
"PE","2021-03-18",0,144
"PE","2021-03-19",4,148
"PE","2021-03-20",0,148
"PE","2021-03-21",0,148
"PE","2021-03-22",2,150
"PE","2021-03-23",2,152
"PE","2021-03-24",0,152
"PE","2021-03-25",1,153
"PE","2021-03-26",3,156
"PE","2021-03-27",0,156
"PE","2021-03-28",0,156
"PE","2021-03-29",0,156
"PE","2021-03-30",3,159
"PE","2021-03-31",0,159
"PE","2021-04-01",1,160
"PE","2021-04-02",0,160
"PE","2021-04-03",0,160
"PE","2021-04-04",0,160
"PE","2021-04-05",0,160
"PE","2021-04-06",0,160
"PE","2021-04-07",0,160
"PE","2021-04-08",1,161
"PE","2021-04-09",1,162
"PE","2021-04-10",0,162
"PE","2021-04-11",0,162
"PE","2021-04-12",3,165
"PE","2021-04-13",0,165
"PE","2021-04-14",0,165
"PE","2021-04-15",2,167
"PE","2021-04-16",0,167
"PE","2021-04-17",0,167
"PE","2021-04-18",3,170
"PE","2021-04-19",3,173
"PE","2021-04-20",1,174
"PE","2021-04-21",0,174
"PE","2021-04-22",1,175
"PE","2021-04-23",0,175
"PE","2021-04-24",0,175
"PE","2021-04-25",0,175
"PE","2021-04-26",2,177
"PE","2021-04-27",0,177
"PE","2021-04-28",2,179
"PE","2021-04-29",0,179
"PE","2021-04-30",2,181
"PE","2021-05-01",0,181
"PE","2021-05-02",1,182
"PE","2021-05-03",0,182
"PE","2021-05-04",1,183
"PE","2021-05-05",0,183
"PE","2021-05-06",2,185
"PE","2021-05-07",1,186
"PE","2021-05-08",0,186
"PE","2021-05-09",0,186
"PE","2021-05-10",1,187
"PE","2021-05-11",0,187
"PE","2021-05-12",0,187
"PE","2021-05-13",1,188
"PE","2021-05-14",2,190
"PE","2021-05-15",1,191
"PE","2021-05-16",0,191
"PE","2021-05-17",1,192
"PE","2021-05-18",2,194
"PE","2021-05-19",5,199
"PE","2021-05-20",0,199
"PE","2021-05-21",1,200
"PE","2021-05-22",0,200
"PE","2021-05-23",0,200
"PE","2021-05-24",0,200
"PE","2021-05-25",0,200
"PE","2021-05-26",0,200
"PE","2021-05-27",0,200
"PE","2021-05-28",2,202
"PE","2021-05-29",0,202
"PE","2021-05-30",0,202
"PE","2021-05-31",2,204
"PE","2021-06-01",0,204
"PE","2021-06-02",0,204
"PE","2021-06-03",2,206
"PE","2021-06-04",0,206
"PE","2021-06-05",0,206
"PE","2021-06-06",0,206
"PE","2021-06-07",0,206
"PE","2021-06-08",0,206
"PE","2021-06-09",0,206
"PE","2021-06-10",0,206
"PE","2021-06-11",0,206
"PE","2021-06-12",0,206
"PE","2021-06-13",0,206
"PE","2021-06-14",0,206
"PE","2021-06-15",0,206
"PE","2021-06-16",0,206
"PE","2021-06-17",0,206
"PE","2021-06-18",0,206
"PE","2021-06-19",0,206
"PE","2021-06-20",0,206
"PE","2021-06-21",0,206
"PE","2021-06-22",0,206
"PE","2021-06-23",0,206
"PE","2021-06-24",0,206
"PE","2021-06-25",0,206
"PE","2021-06-26",0,206
"PE","2021-06-27",0,206
"PE","2021-06-28",0,206
"PE","2021-06-29",1,207
"PE","2021-06-30",0,207
"PE","2021-07-01",0,207
"PE","2021-07-02",0,207
"PE","2021-07-03",0,207
"PE","2021-07-04",0,207
"PE","2021-07-05",0,207
"PE","2021-07-06",1,208
"PE","2021-07-07",0,208
"PE","2021-07-08",0,208
"PE","2021-07-09",0,208
"PE","2021-07-10",0,208
"PE","2021-07-11",0,208
"PE","2021-07-12",0,208
"PE","2021-07-13",0,208
"PE","2021-07-14",0,208
"PE","2021-07-15",0,208
"PE","2021-07-16",0,208
"PE","2021-07-17",0,208
"PE","2021-07-18",0,208
"PE","2021-07-19",0,208
"PE","2021-07-20",0,208
"PE","2021-07-21",0,208
"PE","2021-07-22",0,208
"PE","2021-07-23",0,208
"PE","2021-07-24",0,208
"PE","2021-07-25",0,208
"PE","2021-07-26",0,208
"PE","2021-07-27",0,208
"PE","2021-07-28",0,208
"PE","2021-07-29",0,208
"PE","2021-07-30",0,208
"PE","2021-07-31",0,208
"PE","2021-08-01",0,208
"PE","2021-08-02",0,208
"PE","2021-08-03",0,208
"PE","2021-08-04",3,211
"PE","2021-08-05",1,212
"PE","2021-08-06",0,212
"PE","2021-08-07",0,212
"PE","2021-08-08",0,212
"PE","2021-08-09",0,212
"PE","2021-08-10",2,214
"PE","2021-08-11",2,216
"PE","2021-08-12",0,216
"PE","2021-08-13",2,218
"PE","2021-08-14",0,218
"PE","2021-08-15",0,218
"PE","2021-08-16",2,220
"PE","2021-08-17",1,221
"PE","2021-08-18",0,221
"PE","2021-08-19",0,221
"PE","2021-08-20",0,221
"PE","2021-08-21",3,224
"PE","2021-08-22",0,224
"PE","2021-08-23",0,224
"PE","2021-08-24",1,225
"PE","2021-08-25",0,225
"PE","2021-08-26",0,225
"PE","2021-08-27",5,230
"PE","2021-08-28",0,230
"PE","2021-08-29",0,230
"PE","2021-08-30",0,230
"PE","2021-08-31",3,233
"PE","2021-09-01",0,233
"PE","2021-09-02",0,233
"PE","2021-09-03",0,233
"PE","2021-09-04",0,233
"PE","2021-09-05",0,233
"PE","2021-09-06",0,233
"PE","2021-09-07",2,235
"PE","2021-09-08",1,236
"PE","2021-09-09",0,236
"PE","2021-09-10",4,240
"PE","2021-09-11",1,241
"PE","2021-09-12",6,247
"PE","2021-09-13",5,252
"PE","2021-09-14",3,255
"PE","2021-09-15",5,260
"PE","2021-09-16",10,270
"PE","2021-09-17",8,278
"PE","2021-09-18",3,281
"PE","2021-09-19",3,284
"PE","2021-09-20",0,284
"PE","2021-09-21",3,287
"PE","2021-09-22",0,287
"PE","2021-09-23",0,287
"PE","2021-09-24",6,293
"PE","2021-09-25",1,294
"PE","2021-09-26",1,295
"PE","2021-09-27",0,295
"PE","2021-09-28",1,296
"PE","2021-09-29",0,296
"PE","2021-09-30",3,299
"PE","2021-10-01",3,302
"PE","2021-10-02",0,302
"PE","2021-10-03",0,302
"PE","2021-10-04",0,302
"PE","2021-10-05",1,303
"PE","2021-10-06",0,303
"PE","2021-10-07",3,306
"PE","2021-10-08",0,306
"PE","2021-10-09",0,306
"PE","2021-10-10",0,306
"PE","2021-10-11",0,306
"PE","2021-10-12",3,309
"PE","2021-10-13",0,309
"PE","2021-10-14",0,309
"PE","2021-10-15",3,312
"PE","2021-10-16",0,312
"PE","2021-10-17",0,312
"PE","2021-10-18",0,312
"PE","2021-10-19",3,315
"PE","2021-10-20",0,315
"PE","2021-10-21",0,315
"PE","2021-10-22",0,315
"PE","2021-10-23",0,315
"PE","2021-10-24",0,315
"PE","2021-10-25",0,315
"PE","2021-10-26",0,315
"PE","2021-10-27",2,317
"PE","2021-10-28",0,317
"PE","2021-10-29",0,317
"PE","2021-10-30",0,317
"PE","2021-10-31",0,317
"PE","2021-11-01",2,319
"PE","2021-11-02",0,319
"PE","2021-11-03",1,320
"PE","2021-11-04",0,320
"PE","2021-11-05",0,320
"PE","2021-11-06",0,320
"PE","2021-11-07",4,324
"PE","2021-11-08",0,324
"PE","2021-11-09",0,324
"PE","2021-11-10",0,324
"PE","2021-11-11",0,324
"PE","2021-11-12",3,327
"PE","2021-11-13",0,327
"PE","2021-11-14",0,327
"PE","2021-11-15",1,328
"PE","2021-11-16",0,328
"PE","2021-11-17",7,335
"PE","2021-11-18",1,336
"PE","2021-11-19",3,339
"PE","2021-11-20",4,343
"PE","2021-11-21",2,345
"PE","2021-11-22",4,349
"PE","2021-11-23",7,356
"PE","2021-11-24",7,363
"PE","2021-11-25",2,365
"PE","2021-11-26",2,367
"PE","2021-11-27",0,367
"PE","2021-11-28",5,372
"PE","2021-11-29",0,372
"PE","2021-11-30",1,373
"PE","2021-12-01",7,380
"PE","2021-12-02",1,381
"PE","2021-12-03",1,382
"PE","2021-12-04",5,387
"PE","2021-12-05",2,389
"PE","2021-12-06",3,392
"PE","2021-12-07",5,397
"PE","2021-12-08",6,403
"PE","2021-12-09",3,406
"PE","2021-12-10",7,413
"PE","2021-12-11",0,413
"PE","2021-12-12",7,420
"PE","2021-12-13",0,420
"PE","2021-12-14",3,423
"PE","2021-12-15",11,434
"PE","2021-12-16",10,444
"PE","2021-12-17",31,475
"PE","2021-12-18",13,488
"PE","2021-12-19",0,488
"PE","2021-12-20",16,504
"PE","2021-12-21",25,529
"PE","2021-12-22",31,560
"PE","2021-12-23",28,588
"PE","2021-12-24",33,621
"PE","2021-12-25",50,671
"PE","2021-12-26",5,676
"PE","2021-12-27",99,775
"PE","2021-12-28",118,893
"PE","2021-12-29",129,1022
"PE","2021-12-30",169,1191
"PE","2021-12-31",175,1366
"PE","2022-01-01",0,1366
"PE","2022-01-02",137,1503
"PE","2022-01-03",161,1664
"PE","2022-01-04",198,1862
"PE","2022-01-05",222,2084
"PE","2022-01-06",204,2288
"PE","2022-01-07",175,2463
"PE","2022-01-08",110,2573
"PE","2022-01-09",0,2573
"PE","2022-01-10",320,2893
"PE","2022-01-11",304,3197
"PE","2022-01-12",230,3427
"PE","2022-01-13",209,3636
"PE","2022-01-14",225,3861
"PE","2022-01-15",309,4170
"PE","2022-01-16",0,4170
"PE","2022-01-17",231,4401
"PE","2022-01-18",407,4808
"PE","2022-01-19",304,5112
"PE","2022-01-20",249,5361
"PE","2022-01-21",267,5628
"PE","2022-01-22",288,5916
"PE","2022-01-23",209,6125
"PE","2022-01-24",157,6282
"PE","2022-01-25",275,6557
"PE","2022-01-26",255,6812
"PE","2022-01-27",247,7059
"PE","2022-01-28",215,7274
"PE","2022-01-29",271,7545
"PE","2022-01-30",0,7545
"PE","2022-01-31",234,7779
"PE","2022-02-01",362,8141
"PE","2022-02-02",238,8379
"PE","2022-02-03",186,8565
"PE","2022-02-04",199,8764
"PE","2022-02-05",0,8764
"PE","2022-02-06",154,8918
"PE","2022-02-07",186,9104
"PE","2022-02-08",264,9368
"PE","2022-02-09",187,9555
"PE","2022-02-10",210,9765
"PE","2022-02-11",204,9969
"PE","2022-02-12",227,10196
"PE","2022-02-13",203,10399
"PE","2022-02-14",101,10500
"PE","2022-02-15",158,10658
"PE","2022-02-16",289,10947
"PE","2022-02-17",310,11257
"PE","2022-02-18",235,11492
"PE","2022-02-19",204,11696
"PE","2022-02-20",211,11907
"PE","2022-02-21",196,12103
"PE","2022-02-22",0,12103
"PE","2022-02-23",554,12657
"PE","2022-02-24",412,13069
"PE","2022-02-25",303,13372
"PE","2022-02-26",0,13372
"PE","2022-02-27",0,13372
"PE","2022-02-28",933,14305
"PE","2022-03-01",0,14305
"PE","2022-03-02",962,15267
"PE","2022-03-03",0,15267
"PE","2022-03-04",1029,16296
"PE","2022-03-05",0,16296
"PE","2022-03-06",0,16296
"PE","2022-03-07",1327,17623
"PE","2022-03-08",705,18328
"PE","2022-03-09",577,18905
"PE","2022-03-10",0,18905
"PE","2022-03-11",798,19703
"PE","2022-03-12",0,19703
"PE","2022-03-13",0,19703
"PE","2022-03-14",857,20560
"PE","2022-03-15",0,20560
"PE","2022-03-16",747,21307
"PE","2022-03-17",0,21307
"PE","2022-03-18",0,21307
"PE","2022-03-19",0,21307
"PE","2022-03-20",0,21307
"PE","2022-03-21",0,21307
"PE","2022-03-22",2038,23345
"PE","2022-03-23",0,23345
"PE","2022-03-24",0,23345
"PE","2022-03-25",0,23345
"PE","2022-03-26",0,23345
"PE","2022-03-27",0,23345
"PE","2022-03-28",0,23345
"PE","2022-03-29",2454,25799
"PE","2022-03-30",0,25799
"PE","2022-03-31",0,25799
"PE","2022-04-01",0,25799
"PE","2022-04-02",0,25799
"PE","2022-04-03",0,25799
"PE","2022-04-04",0,25799
"PE","2022-04-05",2576,28375
"PE","2022-04-06",0,28375
"PE","2022-04-07",0,28375
"PE","2022-04-08",0,28375
"PE","2022-04-09",0,28375
"PE","2022-04-10",0,28375
"PE","2022-04-11",0,28375
"PE","2022-04-12",2229,30604
"PE","2022-04-13",0,30604
"PE","2022-04-14",0,30604
"PE","2022-04-15",0,30604
"PE","2022-04-16",0,30604
"PE","2022-04-17",0,30604
"PE","2022-04-18",0,30604
"PE","2022-04-19",1928,32532
"PE","2022-04-20",0,32532
"PE","2022-04-21",0,32532
"PE","2022-04-22",0,32532
"PE","2022-04-23",0,32532
"PE","2022-04-24",0,32532
"PE","2022-04-25",0,32532
"PE","2022-04-26",1738,34270
"PE","2022-04-27",0,34270
"PE","2022-04-28",0,34270
"PE","2022-04-29",0,34270
"PE","2022-04-30",0,34270
"PE","2022-05-01",0,34270
"PE","2022-05-02",0,34270
"PE","2022-05-03",1163,35433
"PE","2022-05-04",0,35433
"PE","2022-05-05",0,35433
"PE","2022-05-06",0,35433
"PE","2022-05-07",0,35433
"PE","2022-05-08",0,35433
"PE","2022-05-09",0,35433
"PE","2022-05-10",899,36332
"PE","2022-05-11",0,36332
"PE","2022-05-12",0,36332
"PE","2022-05-13",0,36332
"PE","2022-05-14",0,36332
"PE","2022-05-15",0,36332
"PE","2022-05-16",0,36332
"PE","2022-05-17",792,37124
"PE","2022-05-18",0,37124
"PE","2022-05-19",0,37124
"PE","2022-05-20",0,37124
"PE","2022-05-21",0,37124
"PE","2022-05-22",0,37124
"PE","2022-05-23",0,37124
"PE","2022-05-24",454,37578
"PE","2022-05-25",0,37578
"PE","2022-05-26",0,37578
"PE","2022-05-27",0,37578
"PE","2022-05-28",0,37578
"PE","2022-05-29",0,37578
"PE","2022-05-30",0,37578
"PE","2022-05-31",476,38054
"PE","2022-06-01",0,38054
"PE","2022-06-02",0,38054
"PE","2022-06-03",0,38054
"PE","2022-06-04",0,38054
"PE","2022-06-05",0,38054
"PE","2022-06-06",0,38054
"PE","2022-06-07",632,38686
"PE","2022-06-08",0,38686
"PE","2022-06-09",0,38686
"PE","2022-06-10",0,38686
"PE","2022-06-11",395,39081
"PE","2022-06-12",0,39081
"PE","2022-06-13",0,39081
"PE","2022-06-14",0,39081
"PE","2022-06-15",0,39081
"PE","2022-06-16",0,39081
"PE","2022-06-17",0,39081
"PE","2022-06-18",651,39732
"PE","2022-06-19",0,39732
"PE","2022-06-20",0,39732
"PE","2022-06-21",0,39732
"PE","2022-06-22",0,39732
"PE","2022-06-23",0,39732
"PE","2022-06-24",0,39732
"PE","2022-06-25",728,40460
"PE","2022-06-26",0,40460
"PE","2022-06-27",0,40460
"PE","2022-06-28",0,40460
"PE","2022-06-29",0,40460
"PE","2022-06-30",0,40460
"PE","2022-07-01",0,40460
"PE","2022-07-02",957,41417
"PE","2022-07-03",0,41417
"PE","2022-07-04",0,41417
"PE","2022-07-05",0,41417
"PE","2022-07-06",0,41417
"PE","2022-07-07",0,41417
"PE","2022-07-08",0,41417
"PE","2022-07-09",1185,42602
"PE","2022-07-10",0,42602
"PE","2022-07-11",0,42602
"PE","2022-07-12",0,42602
"PE","2022-07-13",0,42602
"PE","2022-07-14",0,42602
"PE","2022-07-15",0,42602
"PE","2022-07-16",1519,44121
"PE","2022-07-17",0,44121
"PE","2022-07-18",0,44121
"PE","2022-07-19",0,44121
"PE","2022-07-20",0,44121
"PE","2022-07-21",0,44121
"PE","2022-07-22",0,44121
"PE","2022-07-23",1524,45645
"PE","2022-07-24",0,45645
"PE","2022-07-25",0,45645
"PE","2022-07-26",0,45645
"PE","2022-07-27",0,45645
"PE","2022-07-28",0,45645
"PE","2022-07-29",0,45645
"PE","2022-07-30",1173,46818
"PE","2022-07-31",0,46818
"PE","2022-08-01",0,46818
"PE","2022-08-02",0,46818
"PE","2022-08-03",0,46818
"PE","2022-08-04",0,46818
"PE","2022-08-05",0,46818
"PE","2022-08-06",876,47694
"PE","2022-08-07",0,47694
"PE","2022-08-08",0,47694
"PE","2022-08-09",0,47694
"PE","2022-08-10",0,47694
"PE","2022-08-11",0,47694
"PE","2022-08-12",0,47694
"PE","2022-08-13",659,48353
"PE","2022-08-14",0,48353
"PE","2022-08-15",0,48353
"PE","2022-08-16",0,48353
"PE","2022-08-17",0,48353
"PE","2022-08-18",0,48353
"PE","2022-08-19",0,48353
"PE","2022-08-20",710,49063
"PE","2022-08-21",0,49063
"PE","2022-08-22",0,49063
"PE","2022-08-23",0,49063
"PE","2022-08-24",0,49063
"PE","2022-08-25",0,49063
"PE","2022-08-26",0,49063
"PE","2022-08-27",771,49834
"PE","2022-08-28",0,49834
"PE","2022-08-29",0,49834
"PE","2022-08-30",0,49834
"PE","2022-08-31",0,49834
"PE","2022-09-01",0,49834
"PE","2022-09-02",0,49834
"PE","2022-09-03",570,50404
"PE","2022-09-04",0,50404
"PE","2022-09-05",0,50404
"PE","2022-09-06",0,50404
"PE","2022-09-07",0,50404
"PE","2022-09-08",0,50404
"PE","2022-09-09",0,50404
"PE","2022-09-10",451,50855
"PE","2022-09-11",0,50855
"PE","2022-09-12",0,50855
"PE","2022-09-13",0,50855
"PE","2022-09-14",0,50855
"PE","2022-09-15",0,50855
"PE","2022-09-16",0,50855
"PE","2022-09-17",401,51256
"PE","2022-09-18",0,51256
"PE","2022-09-19",0,51256
"PE","2022-09-20",0,51256
"PE","2022-09-21",0,51256
"PE","2022-09-22",0,51256
"PE","2022-09-23",0,51256
"PE","2022-09-24",348,51604
"PE","2022-09-25",0,51604
"PE","2022-09-26",0,51604
"PE","2022-09-27",0,51604
"PE","2022-09-28",0,51604
"PE","2022-09-29",0,51604
"PE","2022-09-30",0,51604
"PE","2022-10-01",315,51919
"PE","2022-10-02",0,51919
"PE","2022-10-03",0,51919
"PE","2022-10-04",0,51919
"PE","2022-10-05",0,51919
"PE","2022-10-06",0,51919
"PE","2022-10-07",0,51919
"PE","2022-10-08",310,52229
"PE","2022-10-09",0,52229
"PE","2022-10-10",0,52229
"PE","2022-10-11",0,52229
"PE","2022-10-12",0,52229
"PE","2022-10-13",0,52229
"PE","2022-10-14",0,52229
"PE","2022-10-15",454,52683
"PE","2022-10-16",0,52683
"PE","2022-10-17",0,52683
"PE","2022-10-18",0,52683
"PE","2022-10-19",0,52683
"PE","2022-10-20",0,52683
"PE","2022-10-21",0,52683
"PE","2022-10-22",516,53199
"PE","2022-10-23",0,53199
"PE","2022-10-24",0,53199
"PE","2022-10-25",0,53199
"PE","2022-10-26",0,53199
"PE","2022-10-27",0,53199
"PE","2022-10-28",0,53199
"PE","2022-10-29",362,53561
"PE","2022-10-30",0,53561
"PE","2022-10-31",0,53561
"PE","2022-11-01",0,53561
"PE","2022-11-02",0,53561
"PE","2022-11-03",0,53561
"PE","2022-11-04",0,53561
"PE","2022-11-05",236,53797
"PE","2022-11-06",0,53797
"PE","2022-11-07",0,53797
"PE","2022-11-08",0,53797
"PE","2022-11-09",0,53797
"PE","2022-11-10",0,53797
"PE","2022-11-11",0,53797
"PE","2022-11-12",180,53977
"PE","2022-11-13",0,53977
"PE","2022-11-14",0,53977
"PE","2022-11-15",0,53977
"PE","2022-11-16",0,53977
"PE","2022-11-17",0,53977
"PE","2022-11-18",0,53977
"PE","2022-11-19",280,54257
"PE","2022-11-20",0,54257
"PE","2022-11-21",0,54257
"PE","2022-11-22",0,54257
"PE","2022-11-23",0,54257
"PE","2022-11-24",0,54257
"PE","2022-11-25",0,54257
"PE","2022-11-26",302,54559
"PE","2022-11-27",0,54559
"PE","2022-11-28",0,54559
"PE","2022-11-29",0,54559
"PE","2022-11-30",0,54559
"PE","2022-12-01",0,54559
"PE","2022-12-02",0,54559
"PE","2022-12-03",311,54870
"PE","2022-12-04",0,54870
"PE","2022-12-05",0,54870
"PE","2022-12-06",0,54870
"PE","2022-12-07",0,54870
"PE","2022-12-08",0,54870
"PE","2022-12-09",0,54870
"PE","2022-12-10",241,55111
"PE","2022-12-11",0,55111
"PE","2022-12-12",0,55111
"PE","2022-12-13",0,55111
"PE","2022-12-14",0,55111
"PE","2022-12-15",0,55111
"PE","2022-12-16",0,55111
"PE","2022-12-17",208,55319
"PE","2022-12-18",0,55319
"PE","2022-12-19",0,55319
"PE","2022-12-20",0,55319
"PE","2022-12-21",0,55319
"PE","2022-12-22",0,55319
"PE","2022-12-23",0,55319
"PE","2022-12-24",198,55517
"PE","2022-12-25",0,55517
"PE","2022-12-26",0,55517
"PE","2022-12-27",0,55517
"PE","2022-12-28",0,55517
"PE","2022-12-29",0,55517
"PE","2022-12-30",0,55517
"PE","2022-12-31",162,55679
"PE","2023-01-01",0,55679
"PE","2023-01-02",0,55679
"PE","2023-01-03",0,55679
"PE","2023-01-04",0,55679
"PE","2023-01-05",0,55679
"PE","2023-01-06",0,55679
"PE","2023-01-07",146,55825
"PE","2023-01-08",0,55825
"PE","2023-01-09",0,55825
"PE","2023-01-10",0,55825
"PE","2023-01-11",0,55825
"PE","2023-01-12",0,55825
"PE","2023-01-13",0,55825
"PE","2023-01-14",160,55985
"PE","2023-01-15",0,55985
"PE","2023-01-16",0,55985
"PE","2023-01-17",0,55985
"PE","2023-01-18",0,55985
"PE","2023-01-19",0,55985
"PE","2023-01-20",0,55985
"PE","2023-01-21",151,56136
"PE","2023-01-22",0,56136
"PE","2023-01-23",0,56136
"PE","2023-01-24",0,56136
"PE","2023-01-25",0,56136
"PE","2023-01-26",0,56136
"PE","2023-01-27",0,56136
"PE","2023-01-28",65,56201
"PE","2023-01-29",0,56201
"PE","2023-01-30",0,56201
"PE","2023-01-31",0,56201
"PE","2023-02-01",0,56201
"PE","2023-02-02",0,56201
"PE","2023-02-03",0,56201
"PE","2023-02-04",60,56261
"PE","2023-02-05",0,56261
"PE","2023-02-06",0,56261
"PE","2023-02-07",0,56261
"PE","2023-02-08",0,56261
"PE","2023-02-09",0,56261
"PE","2023-02-10",0,56261
"PE","2023-02-11",79,56340
"PE","2023-02-12",0,56340
"PE","2023-02-13",0,56340
"PE","2023-02-14",0,56340
"PE","2023-02-15",0,56340
"PE","2023-02-16",0,56340
"PE","2023-02-17",0,56340
"PE","2023-02-18",68,56408
"PE","2023-02-19",0,56408
"PE","2023-02-20",0,56408
"PE","2023-02-21",0,56408
"PE","2023-02-22",0,56408
"PE","2023-02-23",0,56408
"PE","2023-02-24",0,56408
"PE","2023-02-25",48,56456
"PE","2023-02-26",0,56456
"PE","2023-02-27",0,56456
"PE","2023-02-28",0,56456
"PE","2023-03-01",0,56456
"PE","2023-03-02",0,56456
"PE","2023-03-03",0,56456
"PE","2023-03-04",67,56523
"PE","2023-03-05",0,56523
"PE","2023-03-06",0,56523
"PE","2023-03-07",0,56523
"PE","2023-03-08",0,56523
"PE","2023-03-09",0,56523
"PE","2023-03-10",0,56523
"PE","2023-03-11",83,56606
"PE","2023-03-12",0,56606
"PE","2023-03-13",0,56606
"PE","2023-03-14",0,56606
"PE","2023-03-15",0,56606
"PE","2023-03-16",0,56606
"PE","2023-03-17",0,56606
"PE","2023-03-18",120,56726
"PE","2023-03-19",0,56726
"PE","2023-03-20",0,56726
"PE","2023-03-21",0,56726
"PE","2023-03-22",0,56726
"PE","2023-03-23",0,56726
"PE","2023-03-24",0,56726
"PE","2023-03-25",120,56846
"PE","2023-03-26",0,56846
"PE","2023-03-27",0,56846
"PE","2023-03-28",0,56846
"PE","2023-03-29",0,56846
"PE","2023-03-30",0,56846
"PE","2023-03-31",0,56846
"PE","2023-04-01",143,56989
"PE","2023-04-02",0,56989
"PE","2023-04-03",0,56989
"PE","2023-04-04",0,56989
"PE","2023-04-05",0,56989
"PE","2023-04-06",0,56989
"PE","2023-04-07",0,56989
"PE","2023-04-08",102,57091
"PE","2023-04-09",0,57091
"PE","2023-04-10",0,57091
"PE","2023-04-11",0,57091
"PE","2023-04-12",0,57091
"PE","2023-04-13",0,57091
"PE","2023-04-14",0,57091
"PE","2023-04-15",92,57183
"PE","2023-04-16",0,57183
"PE","2023-04-17",0,57183
"PE","2023-04-18",0,57183
"PE","2023-04-19",0,57183
"PE","2023-04-20",0,57183
"PE","2023-04-21",0,57183
"PE","2023-04-22",43,57226
"PE","2023-04-23",0,57226
"PE","2023-04-24",0,57226
"PE","2023-04-25",0,57226
"PE","2023-04-26",0,57226
"PE","2023-04-27",0,57226
"PE","2023-04-28",0,57226
"PE","2023-04-29",25,57251
"PE","2023-04-30",0,57251
"PE","2023-05-01",0,57251
"PE","2023-05-02",0,57251
"PE","2023-05-03",0,57251
"PE","2023-05-04",0,57251
"PE","2023-05-05",0,57251
"PE","2023-05-06",0,57251
"PE","2023-05-07",0,57251
"PE","2023-05-08",0,57251
"PE","2023-05-09",0,57251
"PE","2023-05-10",0,57251
"PE","2023-05-11",0,57251
"PE","2023-05-12",0,57251
"PE","2023-05-13",25,57276
"PE","2023-05-14",0,57276
"PE","2023-05-15",0,57276
"PE","2023-05-16",0,57276
"PE","2023-05-17",0,57276
"PE","2023-05-18",0,57276
"PE","2023-05-19",0,57276
"PE","2023-05-20",0,57276
"PE","2023-05-21",0,57276
"PE","2023-05-22",0,57276
"PE","2023-05-23",0,57276
"PE","2023-05-24",0,57276
"PE","2023-05-25",0,57276
"PE","2023-05-26",0,57276
"PE","2023-05-27",10,57286
"PE","2023-05-28",0,57286
"PE","2023-05-29",0,57286
"PE","2023-05-30",0,57286
"PE","2023-05-31",0,57286
"PE","2023-06-01",0,57286
"PE","2023-06-02",0,57286
"PE","2023-06-03",0,57286
"PE","2023-06-04",0,57286
"PE","2023-06-05",0,57286
"PE","2023-06-06",0,57286
"PE","2023-06-07",0,57286
"PE","2023-06-08",0,57286
"PE","2023-06-09",0,57286
"PE","2023-06-10",0,57286
"PE","2023-06-11",0,57286
"PE","2023-06-12",0,57286
"PE","2023-06-13",0,57286
"PE","2023-06-14",0,57286
"PE","2023-06-15",0,57286
"PE","2023-06-16",0,57286
"PE","2023-06-17",0,57286
"PE","2023-06-18",0,57286
"PE","2023-06-19",0,57286
"PE","2023-06-20",0,57286
"PE","2023-06-21",0,57286
"PE","2023-06-22",0,57286
"PE","2023-06-23",0,57286
"PE","2023-06-24",41,57327
"PE","2023-06-25",0,57327
"PE","2023-06-26",0,57327
"PE","2023-06-27",0,57327
"PE","2023-06-28",0,57327
"PE","2023-06-29",0,57327
"PE","2023-06-30",0,57327
"PE","2023-07-01",0,57327
"PE","2023-07-02",0,57327
"PE","2023-07-03",0,57327
"PE","2023-07-04",0,57327
"PE","2023-07-05",0,57327
"PE","2023-07-06",0,57327
"PE","2023-07-07",0,57327
"PE","2023-07-08",0,57327
"PE","2023-07-09",0,57327
"PE","2023-07-10",0,57327
"PE","2023-07-11",0,57327
"PE","2023-07-12",0,57327
"PE","2023-07-13",0,57327
"PE","2023-07-14",0,57327
"PE","2023-07-15",0,57327
"PE","2023-07-16",0,57327
"PE","2023-07-17",0,57327
"PE","2023-07-18",0,57327
"PE","2023-07-19",0,57327
"PE","2023-07-20",0,57327
"PE","2023-07-21",0,57327
"PE","2023-07-22",41,57368
"PE","2023-07-23",0,57368
"PE","2023-07-24",0,57368
"PE","2023-07-25",0,57368
"PE","2023-07-26",0,57368
"PE","2023-07-27",0,57368
"PE","2023-07-28",0,57368
"PE","2023-07-29",0,57368
"PE","2023-07-30",0,57368
"PE","2023-07-31",0,57368
"PE","2023-08-01",0,57368
"PE","2023-08-02",0,57368
"PE","2023-08-03",0,57368
"PE","2023-08-04",0,57368
"PE","2023-08-05",0,57368
"PE","2023-08-06",0,57368
"PE","2023-08-07",0,57368
"PE","2023-08-08",0,57368
"PE","2023-08-09",0,57368
"PE","2023-08-10",0,57368
"PE","2023-08-11",0,57368
"PE","2023-08-12",0,57368
"PE","2023-08-13",0,57368
"PE","2023-08-14",0,57368
"PE","2023-08-15",0,57368
"PE","2023-08-16",0,57368
"PE","2023-08-17",0,57368
"PE","2023-08-18",0,57368
"PE","2023-08-19",0,57368
"PE","2023-08-20",0,57368
"PE","2023-08-21",0,57368
"PE","2023-08-22",0,57368
"PE","2023-08-23",0,57368
"PE","2023-08-24",0,57368
"PE","2023-08-25",0,57368
"PE","2023-08-26",47,57415
"PE","2023-08-27",0,57415
"PE","2023-08-28",0,57415
"PE","2023-08-29",0,57415
"PE","2023-08-30",0,57415
"PE","2023-08-31",0,57415
"PE","2023-09-01",0,57415
"PE","2023-09-02",0,57415
"PE","2023-09-03",0,57415
"PE","2023-09-04",0,57415
"PE","2023-09-05",0,57415
"PE","2023-09-06",0,57415
"PE","2023-09-07",0,57415
"PE","2023-09-08",0,57415
"PE","2023-09-09",0,57415
"PE","2023-09-10",0,57415
"PE","2023-09-11",0,57415
"PE","2023-09-12",0,57415
"PE","2023-09-13",0,57415
"PE","2023-09-14",0,57415
"PE","2023-09-15",0,57415
"PE","2023-09-16",0,57415
"PE","2023-09-17",0,57415
"PE","2023-09-18",0,57415
"PE","2023-09-19",0,57415
"PE","2023-09-20",0,57415
"PE","2023-09-21",0,57415
"PE","2023-09-22",0,57415
"PE","2023-09-23",80,57495
"PE","2023-09-24",0,57495
"PE","2023-09-25",0,57495
"PE","2023-09-26",0,57495
"PE","2023-09-27",0,57495
"PE","2023-09-28",0,57495
"PE","2023-09-29",0,57495
"PE","2023-09-30",0,57495
"PE","2023-10-01",0,57495
"PE","2023-10-02",0,57495
"PE","2023-10-03",0,57495
"PE","2023-10-04",0,57495
"PE","2023-10-05",0,57495
"PE","2023-10-06",0,57495
"PE","2023-10-07",71,57566
"PE","2023-10-08",0,57566
"PE","2023-10-09",0,57566
"PE","2023-10-10",0,57566
"PE","2023-10-11",0,57566
"PE","2023-10-12",0,57566
"PE","2023-10-13",0,57566
"PE","2023-10-14",0,57566
"PE","2023-10-15",0,57566
"PE","2023-10-16",0,57566
"PE","2023-10-17",0,57566
"PE","2023-10-18",0,57566
"PE","2023-10-19",0,57566
"PE","2023-10-20",0,57566
"PE","2023-10-21",113,57679
"PE","2023-10-22",0,57679
"PE","2023-10-23",0,57679
"PE","2023-10-24",0,57679
"PE","2023-10-25",0,57679
"PE","2023-10-26",0,57679
"PE","2023-10-27",0,57679
"PE","2023-10-28",0,57679
"PE","2023-10-29",0,57679
"PE","2023-10-30",0,57679
"PE","2023-10-31",0,57679
"PE","2023-11-01",0,57679
"PE","2023-11-02",0,57679
"PE","2023-11-03",0,57679
"PE","2023-11-04",56,57735
"PE","2023-11-05",0,57735
"PE","2023-11-06",0,57735
"PE","2023-11-07",0,57735
"PE","2023-11-08",0,57735
"PE","2023-11-09",0,57735
"PE","2023-11-10",0,57735
"PE","2023-11-11",0,57735
"PE","2023-11-12",0,57735
"PE","2023-11-13",0,57735
"PE","2023-11-14",0,57735
"PE","2023-11-15",0,57735
"PE","2023-11-16",0,57735
"PE","2023-11-17",0,57735
"PE","2023-11-18",126,57861
"PE","2023-11-19",0,57861
"PE","2023-11-20",0,57861
"PE","2023-11-21",0,57861
"PE","2023-11-22",0,57861
"PE","2023-11-23",0,57861
"PE","2023-11-24",0,57861
"PE","2023-11-25",0,57861
"PE","2023-11-26",0,57861
"PE","2023-11-27",0,57861
"PE","2023-11-28",0,57861
"PE","2023-11-29",0,57861
"PE","2023-11-30",0,57861
"PE","2023-12-01",0,57861
"PE","2023-12-02",150,58011
"PE","2023-12-03",0,58011
"PE","2023-12-04",0,58011
"PE","2023-12-05",0,58011
"PE","2023-12-06",0,58011
"PE","2023-12-07",0,58011
"PE","2023-12-08",0,58011
"PE","2023-12-09",59,58070
"PE","2023-12-10",0,58070
"PE","2023-12-11",0,58070
"PE","2023-12-12",0,58070
"PE","2023-12-13",0,58070
"PE","2023-12-14",0,58070
"PE","2023-12-15",0,58070
"PE","2023-12-16",47,58117
"PE","2023-12-17",0,58117
"PE","2023-12-18",0,58117
"PE","2023-12-19",0,58117
"PE","2023-12-20",0,58117
"PE","2023-12-21",0,58117
"PE","2023-12-22",0,58117
"PE","2023-12-23",0,58117
"PE","2023-12-24",0,58117
"PE","2023-12-25",0,58117
"PE","2023-12-26",0,58117
"PE","2023-12-27",0,58117
"PE","2023-12-28",0,58117
"PE","2023-12-29",0,58117
"PE","2023-12-30",111,58228
"QC","2020-01-24",0,0
"QC","2020-01-25",0,0
"QC","2020-01-26",0,0
"QC","2020-01-27",0,0
"QC","2020-01-28",0,0
"QC","2020-01-29",0,0
"QC","2020-01-30",0,0
"QC","2020-01-31",0,0
"QC","2020-02-01",0,0
"QC","2020-02-02",0,0
"QC","2020-02-03",0,0
"QC","2020-02-04",0,0
"QC","2020-02-05",0,0
"QC","2020-02-06",0,0
"QC","2020-02-07",0,0
"QC","2020-02-08",0,0
"QC","2020-02-09",0,0
"QC","2020-02-10",0,0
"QC","2020-02-11",0,0
"QC","2020-02-12",0,0
"QC","2020-02-13",0,0
"QC","2020-02-14",0,0
"QC","2020-02-15",0,0
"QC","2020-02-16",0,0
"QC","2020-02-17",0,0
"QC","2020-02-18",0,0
"QC","2020-02-19",0,0
"QC","2020-02-20",0,0
"QC","2020-02-21",0,0
"QC","2020-02-22",0,0
"QC","2020-02-23",0,0
"QC","2020-02-24",0,0
"QC","2020-02-25",0,0
"QC","2020-02-26",0,0
"QC","2020-02-27",0,0
"QC","2020-02-28",0,0
"QC","2020-02-29",0,0
"QC","2020-03-01",0,0
"QC","2020-03-02",0,0
"QC","2020-03-03",0,0
"QC","2020-03-04",0,0
"QC","2020-03-05",0,0
"QC","2020-03-06",0,0
"QC","2020-03-07",1,1
"QC","2020-03-08",0,1
"QC","2020-03-09",0,1
"QC","2020-03-10",0,1
"QC","2020-03-11",0,1
"QC","2020-03-12",2,3
"QC","2020-03-13",2,5
"QC","2020-03-14",1,6
"QC","2020-03-15",1,7
"QC","2020-03-16",2,9
"QC","2020-03-17",5,14
"QC","2020-03-18",4,18
"QC","2020-03-19",8,26
"QC","2020-03-20",48,74
"QC","2020-03-21",75,149
"QC","2020-03-22",139,288
"QC","2020-03-23",171,459
"QC","2020-03-24",258,717
"QC","2020-03-25",220,937
"QC","2020-03-26",249,1186
"QC","2020-03-27",344,1530
"QC","2020-03-28",433,1963
"QC","2020-03-29",405,2368
"QC","2020-03-30",500,2868
"QC","2020-03-31",603,3471
"QC","2020-04-01",753,4224
"QC","2020-04-02",574,4798
"QC","2020-04-03",715,5513
"QC","2020-04-04",613,6126
"QC","2020-04-05",623,6749
"QC","2020-04-06",506,7255
"QC","2020-04-07",612,7867
"QC","2020-04-08",820,8687
"QC","2020-04-09",553,9240
"QC","2020-04-10",808,10048
"QC","2020-04-11",563,10611
"QC","2020-04-12",652,11263
"QC","2020-04-13",821,12084
"QC","2020-04-14",860,12944
"QC","2020-04-15",1051,13995
"QC","2020-04-16",884,14879
"QC","2020-04-17",862,15741
"QC","2020-04-18",834,16575
"QC","2020-04-19",687,17262
"QC","2020-04-20",657,17919
"QC","2020-04-21",699,18618
"QC","2020-04-22",669,19287
"QC","2020-04-23",795,20082
"QC","2020-04-24",746,20828
"QC","2020-04-25",776,21604
"QC","2020-04-26",675,22279
"QC","2020-04-27",604,22883
"QC","2020-04-28",692,23575
"QC","2020-04-29",808,24383
"QC","2020-04-30",847,25230
"QC","2020-05-01",811,26041
"QC","2020-05-02",845,26886
"QC","2020-05-03",758,27644
"QC","2020-05-04",731,28375
"QC","2020-05-05",570,28945
"QC","2020-05-06",844,29789
"QC","2020-05-07",876,30665
"QC","2020-05-08",788,31453
"QC","2020-05-09",692,32145
"QC","2020-05-10",606,32751
"QC","2020-05-11",670,33421
"QC","2020-05-12",560,33981
"QC","2020-05-13",629,34610
"QC","2020-05-14",680,35290
"QC","2020-05-15",715,36005
"QC","2020-05-16",694,36699
"QC","2020-05-17",736,37435
"QC","2020-05-18",625,38060
"QC","2020-05-19",545,38605
"QC","2020-05-20",629,39234
"QC","2020-05-21",658,39892
"QC","2020-05-22",654,40546
"QC","2020-05-23",512,41058
"QC","2020-05-24",501,41559
"QC","2020-05-25",542,42101
"QC","2020-05-26",358,42459
"QC","2020-05-27",397,42856
"QC","2020-05-28",411,43267
"QC","2020-05-29",384,43651
"QC","2020-05-30",382,44033
"QC","2020-05-31",367,44400
"QC","2020-06-01",247,44647
"QC","2020-06-02",254,44901
"QC","2020-06-03",229,45130
"QC","2020-06-04",234,45364
"QC","2020-06-05",236,45600
"QC","2020-06-06",236,45836
"QC","2020-06-07",212,46048
"QC","2020-06-08",157,46205
"QC","2020-06-09",118,46323
"QC","2020-06-10",172,46495
"QC","2020-06-11",155,46650
"QC","2020-06-12",141,46791
"QC","2020-06-13",151,46942
"QC","2020-06-14",106,47048
"QC","2020-06-15",84,47132
"QC","2020-06-16",91,47223
"QC","2020-06-17",100,47323
"QC","2020-06-18",115,47438
"QC","2020-06-19",103,47541
"QC","2020-06-20",96,47637
"QC","2020-06-21",89,47726
"QC","2020-06-22",75,47801
"QC","2020-06-23",67,47868
"QC","2020-06-24",77,47945
"QC","2020-06-25",82,48027
"QC","2020-06-26",69,48096
"QC","2020-06-27",61,48157
"QC","2020-06-28",74,48231
"QC","2020-06-29",52,48283
"QC","2020-06-30",33,48316
"QC","2020-07-01",87,48403
"QC","2020-07-02",83,48486
"QC","2020-07-03",70,48556
"QC","2020-07-04",87,48643
"QC","2020-07-05",92,48735
"QC","2020-07-06",53,48788
"QC","2020-07-07",65,48853
"QC","2020-07-08",105,48958
"QC","2020-07-09",123,49081
"QC","2020-07-10",121,49202
"QC","2020-07-11",97,49299
"QC","2020-07-12",108,49407
"QC","2020-07-13",74,49481
"QC","2020-07-14",137,49618
"QC","2020-07-15",123,49741
"QC","2020-07-16",155,49896
"QC","2020-07-17",137,50033
"QC","2020-07-18",177,50210
"QC","2020-07-19",195,50405
"QC","2020-07-20",111,50516
"QC","2020-07-21",144,50660
"QC","2020-07-22",193,50853
"QC","2020-07-23",187,51040
"QC","2020-07-24",161,51201
"QC","2020-07-25",153,51354
"QC","2020-07-26",145,51499
"QC","2020-07-27",106,51605
"QC","2020-07-28",113,51718
"QC","2020-07-29",138,51856
"QC","2020-07-30",173,52029
"QC","2020-07-31",160,52189
"QC","2020-08-01",123,52312
"QC","2020-08-02",123,52435
"QC","2020-08-03",102,52537
"QC","2020-08-04",140,52677
"QC","2020-08-05",148,52825
"QC","2020-08-06",130,52955
"QC","2020-08-07",106,53061
"QC","2020-08-08",124,53185
"QC","2020-08-09",120,53305
"QC","2020-08-10",91,53396
"QC","2020-08-11",82,53478
"QC","2020-08-12",112,53590
"QC","2020-08-13",100,53690
"QC","2020-08-14",83,53773
"QC","2020-08-15",65,53838
"QC","2020-08-16",60,53898
"QC","2020-08-17",48,53946
"QC","2020-08-18",54,54000
"QC","2020-08-19",89,54089
"QC","2020-08-20",93,54182
"QC","2020-08-21",107,54289
"QC","2020-08-22",102,54391
"QC","2020-08-23",89,54480
"QC","2020-08-24",47,54527
"QC","2020-08-25",54,54581
"QC","2020-08-26",126,54707
"QC","2020-08-27",132,54839
"QC","2020-08-28",104,54943
"QC","2020-08-29",131,55074
"QC","2020-08-30",120,55194
"QC","2020-08-31",119,55313
"QC","2020-09-01",133,55446
"QC","2020-09-02",186,55632
"QC","2020-09-03",168,55800
"QC","2020-09-04",218,56018
"QC","2020-09-05",203,56221
"QC","2020-09-06",220,56441
"QC","2020-09-07",193,56634
"QC","2020-09-08",151,56785
"QC","2020-09-09",208,56993
"QC","2020-09-10",249,57242
"QC","2020-09-11",245,57487
"QC","2020-09-12",346,57833
"QC","2020-09-13",331,58164
"QC","2020-09-14",286,58450
"QC","2020-09-15",253,58703
"QC","2020-09-16",325,59028
"QC","2020-09-17",325,59353
"QC","2020-09-18",362,59715
"QC","2020-09-19",496,60211
"QC","2020-09-20",450,60661
"QC","2020-09-21",502,61163
"QC","2020-09-22",510,61673
"QC","2020-09-23",536,62209
"QC","2020-09-24",661,62870
"QC","2020-09-25",738,63608
"QC","2020-09-26",790,64398
"QC","2020-09-27",876,65274
"QC","2020-09-28",922,66196
"QC","2020-09-29",870,67066
"QC","2020-09-30",975,68041
"QC","2020-10-01",1070,69111
"QC","2020-10-02",1115,70226
"QC","2020-10-03",1306,71532
"QC","2020-10-04",1040,72572
"QC","2020-10-05",922,73494
"QC","2020-10-06",807,74301
"QC","2020-10-07",1096,75397
"QC","2020-10-08",997,76394
"QC","2020-10-09",1102,77496
"QC","2020-10-10",1062,78558
"QC","2020-10-11",965,79523
"QC","2020-10-12",982,80505
"QC","2020-10-13",696,81201
"QC","2020-10-14",1026,82227
"QC","2020-10-15",1180,83407
"QC","2020-10-16",1174,84581
"QC","2020-10-17",1251,85832
"QC","2020-10-18",896,86728
"QC","2020-10-19",796,87524
"QC","2020-10-20",882,88406
"QC","2020-10-21",1063,89469
"QC","2020-10-22",973,90442
"QC","2020-10-23",921,91363
"QC","2020-10-24",1028,92391
"QC","2020-10-25",896,93287
"QC","2020-10-26",895,94182
"QC","2020-10-27",718,94900
"QC","2020-10-28",1072,95972
"QC","2020-10-29",930,96902
"QC","2020-10-30",1016,97918
"QC","2020-10-31",975,98893
"QC","2020-11-01",1067,99960
"QC","2020-11-02",914,100874
"QC","2020-11-03",829,101703
"QC","2020-11-04",1067,102770
"QC","2020-11-05",1142,103912
"QC","2020-11-06",1337,105249
"QC","2020-11-07",1262,106511
"QC","2020-11-08",1273,107784
"QC","2020-11-09",1217,109001
"QC","2020-11-10",1301,110302
"QC","2020-11-11",1266,111568
"QC","2020-11-12",1261,112829
"QC","2020-11-13",1396,114225
"QC","2020-11-14",1416,115641
"QC","2020-11-15",1138,116779
"QC","2020-11-16",1110,117889
"QC","2020-11-17",1033,118922
"QC","2020-11-18",1264,120186
"QC","2020-11-19",1248,121434
"QC","2020-11-20",1184,122618
"QC","2020-11-21",1145,123763
"QC","2020-11-22",1091,124854
"QC","2020-11-23",1275,126129
"QC","2020-11-24",987,127116
"QC","2020-11-25",1278,128394
"QC","2020-11-26",1430,129824
"QC","2020-11-27",1374,131198
"QC","2020-11-28",1415,132613
"QC","2020-11-29",1273,133886
"QC","2020-11-30",1247,135133
"QC","2020-12-01",1411,136544
"QC","2020-12-02",1588,138132
"QC","2020-12-03",1607,139739
"QC","2020-12-04",1711,141450
"QC","2020-12-05",1594,143044
"QC","2020-12-06",1703,144747
"QC","2020-12-07",1499,146246
"QC","2020-12-08",1495,147741
"QC","2020-12-09",1750,149491
"QC","2020-12-10",1798,151289
"QC","2020-12-11",1821,153110
"QC","2020-12-12",2006,155116
"QC","2020-12-13",1868,156984
"QC","2020-12-14",1686,158670
"QC","2020-12-15",1885,160555
"QC","2020-12-16",1868,162423
"QC","2020-12-17",2126,164549
"QC","2020-12-18",2194,166743
"QC","2020-12-19",2029,168772
"QC","2020-12-20",2166,170938
"QC","2020-12-21",1996,172934
"QC","2020-12-22",2004,174938
"QC","2020-12-23",2208,177146
"QC","2020-12-24",2377,179523
"QC","2020-12-25",2417,181940
"QC","2020-12-26",2323,184263
"QC","2020-12-27",2060,186323
"QC","2020-12-28",2240,188563
"QC","2020-12-29",2149,190712
"QC","2020-12-30",3105,193817
"QC","2020-12-31",3009,196826
"QC","2021-01-01",2556,199382
"QC","2021-01-02",2430,201812
"QC","2021-01-03",2289,204101
"QC","2021-01-04",2343,206444
"QC","2021-01-05",2514,208958
"QC","2021-01-06",2637,211595
"QC","2021-01-07",2653,214248
"QC","2021-01-08",2799,217047
"QC","2021-01-09",2526,219573
"QC","2021-01-10",1986,221559
"QC","2021-01-11",2242,223801
"QC","2021-01-12",1842,225643
"QC","2021-01-13",2167,227810
"QC","2021-01-14",2053,229863
"QC","2021-01-15",1966,231829
"QC","2021-01-16",2009,233838
"QC","2021-01-17",1782,235620
"QC","2021-01-18",1376,236996
"QC","2021-01-19",1377,238373
"QC","2021-01-20",1578,239951
"QC","2021-01-21",1614,241565
"QC","2021-01-22",1676,243241
"QC","2021-01-23",1500,244741
"QC","2021-01-24",1390,246131
"QC","2021-01-25",1148,247279
"QC","2021-01-26",1178,248457
"QC","2021-01-27",1353,249810
"QC","2021-01-28",1268,251078
"QC","2021-01-29",1314,252392
"QC","2021-01-30",1280,253672
"QC","2021-01-31",1213,254885
"QC","2021-02-01",918,255803
"QC","2021-02-02",890,256693
"QC","2021-02-03",1180,257873
"QC","2021-02-04",1108,258981
"QC","2021-02-05",1007,259988
"QC","2021-02-06",1235,261223
"QC","2021-02-07",1080,262303
"QC","2021-02-08",821,263124
"QC","2021-02-09",751,263875
"QC","2021-02-10",931,264806
"QC","2021-02-11",1154,265960
"QC","2021-02-12",973,266933
"QC","2021-02-13",1036,267969
"QC","2021-02-14",816,268785
"QC","2021-02-15",717,269502
"QC","2021-02-16",668,270170
"QC","2021-02-17",808,270978
"QC","2021-02-18",791,271769
"QC","2021-02-19",859,272628
"QC","2021-02-20",756,273384
"QC","2021-02-21",753,274137
"QC","2021-02-22",794,274931
"QC","2021-02-23",620,275551
"QC","2021-02-24",808,276359
"QC","2021-02-25",842,277201
"QC","2021-02-26",774,277975
"QC","2021-02-27",878,278853
"QC","2021-02-28",666,279519
"QC","2021-03-01",573,280092
"QC","2021-03-02",527,280619
"QC","2021-03-03",825,281444
"QC","2021-03-04",737,282181
"QC","2021-03-05",865,283046
"QC","2021-03-06",737,283783
"QC","2021-03-07",688,284471
"QC","2021-03-08",579,285050
"QC","2021-03-09",596,285646
"QC","2021-03-10",743,286389
"QC","2021-03-11",715,287104
"QC","2021-03-12",922,288026
"QC","2021-03-13",818,288844
"QC","2021-03-14",640,289484
"QC","2021-03-15",571,290055
"QC","2021-03-16",664,290719
"QC","2021-03-17",1054,291773
"QC","2021-03-18",916,292689
"QC","2021-03-19",826,293515
"QC","2021-03-20",791,294306
"QC","2021-03-21",600,294906
"QC","2021-03-22",491,295397
"QC","2021-03-23",1075,296472
"QC","2021-03-24",969,297441
"QC","2021-03-25",1033,298474
"QC","2021-03-26",820,299294
"QC","2021-03-27",899,300193
"QC","2021-03-28",942,301135
"QC","2021-03-29",860,301995
"QC","2021-03-30",986,302981
"QC","2021-03-31",1264,304245
"QC","2021-04-01",1151,305396
"QC","2021-04-02",1305,306701
"QC","2021-04-03",1331,308032
"QC","2021-04-04",1244,309276
"QC","2021-04-05",1108,310384
"QC","2021-04-06",1220,311604
"QC","2021-04-07",1942,313546
"QC","2021-04-08",1612,315158
"QC","2021-04-09",2272,317430
"QC","2021-04-10",1903,319333
"QC","2021-04-11",1658,320991
"QC","2021-04-12",1413,322404
"QC","2021-04-13",1418,323822
"QC","2021-04-14",1542,325364
"QC","2021-04-15",1555,326919
"QC","2021-04-16",1682,328601
"QC","2021-04-17",1432,330033
"QC","2021-04-18",1230,331263
"QC","2021-04-19",1056,332319
"QC","2021-04-20",1154,333473
"QC","2021-04-21",1273,334746
"QC","2021-04-22",1135,335881
"QC","2021-04-23",1057,336938
"QC","2021-04-24",1234,338172
"QC","2021-04-25",840,339012
"QC","2021-04-26",904,339916
"QC","2021-04-27",1037,340953
"QC","2021-04-28",1104,342057
"QC","2021-04-29",1140,343197
"QC","2021-04-30",1100,344297
"QC","2021-05-01",1113,345410
"QC","2021-05-02",895,346305
"QC","2021-05-03",836,347141
"QC","2021-05-04",855,347996
"QC","2021-05-05",885,348881
"QC","2021-05-06",927,349808
"QC","2021-05-07",1015,350823
"QC","2021-05-08",1022,351845
"QC","2021-05-09",718,352563
"QC","2021-05-10",683,353246
"QC","2021-05-11",729,353975
"QC","2021-05-12",818,354793
"QC","2021-05-13",867,355660
"QC","2021-05-14",892,356552
"QC","2021-05-15",886,357438
"QC","2021-05-16",626,358064
"QC","2021-05-17",539,358603
"QC","2021-05-18",562,359165
"QC","2021-05-19",618,359783
"QC","2021-05-20",786,360569
"QC","2021-05-21",618,361187
"QC","2021-05-22",591,361778
"QC","2021-05-23",431,362209
"QC","2021-05-24",376,362585
"QC","2021-05-25",380,362965
"QC","2021-05-26",459,363424
"QC","2021-05-27",452,363876
"QC","2021-05-28",428,364304
"QC","2021-05-29",376,364680
"QC","2021-05-30",317,364997
"QC","2021-05-31",237,365234
"QC","2021-06-01",267,365501
"QC","2021-06-02",302,365803
"QC","2021-06-03",298,366101
"QC","2021-06-04",269,366370
"QC","2021-06-05",233,366603
"QC","2021-06-06",199,366802
"QC","2021-06-07",165,366967
"QC","2021-06-08",161,367128
"QC","2021-06-09",204,367332
"QC","2021-06-10",253,367585
"QC","2021-06-11",205,367790
"QC","2021-06-12",164,367954
"QC","2021-06-13",142,368096
"QC","2021-06-14",122,368218
"QC","2021-06-15",113,368331
"QC","2021-06-16",167,368498
"QC","2021-06-17",169,368667
"QC","2021-06-18",179,368846
"QC","2021-06-19",135,368981
"QC","2021-06-20",93,369074
"QC","2021-06-21",97,369171
"QC","2021-06-22",102,369273
"QC","2021-06-23",110,369383
"QC","2021-06-24",86,369469
"QC","2021-06-25",81,369550
"QC","2021-06-26",101,369651
"QC","2021-06-27",75,369726
"QC","2021-06-28",55,369781
"QC","2021-06-29",95,369876
"QC","2021-06-30",109,369985
"QC","2021-07-01",78,370063
"QC","2021-07-02",73,370136
"QC","2021-07-03",53,370189
"QC","2021-07-04",52,370241
"QC","2021-07-05",37,370278
"QC","2021-07-06",95,370373
"QC","2021-07-07",80,370453
"QC","2021-07-08",99,370552
"QC","2021-07-09",62,370614
"QC","2021-07-10",65,370679
"QC","2021-07-11",64,370743
"QC","2021-07-12",60,370803
"QC","2021-07-13",52,370855
"QC","2021-07-14",88,370943
"QC","2021-07-15",85,371028
"QC","2021-07-16",98,371126
"QC","2021-07-17",81,371207
"QC","2021-07-18",73,371280
"QC","2021-07-19",59,371339
"QC","2021-07-20",93,371432
"QC","2021-07-21",111,371543
"QC","2021-07-22",94,371637
"QC","2021-07-23",131,371768
"QC","2021-07-24",114,371882
"QC","2021-07-25",97,371979
"QC","2021-07-26",66,372045
"QC","2021-07-27",123,372168
"QC","2021-07-28",119,372287
"QC","2021-07-29",132,372419
"QC","2021-07-30",150,372569
"QC","2021-07-31",170,372739
"QC","2021-08-01",158,372897
"QC","2021-08-02",136,373033
"QC","2021-08-03",177,373210
"QC","2021-08-04",204,373414
"QC","2021-08-05",275,373689
"QC","2021-08-06",286,373975
"QC","2021-08-07",266,374241
"QC","2021-08-08",268,374509
"QC","2021-08-09",217,374726
"QC","2021-08-10",284,375010
"QC","2021-08-11",390,375400
"QC","2021-08-12",391,375791
"QC","2021-08-13",409,376200
"QC","2021-08-14",401,376601
"QC","2021-08-15",417,377018
"QC","2021-08-16",330,377348
"QC","2021-08-17",410,377758
"QC","2021-08-18",424,378182
"QC","2021-08-19",493,378675
"QC","2021-08-20",604,379279
"QC","2021-08-21",525,379804
"QC","2021-08-22",383,380187
"QC","2021-08-23",332,380519
"QC","2021-08-24",413,380932
"QC","2021-08-25",537,381469
"QC","2021-08-26",647,382116
"QC","2021-08-27",641,382757
"QC","2021-08-28",505,383262
"QC","2021-08-29",503,383765
"QC","2021-08-30",418,384183
"QC","2021-08-31",570,384753
"QC","2021-09-01",706,385459
"QC","2021-09-02",711,386170
"QC","2021-09-03",760,386930
"QC","2021-09-04",654,387584
"QC","2021-09-05",631,388215
"QC","2021-09-06",485,388700
"QC","2021-09-07",601,389301
"QC","2021-09-08",630,389931
"QC","2021-09-09",765,390696
"QC","2021-09-10",961,391657
"QC","2021-09-11",879,392536
"QC","2021-09-12",656,393192
"QC","2021-09-13",616,393808
"QC","2021-09-14",679,394487
"QC","2021-09-15",749,395236
"QC","2021-09-16",834,396070
"QC","2021-09-17",819,396889
"QC","2021-09-18",809,397698
"QC","2021-09-19",641,398339
"QC","2021-09-20",623,398962
"QC","2021-09-21",644,399606
"QC","2021-09-22",614,400220
"QC","2021-09-23",783,401003
"QC","2021-09-24",721,401724
"QC","2021-09-25",780,402504
"QC","2021-09-26",581,403085
"QC","2021-09-27",493,403578
"QC","2021-09-28",499,404077
"QC","2021-09-29",566,404643
"QC","2021-09-30",710,405353
"QC","2021-10-01",587,405940
"QC","2021-10-02",624,406564
"QC","2021-10-03",396,406960
"QC","2021-10-04",439,407399
"QC","2021-10-05",478,407877
"QC","2021-10-06",534,408411
"QC","2021-10-07",613,409024
"QC","2021-10-08",628,409652
"QC","2021-10-09",598,410250
"QC","2021-10-10",530,410780
"QC","2021-10-11",421,411201
"QC","2021-10-12",432,411633
"QC","2021-10-13",583,412216
"QC","2021-10-14",641,412857
"QC","2021-10-15",689,413546
"QC","2021-10-16",792,414338
"QC","2021-10-17",427,414765
"QC","2021-10-18",350,415115
"QC","2021-10-19",421,415536
"QC","2021-10-20",499,416035
"QC","2021-10-21",411,416446
"QC","2021-10-22",411,416857
"QC","2021-10-23",447,417304
"QC","2021-10-24",376,417680
"QC","2021-10-25",342,418022
"QC","2021-10-26",379,418401
"QC","2021-10-27",453,418854
"QC","2021-10-28",474,419328
"QC","2021-10-29",556,419884
"QC","2021-10-30",542,420426
"QC","2021-10-31",538,420964
"QC","2021-11-01",491,421455
"QC","2021-11-02",484,421939
"QC","2021-11-03",535,422474
"QC","2021-11-04",641,423115
"QC","2021-11-05",667,423782
"QC","2021-11-06",597,424379
"QC","2021-11-07",586,424965
"QC","2021-11-08",502,425467
"QC","2021-11-09",525,425992
"QC","2021-11-10",723,426715
"QC","2021-11-11",677,427392
"QC","2021-11-12",699,428091
"QC","2021-11-13",716,428807
"QC","2021-11-14",511,429318
"QC","2021-11-15",542,429860
"QC","2021-11-16",593,430453
"QC","2021-11-17",707,431160
"QC","2021-11-18",793,431953
"QC","2021-11-19",720,432673
"QC","2021-11-20",766,433439
"QC","2021-11-21",724,434163
"QC","2021-11-22",662,434825
"QC","2021-11-23",740,435565
"QC","2021-11-24",885,436450
"QC","2021-11-25",988,437438
"QC","2021-11-26",1173,438611
"QC","2021-11-27",1008,439619
"QC","2021-11-28",817,440436
"QC","2021-11-29",719,441155
"QC","2021-11-30",922,442077
"QC","2021-12-01",1112,443189
"QC","2021-12-02",1291,444480
"QC","2021-12-03",1463,445943
"QC","2021-12-04",1393,447336
"QC","2021-12-05",1258,448594
"QC","2021-12-06",1152,449746
"QC","2021-12-07",1292,451038
"QC","2021-12-08",1557,452595
"QC","2021-12-09",1987,454582
"QC","2021-12-10",1981,456563
"QC","2021-12-11",2029,458592
"QC","2021-12-12",1715,460307
"QC","2021-12-13",1642,461949
"QC","2021-12-14",2164,464113
"QC","2021-12-15",2673,466786
"QC","2021-12-16",3360,470146
"QC","2021-12-17",4038,474184
"QC","2021-12-18",4325,478509
"QC","2021-12-19",4704,483213
"QC","2021-12-20",4404,487617
"QC","2021-12-21",6582,494199
"QC","2021-12-22",8282,502481
"QC","2021-12-23",11399,513880
"QC","2021-12-24",11793,525673
"QC","2021-12-25",11646,537319
"QC","2021-12-26",10582,547901
"QC","2021-12-27",10504,558405
"QC","2021-12-28",13446,571851
"QC","2021-12-29",15472,587323
"QC","2021-12-30",18775,606098
"QC","2021-12-31",18683,624781
"QC","2022-01-01",16993,641774
"QC","2022-01-02",14798,656572
"QC","2022-01-03",14130,670702
"QC","2022-01-04",14031,684733
"QC","2022-01-05",17659,702392
"QC","2022-01-06",17919,720311
"QC","2022-01-07",16405,736716
"QC","2022-01-08",13799,750515
"QC","2022-01-09",9286,759801
"QC","2022-01-10",8225,768026
"QC","2022-01-11",7421,775447
"QC","2022-01-12",7442,782889
"QC","2022-01-13",6915,789804
"QC","2022-01-14",6376,796180
"QC","2022-01-15",5514,801694
"QC","2022-01-16",5203,806897
"QC","2022-01-17",4257,811154
"QC","2022-01-18",4595,815749
"QC","2022-01-19",5209,820958
"QC","2022-01-20",4932,825890
"QC","2022-01-21",4518,830408
"QC","2022-01-22",4025,834433
"QC","2022-01-23",3248,837681
"QC","2022-01-24",2756,840437
"QC","2022-01-25",3463,843900
"QC","2022-01-26",4175,848075
"QC","2022-01-27",3671,851746
"QC","2022-01-28",3602,855348
"QC","2022-01-29",3257,858605
"QC","2022-01-30",2687,861292
"QC","2022-01-31",2516,863808
"QC","2022-02-01",3156,866964
"QC","2022-02-02",3809,870773
"QC","2022-02-03",3532,874305
"QC","2022-02-04",2911,877216
"QC","2022-02-05",2880,880096
"QC","2022-02-06",2240,882336
"QC","2022-02-07",2110,884446
"QC","2022-02-08",2935,887381
"QC","2022-02-09",3065,890446
"QC","2022-02-10",2669,893115
"QC","2022-02-11",2425,895540
"QC","2022-02-12",2129,897669
"QC","2022-02-13",1566,899235
"QC","2022-02-14",1575,900810
"QC","2022-02-15",1934,902744
"QC","2022-02-16",1981,904725
"QC","2022-02-17",1894,906619
"QC","2022-02-18",1710,908329
"QC","2022-02-19",1477,909806
"QC","2022-02-20",1170,910976
"QC","2022-02-21",1180,912156
"QC","2022-02-22",1619,913775
"QC","2022-02-23",1634,915409
"QC","2022-02-24",1454,916863
"QC","2022-02-25",1315,918178
"QC","2022-02-26",1044,919222
"QC","2022-02-27",951,920173
"QC","2022-02-28",910,921083
"QC","2022-03-01",1288,922371
"QC","2022-03-02",1199,923570
"QC","2022-03-03",1143,924713
"QC","2022-03-04",1218,925931
"QC","2022-03-05",1047,926978
"QC","2022-03-06",807,927785
"QC","2022-03-07",784,928569
"QC","2022-03-08",1292,929861
"QC","2022-03-09",1327,931188
"QC","2022-03-10",1231,932419
"QC","2022-03-11",1109,933528
"QC","2022-03-12",1000,934528
"QC","2022-03-13",745,935273
"QC","2022-03-14",719,935992
"QC","2022-03-15",1302,937294
"QC","2022-03-16",1426,938720
"QC","2022-03-17",1506,940226
"QC","2022-03-18",1350,941576
"QC","2022-03-19",1209,942785
"QC","2022-03-20",946,943731
"QC","2022-03-21",1086,944817
"QC","2022-03-22",1707,946524
"QC","2022-03-23",2276,948800
"QC","2022-03-24",2376,951176
"QC","2022-03-25",2200,953376
"QC","2022-03-26",2139,955515
"QC","2022-03-27",1636,957151
"QC","2022-03-28",1770,958921
"QC","2022-03-29",2897,961818
"QC","2022-03-30",3142,964960
"QC","2022-03-31",3551,968511
"QC","2022-04-01",3098,971609
"QC","2022-04-02",3009,974618
"QC","2022-04-03",2392,977010
"QC","2022-04-04",2292,979302
"QC","2022-04-05",3439,982741
"QC","2022-04-06",3770,986511
"QC","2022-04-07",3566,990077
"QC","2022-04-08",3599,993676
"QC","2022-04-09",2977,996653
"QC","2022-04-10",2622,999275
"QC","2022-04-11",2463,1001738
"QC","2022-04-12",2930,1004668
"QC","2022-04-13",3578,1008246
"QC","2022-04-14",3469,1011715
"QC","2022-04-15",2946,1014661
"QC","2022-04-16",2341,1017002
"QC","2022-04-17",1809,1018811
"QC","2022-04-18",1632,1020443
"QC","2022-04-19",2099,1022542
"QC","2022-04-20",2788,1025330
"QC","2022-04-21",2959,1028289
"QC","2022-04-22",2416,1030705
"QC","2022-04-23",2133,1032838
"QC","2022-04-24",1431,1034269
"QC","2022-04-25",1457,1035726
"QC","2022-04-26",1986,1037712
"QC","2022-04-27",1962,1039674
"QC","2022-04-28",1812,1041486
"QC","2022-04-29",1770,1043256
"QC","2022-04-30",1444,1044700
"QC","2022-05-01",1046,1045746
"QC","2022-05-02",921,1046667
"QC","2022-05-03",1552,1048219
"QC","2022-05-04",1596,1049815
"QC","2022-05-05",1305,1051120
"QC","2022-05-06",1251,1052371
"QC","2022-05-07",1050,1053421
"QC","2022-05-08",736,1054157
"QC","2022-05-09",721,1054878
"QC","2022-05-10",967,1055845
"QC","2022-05-11",1123,1056968
"QC","2022-05-12",941,1057909
"QC","2022-05-13",858,1058767
"QC","2022-05-14",782,1059549
"QC","2022-05-15",605,1060154
"QC","2022-05-16",539,1060693
"QC","2022-05-17",738,1061431
"QC","2022-05-18",710,1062141
"QC","2022-05-19",643,1062784
"QC","2022-05-20",558,1063342
"QC","2022-05-21",530,1063872
"QC","2022-05-22",392,1064264
"QC","2022-05-23",406,1064670
"QC","2022-05-24",576,1065246
"QC","2022-05-25",682,1065928
"QC","2022-05-26",698,1066626
"QC","2022-05-27",590,1067216
"QC","2022-05-28",534,1067750
"QC","2022-05-29",434,1068184
"QC","2022-05-30",423,1068607
"QC","2022-05-31",692,1069299
"QC","2022-06-01",720,1070019
"QC","2022-06-02",795,1070814
"QC","2022-06-03",605,1071419
"QC","2022-06-04",503,1071922
"QC","2022-06-05",450,1072372
"QC","2022-06-06",456,1072828
"QC","2022-06-07",798,1073626
"QC","2022-06-08",728,1074354
"QC","2022-06-09",814,1075168
"QC","2022-06-10",762,1075930
"QC","2022-06-11",630,1076560
"QC","2022-06-12",518,1077078
"QC","2022-06-13",533,1077611
"QC","2022-06-14",872,1078483
"QC","2022-06-15",839,1079322
"QC","2022-06-16",977,1080299
"QC","2022-06-17",899,1081198
"QC","2022-06-18",768,1081966
"QC","2022-06-19",658,1082624
"QC","2022-06-20",609,1083233
"QC","2022-06-21",1089,1084322
"QC","2022-06-22",1172,1085494
"QC","2022-06-23",1355,1086849
"QC","2022-06-24",1108,1087957
"QC","2022-06-25",923,1088880
"QC","2022-06-26",829,1089709
"QC","2022-06-27",865,1090574
"QC","2022-06-28",1636,1092210
"QC","2022-06-29",1771,1093981
"QC","2022-06-30",1725,1095706
"QC","2022-07-01",1654,1097360
"QC","2022-07-02",1197,1098557
"QC","2022-07-03",1145,1099702
"QC","2022-07-04",1141,1100843
"QC","2022-07-05",2071,1102914
"QC","2022-07-06",1904,1104818
"QC","2022-07-07",2021,1106839
"QC","2022-07-08",1795,1108634
"QC","2022-07-09",1528,1110162
"QC","2022-07-10",1234,1111396
"QC","2022-07-11",1244,1112640
"QC","2022-07-12",2016,1114656
"QC","2022-07-13",2204,1116860
"QC","2022-07-14",2336,1119196
"QC","2022-07-15",1914,1121110
"QC","2022-07-16",2003,1123113
"QC","2022-07-17",1526,1124639
"QC","2022-07-18",1402,1126041
"QC","2022-07-19",2145,1128186
"QC","2022-07-20",2403,1130589
"QC","2022-07-21",2080,1132669
"QC","2022-07-22",1951,1134620
"QC","2022-07-23",1606,1136226
"QC","2022-07-24",1283,1137509
"QC","2022-07-25",1278,1138787
"QC","2022-07-26",1800,1140587
"QC","2022-07-27",1802,1142389
"QC","2022-07-28",1574,1143963
"QC","2022-07-29",1461,1145424
"QC","2022-07-30",1340,1146764
"QC","2022-07-31",981,1147745
"QC","2022-08-01",970,1148715
"QC","2022-08-02",1386,1150101
"QC","2022-08-03",1447,1151548
"QC","2022-08-04",1341,1152889
"QC","2022-08-05",1042,1153931
"QC","2022-08-06",1097,1155028
"QC","2022-08-07",786,1155814
"QC","2022-08-08",788,1156602
"QC","2022-08-09",1271,1157873
"QC","2022-08-10",1136,1159009
"QC","2022-08-11",1171,1160180
"QC","2022-08-12",1193,1161373
"QC","2022-08-13",919,1162292
"QC","2022-08-14",779,1163071
"QC","2022-08-15",715,1163786
"QC","2022-08-16",1224,1165010
"QC","2022-08-17",1263,1166273
"QC","2022-08-18",1123,1167396
"QC","2022-08-19",998,1168394
"QC","2022-08-20",864,1169258
"QC","2022-08-21",687,1169945
"QC","2022-08-22",646,1170591
"QC","2022-08-23",948,1171539
"QC","2022-08-24",1025,1172564
"QC","2022-08-25",906,1173470
"QC","2022-08-26",770,1174240
"QC","2022-08-27",761,1175001
"QC","2022-08-28",571,1175572
"QC","2022-08-29",489,1176061
"QC","2022-08-30",804,1176865
"QC","2022-08-31",957,1177822
"QC","2022-09-01",844,1178666
"QC","2022-09-02",802,1179468
"QC","2022-09-03",663,1180131
"QC","2022-09-04",478,1180609
"QC","2022-09-05",455,1181064
"QC","2022-09-06",615,1181679
"QC","2022-09-07",917,1182596
"QC","2022-09-08",867,1183463
"QC","2022-09-09",870,1184333
"QC","2022-09-10",652,1184985
"QC","2022-09-11",579,1185564
"QC","2022-09-12",566,1186130
"QC","2022-09-13",919,1187049
"QC","2022-09-14",846,1187895
"QC","2022-09-15",778,1188673
"QC","2022-09-16",753,1189426
"QC","2022-09-17",632,1190058
"QC","2022-09-18",464,1190522
"QC","2022-09-19",601,1191123
"QC","2022-09-20",928,1192051
"QC","2022-09-21",913,1192964
"QC","2022-09-22",851,1193815
"QC","2022-09-23",868,1194683
"QC","2022-09-24",770,1195453
"QC","2022-09-25",636,1196089
"QC","2022-09-26",603,1196692
"QC","2022-09-27",970,1197662
"QC","2022-09-28",1082,1198744
"QC","2022-09-29",1031,1199775
"QC","2022-09-30",893,1200668
"QC","2022-10-01",882,1201550
"QC","2022-10-02",603,1202153
"QC","2022-10-03",723,1202876
"QC","2022-10-04",955,1203831
"QC","2022-10-05",1106,1204937
"QC","2022-10-06",977,1205914
"QC","2022-10-07",1031,1206945
"QC","2022-10-08",931,1207876
"QC","2022-10-09",628,1208504
"QC","2022-10-10",706,1209210
"QC","2022-10-11",780,1209990
"QC","2022-10-12",1101,1211091
"QC","2022-10-13",1237,1212328
"QC","2022-10-14",1058,1213386
"QC","2022-10-15",1016,1214402
"QC","2022-10-16",709,1215111
"QC","2022-10-17",648,1215759
"QC","2022-10-18",1053,1216812
"QC","2022-10-19",1081,1217893
"QC","2022-10-20",1027,1218920
"QC","2022-10-21",905,1219825
"QC","2022-10-22",762,1220587
"QC","2022-10-23",591,1221178
"QC","2022-10-24",596,1221774
"QC","2022-10-25",1066,1222840
"QC","2022-10-26",1011,1223851
"QC","2022-10-27",989,1224840
"QC","2022-10-28",934,1225774
"QC","2022-10-29",835,1226609
"QC","2022-10-30",549,1227158
"QC","2022-10-31",558,1227716
"QC","2022-11-01",895,1228611
"QC","2022-11-02",1033,1229644
"QC","2022-11-03",867,1230511
"QC","2022-11-04",933,1231444
"QC","2022-11-05",815,1232259
"QC","2022-11-06",605,1232864
"QC","2022-11-07",636,1233500
"QC","2022-11-08",926,1234426
"QC","2022-11-09",912,1235338
"QC","2022-11-10",889,1236227
"QC","2022-11-11",727,1236954
"QC","2022-11-12",672,1237626
"QC","2022-11-13",519,1238145
"QC","2022-11-14",523,1238668
"QC","2022-11-15",814,1239482
"QC","2022-11-16",1034,1240516
"QC","2022-11-17",839,1241355
"QC","2022-11-18",795,1242150
"QC","2022-11-19",709,1242859
"QC","2022-11-20",610,1243469
"QC","2022-11-21",618,1244087
"QC","2022-11-22",972,1245059
"QC","2022-11-23",1074,1246133
"QC","2022-11-24",1029,1247162
"QC","2022-11-25",942,1248104
"QC","2022-11-26",853,1248957
"QC","2022-11-27",701,1249658
"QC","2022-11-28",750,1250408
"QC","2022-11-29",1156,1251564
"QC","2022-11-30",1288,1252852
"QC","2022-12-01",1314,1254166
"QC","2022-12-02",985,1255151
"QC","2022-12-03",996,1256147
"QC","2022-12-04",803,1256950
"QC","2022-12-05",719,1257669
"QC","2022-12-06",1195,1258864
"QC","2022-12-07",1348,1260212
"QC","2022-12-08",1227,1261439
"QC","2022-12-09",1101,1262540
"QC","2022-12-10",965,1263505
"QC","2022-12-11",821,1264326
"QC","2022-12-12",765,1265091
"QC","2022-12-13",1166,1266257
"QC","2022-12-14",1315,1267572
"QC","2022-12-15",1363,1268935
"QC","2022-12-16",1219,1270154
"QC","2022-12-17",1060,1271214
"QC","2022-12-18",863,1272077
"QC","2022-12-19",880,1272957
"QC","2022-12-20",1289,1274246
"QC","2022-12-21",1459,1275705
"QC","2022-12-22",1217,1276922
"QC","2022-12-23",992,1277914
"QC","2022-12-24",766,1278680
"QC","2022-12-25",513,1279193
"QC","2022-12-26",471,1279664
"QC","2022-12-27",769,1280433
"QC","2022-12-28",970,1281403
"QC","2022-12-29",1143,1282546
"QC","2022-12-30",1204,1283750
"QC","2022-12-31",819,1284569
"QC","2023-01-01",611,1285180
"QC","2023-01-02",453,1285633
"QC","2023-01-03",793,1286426
"QC","2023-01-04",927,1287353
"QC","2023-01-05",1099,1288452
"QC","2023-01-06",884,1289336
"QC","2023-01-07",771,1290107
"QC","2023-01-08",550,1290657
"QC","2023-01-09",584,1291241
"QC","2023-01-10",790,1292031
"QC","2023-01-11",708,1292739
"QC","2023-01-12",742,1293481
"QC","2023-01-13",632,1294113
"QC","2023-01-14",489,1294602
"QC","2023-01-15",449,1295051
"QC","2023-01-16",483,1295534
"QC","2023-01-17",657,1296191
"QC","2023-01-18",638,1296829
"QC","2023-01-19",554,1297383
"QC","2023-01-20",530,1297913
"QC","2023-01-21",453,1298366
"QC","2023-01-22",319,1298685
"QC","2023-01-23",337,1299022
"QC","2023-01-24",535,1299557
"QC","2023-01-25",532,1300089
"QC","2023-01-26",510,1300599
"QC","2023-01-27",419,1301018
"QC","2023-01-28",416,1301434
"QC","2023-01-29",316,1301750
"QC","2023-01-30",338,1302088
"QC","2023-01-31",534,1302622
"QC","2023-02-01",584,1303206
"QC","2023-02-02",542,1303748
"QC","2023-02-03",533,1304281
"QC","2023-02-04",408,1304689
"QC","2023-02-05",296,1304985
"QC","2023-02-06",388,1305373
"QC","2023-02-07",589,1305962
"QC","2023-02-08",615,1306577
"QC","2023-02-09",589,1307166
"QC","2023-02-10",535,1307701
"QC","2023-02-11",506,1308207
"QC","2023-02-12",401,1308608
"QC","2023-02-13",379,1308987
"QC","2023-02-14",589,1309576
"QC","2023-02-15",585,1310161
"QC","2023-02-16",554,1310715
"QC","2023-02-17",482,1311197
"QC","2023-02-18",416,1311613
"QC","2023-02-19",397,1312010
"QC","2023-02-20",363,1312373
"QC","2023-02-21",614,1312987
"QC","2023-02-22",574,1313561
"QC","2023-02-23",486,1314047
"QC","2023-02-24",486,1314533
"QC","2023-02-25",457,1314990
"QC","2023-02-26",328,1315318
"QC","2023-02-27",369,1315687
"QC","2023-02-28",518,1316205
"QC","2023-03-01",620,1316825
"QC","2023-03-02",547,1317372
"QC","2023-03-03",455,1317827
"QC","2023-03-04",428,1318255
"QC","2023-03-05",294,1318549
"QC","2023-03-06",328,1318877
"QC","2023-03-07",545,1319422
"QC","2023-03-08",518,1319940
"QC","2023-03-09",451,1320391
"QC","2023-03-10",425,1320816
"QC","2023-03-11",391,1321207
"QC","2023-03-12",273,1321480
"QC","2023-03-13",284,1321764
"QC","2023-03-14",483,1322247
"QC","2023-03-15",471,1322718
"QC","2023-03-16",425,1323143
"QC","2023-03-17",401,1323544
"QC","2023-03-18",408,1323952
"QC","2023-03-19",285,1324237
"QC","2023-03-20",277,1324514
"QC","2023-03-21",450,1324964
"QC","2023-03-22",437,1325401
"QC","2023-03-23",419,1325820
"QC","2023-03-24",364,1326184
"QC","2023-03-25",352,1326536
"QC","2023-03-26",286,1326822
"QC","2023-03-27",248,1327070
"QC","2023-03-28",437,1327507
"QC","2023-03-29",412,1327919
"QC","2023-03-30",441,1328360
"QC","2023-03-31",368,1328728
"QC","2023-04-01",340,1329068
"QC","2023-04-02",280,1329348
"QC","2023-04-03",276,1329624
"QC","2023-04-04",425,1330049
"QC","2023-04-05",442,1330491
"QC","2023-04-06",386,1330877
"QC","2023-04-07",408,1331285
"QC","2023-04-08",335,1331620
"QC","2023-04-09",256,1331876
"QC","2023-04-10",248,1332124
"QC","2023-04-11",343,1332467
"QC","2023-04-12",474,1332941
"QC","2023-04-13",505,1333446
"QC","2023-04-14",474,1333920
"QC","2023-04-15",412,1334332
"QC","2023-04-16",234,1334566
"QC","2023-04-17",294,1334860
"QC","2023-04-18",454,1335314
"QC","2023-04-19",428,1335742
"QC","2023-04-20",357,1336099
"QC","2023-04-21",321,1336420
"QC","2023-04-22",348,1336768
"QC","2023-04-23",272,1337040
"QC","2023-04-24",224,1337264
"QC","2023-04-25",449,1337713
"QC","2023-04-26",354,1338067
"QC","2023-04-27",329,1338396
"QC","2023-04-28",310,1338706
"QC","2023-04-29",274,1338980
"QC","2023-04-30",233,1339213
"QC","2023-05-01",206,1339419
"QC","2023-05-02",410,1339829
"QC","2023-05-03",356,1340185
"QC","2023-05-04",283,1340468
"QC","2023-05-05",248,1340716
"QC","2023-05-06",238,1340954
"QC","2023-05-07",208,1341162
"QC","2023-05-08",166,1341328
"QC","2023-05-09",298,1341626
"QC","2023-05-10",240,1341866
"QC","2023-05-11",247,1342113
"QC","2023-05-12",264,1342377
"QC","2023-05-13",238,1342615
"QC","2023-05-14",158,1342773
"QC","2023-05-15",173,1342946
"QC","2023-05-16",283,1343229
"QC","2023-05-17",268,1343497
"QC","2023-05-18",248,1343745
"QC","2023-05-19",197,1343942
"QC","2023-05-20",237,1344179
"QC","2023-05-21",155,1344334
"QC","2023-05-22",144,1344478
"QC","2023-05-23",175,1344653
"QC","2023-05-24",279,1344932
"QC","2023-05-25",243,1345175
"QC","2023-05-26",215,1345390
"QC","2023-05-27",185,1345575
"QC","2023-05-28",138,1345713
"QC","2023-05-29",141,1345854
"QC","2023-05-30",237,1346091
"QC","2023-05-31",240,1346331
"QC","2023-06-01",209,1346540
"QC","2023-06-02",194,1346734
"QC","2023-06-03",199,1346933
"QC","2023-06-04",133,1347066
"QC","2023-06-05",111,1347177
"QC","2023-06-06",174,1347351
"QC","2023-06-07",182,1347533
"QC","2023-06-08",157,1347690
"QC","2023-06-09",145,1347835
"QC","2023-06-10",146,1347981
"QC","2023-06-11",113,1348094
"QC","2023-06-12",98,1348192
"QC","2023-06-13",167,1348359
"QC","2023-06-14",120,1348479
"QC","2023-06-15",126,1348605
"QC","2023-06-16",130,1348735
"QC","2023-06-17",88,1348823
"QC","2023-06-18",83,1348906
"QC","2023-06-19",66,1348972
"QC","2023-06-20",109,1349081
"QC","2023-06-21",108,1349189
"QC","2023-06-22",124,1349313
"QC","2023-06-23",97,1349410
"QC","2023-06-24",79,1349489
"QC","2023-06-25",66,1349555
"QC","2023-06-26",74,1349629
"QC","2023-06-27",128,1349757
"QC","2023-06-28",113,1349870
"QC","2023-06-29",101,1349971
"QC","2023-06-30",84,1350055
"QC","2023-07-01",85,1350140
"QC","2023-07-02",76,1350216
"QC","2023-07-03",72,1350288
"QC","2023-07-04",112,1350400
"QC","2023-07-05",102,1350502
"QC","2023-07-06",107,1350609
"QC","2023-07-07",91,1350700
"QC","2023-07-08",86,1350786
"QC","2023-07-09",71,1350857
"QC","2023-07-10",61,1350918
"QC","2023-07-11",97,1351015
"QC","2023-07-12",105,1351120
"QC","2023-07-13",102,1351222
"QC","2023-07-14",106,1351328
"QC","2023-07-15",115,1351443
"QC","2023-07-16",58,1351501
"QC","2023-07-17",58,1351559
"QC","2023-07-18",119,1351678
"QC","2023-07-19",98,1351776
"QC","2023-07-20",94,1351870
"QC","2023-07-21",97,1351967
"QC","2023-07-22",115,1352082
"QC","2023-07-23",82,1352164
"QC","2023-07-24",53,1352217
"QC","2023-07-25",106,1352323
"QC","2023-07-26",126,1352449
"QC","2023-07-27",135,1352584
"QC","2023-07-28",118,1352702
"QC","2023-07-29",99,1352801
"QC","2023-07-30",79,1352880
"QC","2023-07-31",88,1352968
"QC","2023-08-01",129,1353097
"QC","2023-08-02",147,1353244
"QC","2023-08-03",142,1353386
"QC","2023-08-04",139,1353525
"QC","2023-08-05",158,1353683
"QC","2023-08-06",134,1353817
"QC","2023-08-07",110,1353927
"QC","2023-08-08",221,1354148
"QC","2023-08-09",217,1354365
"QC","2023-08-10",231,1354596
"QC","2023-08-11",194,1354790
"QC","2023-08-12",209,1354999
"QC","2023-08-13",179,1355178
"QC","2023-08-14",155,1355333
"QC","2023-08-15",270,1355603
"QC","2023-08-16",246,1355849
"QC","2023-08-17",273,1356122
"QC","2023-08-18",286,1356408
"QC","2023-08-19",254,1356662
"QC","2023-08-20",185,1356847
"QC","2023-08-21",183,1357030
"QC","2023-08-22",313,1357343
"QC","2023-08-23",320,1357663
"QC","2023-08-24",290,1357953
"QC","2023-08-25",322,1358275
"QC","2023-08-26",295,1358570
"QC","2023-08-27",232,1358802
"QC","2023-08-28",239,1359041
"QC","2023-08-29",383,1359424
"QC","2023-08-30",430,1359854
"QC","2023-08-31",343,1360197
"QC","2023-09-01",387,1360584
"QC","2023-09-02",377,1360961
"QC","2023-09-03",280,1361241
"QC","2023-09-04",300,1361541
"QC","2023-09-05",326,1361867
"QC","2023-09-06",515,1362382
"QC","2023-09-07",517,1362899
"QC","2023-09-08",461,1363360
"QC","2023-09-09",413,1363773
"QC","2023-09-10",346,1364119
"QC","2023-09-11",350,1364469
"QC","2023-09-12",557,1365026
"QC","2023-09-13",539,1365565
"QC","2023-09-14",576,1366141
"QC","2023-09-15",510,1366651
"QC","2023-09-16",473,1367124
"QC","2023-09-17",376,1367500
"QC","2023-09-18",379,1367879
"QC","2023-09-19",739,1368618
"QC","2023-09-20",745,1369363
"QC","2023-09-21",633,1369996
"QC","2023-09-22",667,1370663
"QC","2023-09-23",649,1371312
"QC","2023-09-24",456,1371768
"QC","2023-09-25",467,1372235
"QC","2023-09-26",864,1373099
"QC","2023-09-27",835,1373934
"QC","2023-09-28",755,1374689
"QC","2023-09-29",728,1375417
"QC","2023-09-30",752,1376169
"QC","2023-10-01",523,1376692
"QC","2023-10-02",588,1377280
"QC","2023-10-03",1069,1378349
"QC","2023-10-04",907,1379256
"QC","2023-10-05",823,1380079
"QC","2023-10-06",743,1380822
"QC","2023-10-07",630,1381452
"QC","2023-10-08",439,1381891
"QC","2023-10-09",403,1382294
"QC","2023-10-10",470,1382764
"QC","2023-10-11",707,1383471
"QC","2023-10-12",624,1384095
"QC","2023-10-13",510,1384605
"QC","2023-10-14",467,1385072
"QC","2023-10-15",339,1385411
"QC","2023-10-16",371,1385782
"QC","2023-10-17",591,1386373
"QC","2023-10-18",565,1386938
"QC","2023-10-19",578,1387516
"QC","2023-10-20",554,1388070
"QC","2023-10-21",565,1388635
"QC","2023-10-22",329,1388964
"QC","2023-10-23",390,1389354
"QC","2023-10-24",592,1389946
"QC","2023-10-25",550,1390496
"QC","2023-10-26",523,1391019
"QC","2023-10-27",545,1391564
"QC","2023-10-28",511,1392075
"QC","2023-10-29",357,1392432
"QC","2023-10-30",338,1392770
"QC","2023-10-31",578,1393348
"QC","2023-11-01",518,1393866
"QC","2023-11-02",554,1394420
"QC","2023-11-03",505,1394925
"QC","2023-11-04",487,1395412
"QC","2023-11-05",364,1395776
"QC","2023-11-06",422,1396198
"QC","2023-11-07",528,1396726
"QC","2023-11-08",692,1397418
"QC","2023-11-09",539,1397957
"QC","2023-11-10",509,1398466
"QC","2023-11-11",548,1399014
"QC","2023-11-12",400,1399414
"QC","2023-11-13",436,1399850
"QC","2023-11-14",687,1400537
"QC","2023-11-15",675,1401212
"QC","2023-11-16",693,1401905
"QC","2023-11-17",659,1402564
"QC","2023-11-18",574,1403138
"QC","2023-11-19",441,1403579
"QC","2023-11-20",473,1404052
"QC","2023-11-21",758,1404810
"QC","2023-11-22",673,1405483
"QC","2023-11-23",738,1406221
"QC","2023-11-24",633,1406854
"QC","2023-11-25",671,1407525
"QC","2023-11-26",524,1408049
"QC","2023-11-27",517,1408566
"QC","2023-11-28",851,1409417
"QC","2023-11-29",789,1410206
"QC","2023-11-30",938,1411144
"QC","2023-12-01",707,1411851
"QC","2023-12-02",751,1412602
"QC","2023-12-03",521,1413123
"QC","2023-12-04",590,1413713
"QC","2023-12-05",899,1414612
"QC","2023-12-06",976,1415588
"QC","2023-12-07",910,1416498
"QC","2023-12-08",843,1417341
"QC","2023-12-09",709,1418050
"QC","2023-12-10",494,1418544
"QC","2023-12-11",573,1419117
"QC","2023-12-12",828,1419945
"QC","2023-12-13",1197,1421142
"QC","2023-12-14",997,1422139
"QC","2023-12-15",1021,1423160
"QC","2023-12-16",952,1424112
"QC","2023-12-17",694,1424806
"QC","2023-12-18",646,1425452
"QC","2023-12-19",1033,1426485
"QC","2023-12-20",1069,1427554
"QC","2023-12-21",915,1428469
"QC","2023-12-22",884,1429353
"QC","2023-12-23",676,1430029
"QC","2023-12-24",538,1430567
"QC","2023-12-25",468,1431035
"QC","2023-12-26",399,1431434
"QC","2023-12-27",616,1432050
"QC","2023-12-28",977,1433027
"QC","2023-12-29",972,1433999
"QC","2023-12-30",802,1434801
"QC","2023-12-31",626,1435427
"SK","2020-03-11",1,1
"SK","2020-03-12",2,3
"SK","2020-03-13",0,3
"SK","2020-03-14",3,6
"SK","2020-03-15",2,8
"SK","2020-03-16",1,9
"SK","2020-03-17",10,19
"SK","2020-03-18",1,20
"SK","2020-03-19",7,27
"SK","2020-03-20",17,44
"SK","2020-03-21",8,52
"SK","2020-03-22",13,65
"SK","2020-03-23",6,71
"SK","2020-03-24",14,85
"SK","2020-03-25",8,93
"SK","2020-03-26",9,102
"SK","2020-03-27",30,132
"SK","2020-03-28",21,153
"SK","2020-03-29",20,173
"SK","2020-03-30",8,181
"SK","2020-03-31",9,190
"SK","2020-04-01",13,203
"SK","2020-04-02",11,214
"SK","2020-04-03",11,225
"SK","2020-04-04",16,241
"SK","2020-04-05",4,245
"SK","2020-04-06",7,252
"SK","2020-04-07",11,263
"SK","2020-04-08",7,270
"SK","2020-04-09",6,276
"SK","2020-04-10",5,281
"SK","2020-04-11",7,288
"SK","2020-04-12",4,292
"SK","2020-04-13",1,293
"SK","2020-04-14",3,296
"SK","2020-04-15",1,297
"SK","2020-04-16",1,298
"SK","2020-04-17",4,302
"SK","2020-04-18",4,306
"SK","2020-04-19",2,308
"SK","2020-04-20",4,312
"SK","2020-04-21",6,318
"SK","2020-04-22",4,322
"SK","2020-04-23",10,332
"SK","2020-04-24",7,339
"SK","2020-04-25",6,345
"SK","2020-04-26",12,357
"SK","2020-04-27",1,358
"SK","2020-04-28",17,375
"SK","2020-04-29",6,381
"SK","2020-04-30",25,406
"SK","2020-05-01",6,412
"SK","2020-05-02",12,424
"SK","2020-05-03",34,458
"SK","2020-05-04",22,480
"SK","2020-05-05",27,507
"SK","2020-05-06",15,522
"SK","2020-05-07",13,535
"SK","2020-05-08",7,542
"SK","2020-05-09",11,553
"SK","2020-05-10",4,557
"SK","2020-05-11",5,562
"SK","2020-05-12",4,566
"SK","2020-05-13",5,571
"SK","2020-05-14",8,579
"SK","2020-05-15",1,580
"SK","2020-05-16",1,581
"SK","2020-05-17",3,584
"SK","2020-05-18",4,588
"SK","2020-05-19",21,609
"SK","2020-05-20",3,612
"SK","2020-05-21",5,617
"SK","2020-05-22",2,619
"SK","2020-05-23",2,621
"SK","2020-05-24",2,623
"SK","2020-05-25",0,623
"SK","2020-05-26",2,625
"SK","2020-05-27",3,628
"SK","2020-05-28",2,630
"SK","2020-05-29",4,634
"SK","2020-05-30",0,634
"SK","2020-05-31",1,635
"SK","2020-06-01",0,635
"SK","2020-06-02",1,636
"SK","2020-06-03",1,637
"SK","2020-06-04",1,638
"SK","2020-06-05",1,639
"SK","2020-06-06",3,642
"SK","2020-06-07",2,644
"SK","2020-06-08",1,645
"SK","2020-06-09",2,647
"SK","2020-06-10",2,649
"SK","2020-06-11",3,652
"SK","2020-06-12",1,653
"SK","2020-06-13",3,656
"SK","2020-06-14",11,667
"SK","2020-06-15",0,667
"SK","2020-06-16",10,677
"SK","2020-06-17",14,691
"SK","2020-06-18",8,699
"SK","2020-06-19",26,725
"SK","2020-06-20",7,732
"SK","2020-06-21",0,732
"SK","2020-06-22",11,743
"SK","2020-06-23",3,746
"SK","2020-06-24",13,759
"SK","2020-06-25",8,767
"SK","2020-06-26",1,768
"SK","2020-06-27",1,769
"SK","2020-06-28",3,772
"SK","2020-06-29",5,777
"SK","2020-06-30",8,785
"SK","2020-07-01",2,787
"SK","2020-07-02",1,788
"SK","2020-07-03",2,790
"SK","2020-07-04",3,793
"SK","2020-07-05",3,796
"SK","2020-07-06",1,797
"SK","2020-07-07",1,798
"SK","2020-07-08",4,802
"SK","2020-07-09",3,805
"SK","2020-07-10",8,813
"SK","2020-07-11",11,824
"SK","2020-07-12",32,856
"SK","2020-07-13",4,860
"SK","2020-07-14",6,866
"SK","2020-07-15",44,910
"SK","2020-07-16",11,921
"SK","2020-07-17",6,927
"SK","2020-07-18",9,936
"SK","2020-07-19",15,951
"SK","2020-07-20",8,959
"SK","2020-07-21",66,1025
"SK","2020-07-22",36,1061
"SK","2020-07-23",37,1098
"SK","2020-07-24",47,1145
"SK","2020-07-25",28,1173
"SK","2020-07-26",22,1195
"SK","2020-07-27",10,1205
"SK","2020-07-28",71,1276
"SK","2020-07-29",25,1301
"SK","2020-07-30",11,1312
"SK","2020-07-31",17,1329
"SK","2020-08-01",10,1339
"SK","2020-08-02",12,1351
"SK","2020-08-03",9,1360
"SK","2020-08-04",8,1368
"SK","2020-08-05",8,1376
"SK","2020-08-06",11,1387
"SK","2020-08-07",22,1409
"SK","2020-08-08",24,1433
"SK","2020-08-09",12,1445
"SK","2020-08-10",5,1450
"SK","2020-08-11",29,1479
"SK","2020-08-12",5,1484
"SK","2020-08-13",27,1511
"SK","2020-08-14",30,1541
"SK","2020-08-15",25,1566
"SK","2020-08-16",14,1580
"SK","2020-08-17",1,1581
"SK","2020-08-18",1,1582
"SK","2020-08-19",4,1586
"SK","2020-08-20",4,1590
"SK","2020-08-21",5,1595
"SK","2020-08-22",2,1597
"SK","2020-08-23",3,1600
"SK","2020-08-24",2,1602
"SK","2020-08-25",-1,1601
"SK","2020-08-26",3,1604
"SK","2020-08-27",5,1609
"SK","2020-08-28",2,1611
"SK","2020-08-29",4,1615
"SK","2020-08-30",0,1615
"SK","2020-08-31",4,1619
"SK","2020-09-01",3,1622
"SK","2020-09-02",2,1624
"SK","2020-09-03",10,1634
"SK","2020-09-04",4,1638
"SK","2020-09-05",5,1643
"SK","2020-09-06",8,1651
"SK","2020-09-07",11,1662
"SK","2020-09-08",7,1669
"SK","2020-09-09",1,1670
"SK","2020-09-10",6,1676
"SK","2020-09-11",12,1688
"SK","2020-09-12",21,1709
"SK","2020-09-13",17,1726
"SK","2020-09-14",5,1731
"SK","2020-09-15",10,1741
"SK","2020-09-16",10,1751
"SK","2020-09-17",6,1757
"SK","2020-09-18",19,1776
"SK","2020-09-19",11,1787
"SK","2020-09-20",20,1807
"SK","2020-09-21",7,1814
"SK","2020-09-22",10,1824
"SK","2020-09-23",6,1830
"SK","2020-09-24",5,1835
"SK","2020-09-25",11,1846
"SK","2020-09-26",17,1863
"SK","2020-09-27",15,1878
"SK","2020-09-28",14,1892
"SK","2020-09-29",7,1899
"SK","2020-09-30",14,1913
"SK","2020-10-01",14,1927
"SK","2020-10-02",13,1940
"SK","2020-10-03",14,1954
"SK","2020-10-04",5,1959
"SK","2020-10-05",9,1968
"SK","2020-10-06",16,1984
"SK","2020-10-07",10,1994
"SK","2020-10-08",18,2012
"SK","2020-10-09",22,2034
"SK","2020-10-10",34,2068
"SK","2020-10-11",24,2092
"SK","2020-10-12",48,2140
"SK","2020-10-13",34,2174
"SK","2020-10-14",25,2199
"SK","2020-10-15",33,2232
"SK","2020-10-16",38,2270
"SK","2020-10-17",36,2306
"SK","2020-10-18",24,2330
"SK","2020-10-19",66,2396
"SK","2020-10-20",43,2439
"SK","2020-10-21",57,2496
"SK","2020-10-22",62,2558
"SK","2020-10-23",33,2591
"SK","2020-10-24",78,2669
"SK","2020-10-25",60,2729
"SK","2020-10-26",54,2783
"SK","2020-10-27",58,2841
"SK","2020-10-28",67,2908
"SK","2020-10-29",82,2990
"SK","2020-10-30",76,3066
"SK","2020-10-31",78,3144
"SK","2020-11-01",74,3218
"SK","2020-11-02",74,3292
"SK","2020-11-03",81,3373
"SK","2020-11-04",35,3408
"SK","2020-11-05",128,3536
"SK","2020-11-06",87,3623
"SK","2020-11-07",115,3738
"SK","2020-11-08",159,3897
"SK","2020-11-09",190,4087
"SK","2020-11-10",127,4214
"SK","2020-11-11",112,4326
"SK","2020-11-12",111,4437
"SK","2020-11-13",76,4513
"SK","2020-11-14",307,4820
"SK","2020-11-15",181,5001
"SK","2020-11-16",181,5182
"SK","2020-11-17",240,5422
"SK","2020-11-18",131,5553
"SK","2020-11-19",98,5651
"SK","2020-11-20",153,5804
"SK","2020-11-21",433,6237
"SK","2020-11-22",236,6473
"SK","2020-11-23",235,6708
"SK","2020-11-24",175,6883
"SK","2020-11-25",164,7047
"SK","2020-11-26",315,7362
"SK","2020-11-27",329,7691
"SK","2020-11-28",197,7888
"SK","2020-11-29",351,8239
"SK","2020-11-30",325,8564
"SK","2020-12-01",181,8745
"SK","2020-12-02",237,8982
"SK","2020-12-03",262,9244
"SK","2020-12-04",283,9527
"SK","2020-12-05",203,9730
"SK","2020-12-06",409,10139
"SK","2020-12-07",273,10412
"SK","2020-12-08",185,10597
"SK","2020-12-09",302,10899
"SK","2020-12-10",324,11223
"SK","2020-12-11",252,11475
"SK","2020-12-12",274,11749
"SK","2020-12-13",222,11971
"SK","2020-12-14",267,12238
"SK","2020-12-15",194,12432
"SK","2020-12-16",162,12594
"SK","2020-12-17",238,12832
"SK","2020-12-18",245,13077
"SK","2020-12-19",252,13329
"SK","2020-12-20",226,13555
"SK","2020-12-21",206,13761
"SK","2020-12-22",181,13942
"SK","2020-12-23",159,14101
"SK","2020-12-24",154,14255
"SK","2020-12-25",0,14255
"SK","2020-12-26",0,14255
"SK","2020-12-27",559,14814
"SK","2020-12-28",0,14814
"SK","2020-12-29",208,15022
"SK","2020-12-30",138,15160
"SK","2020-12-31",190,15350
"SK","2021-01-01",0,15350
"SK","2021-01-02",495,15845
"SK","2021-01-03",238,16083
"SK","2021-01-04",284,16367
"SK","2021-01-05",153,16520
"SK","2021-01-06",284,16804
"SK","2021-01-07",334,17138
"SK","2021-01-08",336,17474
"SK","2021-01-09",329,17803
"SK","2021-01-10",0,17803
"SK","2021-01-11",719,18522
"SK","2021-01-12",248,18770
"SK","2021-01-13",247,19017
"SK","2021-01-14",312,19329
"SK","2021-01-15",386,19715
"SK","2021-01-16",270,19985
"SK","2021-01-17",287,20272
"SK","2021-01-18",290,20562
"SK","2021-01-19",309,20871
"SK","2021-01-20",241,21112
"SK","2021-01-21",226,21338
"SK","2021-01-22",305,21643
"SK","2021-01-23",274,21917
"SK","2021-01-24",260,22177
"SK","2021-01-25",239,22416
"SK","2021-01-26",230,22646
"SK","2021-01-27",148,22794
"SK","2021-01-28",244,23038
"SK","2021-01-29",328,23366
"SK","2021-01-30",260,23626
"SK","2021-01-31",238,23864
"SK","2021-02-01",147,24011
"SK","2021-02-02",225,24236
"SK","2021-02-03",194,24430
"SK","2021-02-04",250,24680
"SK","2021-02-05",266,24946
"SK","2021-02-06",263,25209
"SK","2021-02-07",194,25403
"SK","2021-02-08",171,25574
"SK","2021-02-09",80,25654
"SK","2021-02-10",189,25843
"SK","2021-02-11",114,25957
"SK","2021-02-12",188,26145
"SK","2021-02-13",244,26389
"SK","2021-02-14",161,26550
"SK","2021-02-15",143,26693
"SK","2021-02-16",136,26829
"SK","2021-02-17",124,26953
"SK","2021-02-18",146,27099
"SK","2021-02-19",146,27245
"SK","2021-02-20",193,27438
"SK","2021-02-21",182,27620
"SK","2021-02-22",177,27797
"SK","2021-02-23",126,27923
"SK","2021-02-24",57,27980
"SK","2021-02-25",211,28191
"SK","2021-02-26",153,28344
"SK","2021-02-27",162,28506
"SK","2021-02-28",141,28647
"SK","2021-03-01",154,28801
"SK","2021-03-02",137,28938
"SK","2021-03-03",121,29059
"SK","2021-03-04",161,29220
"SK","2021-03-05",212,29432
"SK","2021-03-06",161,29593
"SK","2021-03-07",116,29709
"SK","2021-03-08",98,29807
"SK","2021-03-09",111,29918
"SK","2021-03-10",111,30029
"SK","2021-03-11",164,30193
"SK","2021-03-12",176,30369
"SK","2021-03-13",153,30522
"SK","2021-03-14",98,30620
"SK","2021-03-15",107,30727
"SK","2021-03-16",156,30883
"SK","2021-03-17",87,30970
"SK","2021-03-18",115,31085
"SK","2021-03-19",174,31259
"SK","2021-03-20",200,31459
"SK","2021-03-21",178,31637
"SK","2021-03-22",205,31842
"SK","2021-03-23",149,31991
"SK","2021-03-24",190,32181
"SK","2021-03-25",165,32346
"SK","2021-03-26",213,32559
"SK","2021-03-27",224,32783
"SK","2021-03-28",248,33031
"SK","2021-03-29",203,33234
"SK","2021-03-30",165,33399
"SK","2021-03-31",191,33590
"SK","2021-04-01",199,33789
"SK","2021-04-02",254,34043
"SK","2021-04-03",281,34324
"SK","2021-04-04",220,34544
"SK","2021-04-05",217,34761
"SK","2021-04-06",220,34981
"SK","2021-04-07",190,35171
"SK","2021-04-08",205,35376
"SK","2021-04-09",372,35748
"SK","2021-04-10",235,35983
"SK","2021-04-11",322,36305
"SK","2021-04-12",299,36604
"SK","2021-04-13",288,36892
"SK","2021-04-14",193,37085
"SK","2021-04-15",299,37384
"SK","2021-04-16",231,37615
"SK","2021-04-17",258,37873
"SK","2021-04-18",287,38160
"SK","2021-04-19",241,38401
"SK","2021-04-20",250,38651
"SK","2021-04-21",232,38883
"SK","2021-04-22",254,39137
"SK","2021-04-23",255,39392
"SK","2021-04-24",291,39683
"SK","2021-04-25",249,39932
"SK","2021-04-26",245,40177
"SK","2021-04-27",224,40401
"SK","2021-04-28",213,40614
"SK","2021-04-29",210,40824
"SK","2021-04-30",274,41098
"SK","2021-05-01",262,41360
"SK","2021-05-02",239,41599
"SK","2021-05-03",207,41806
"SK","2021-05-04",200,42006
"SK","2021-05-05",197,42203
"SK","2021-05-06",173,42376
"SK","2021-05-07",319,42695
"SK","2021-05-08",269,42964
"SK","2021-05-09",177,43141
"SK","2021-05-10",147,43288
"SK","2021-05-11",193,43481
"SK","2021-05-12",192,43673
"SK","2021-05-13",0,43673
"SK","2021-05-14",486,44159
"SK","2021-05-15",205,44364
"SK","2021-05-16",167,44531
"SK","2021-05-17",178,44709
"SK","2021-05-18",132,44841
"SK","2021-05-19",141,44982
"SK","2021-05-20",146,45128
"SK","2021-05-21",182,45310
"SK","2021-05-22",180,45490
"SK","2021-05-23",115,45605
"SK","2021-05-24",104,45709
"SK","2021-05-25",111,45820
"SK","2021-05-26",181,46001
"SK","2021-05-27",162,46163
"SK","2021-05-28",122,46285
"SK","2021-05-29",179,46464
"SK","2021-05-30",171,46635
"SK","2021-05-31",113,46748
"SK","2021-06-01",86,46834
"SK","2021-06-02",130,46964
"SK","2021-06-03",133,47097
"SK","2021-06-04",89,47186
"SK","2021-06-05",99,47285
"SK","2021-06-06",74,47359
"SK","2021-06-07",68,47427
"SK","2021-06-08",90,47517
"SK","2021-06-09",57,47574
"SK","2021-06-10",94,47668
"SK","2021-06-11",96,47764
"SK","2021-06-12",111,47875
"SK","2021-06-13",66,47941
"SK","2021-06-14",55,47996
"SK","2021-06-15",47,48043
"SK","2021-06-16",82,48125
"SK","2021-06-17",95,48220
"SK","2021-06-18",107,48327
"SK","2021-06-19",54,48381
"SK","2021-06-20",60,48441
"SK","2021-06-21",49,48490
"SK","2021-06-22",15,48505
"SK","2021-06-23",32,48537
"SK","2021-06-24",53,48590
"SK","2021-06-25",56,48646
"SK","2021-06-26",60,48706
"SK","2021-06-27",48,48754
"SK","2021-06-28",17,48771
"SK","2021-06-29",52,48823
"SK","2021-06-30",31,48854
"SK","2021-07-01",7,48861
"SK","2021-07-02",21,48882
"SK","2021-07-03",49,48931
"SK","2021-07-04",27,48958
"SK","2021-07-05",20,48978
"SK","2021-07-06",14,48992
"SK","2021-07-07",47,49039
"SK","2021-07-08",113,49152
"SK","2021-07-09",46,49198
"SK","2021-07-10",42,49240
"SK","2021-07-11",20,49260
"SK","2021-07-12",19,49279
"SK","2021-07-13",25,49304
"SK","2021-07-14",18,49322
"SK","2021-07-15",19,49341
"SK","2021-07-16",21,49362
"SK","2021-07-17",35,49397
"SK","2021-07-18",36,49433
"SK","2021-07-19",17,49450
"SK","2021-07-20",22,49472
"SK","2021-07-21",53,49525
"SK","2021-07-22",31,49556
"SK","2021-07-23",52,49608
"SK","2021-07-24",48,49656
"SK","2021-07-25",27,49683
"SK","2021-07-26",44,49727
"SK","2021-07-27",38,49765
"SK","2021-07-28",65,49830
"SK","2021-07-29",52,49882
"SK","2021-07-30",58,49940
"SK","2021-07-31",84,50024
"SK","2021-08-01",43,50067
"SK","2021-08-02",29,50096
"SK","2021-08-03",24,50120
"SK","2021-08-04",61,50181
"SK","2021-08-05",70,50251
"SK","2021-08-06",87,50338
"SK","2021-08-07",139,50477
"SK","2021-08-08",81,50558
"SK","2021-08-09",56,50614
"SK","2021-08-10",65,50679
"SK","2021-08-11",92,50771
"SK","2021-08-12",141,50912
"SK","2021-08-13",122,51034
"SK","2021-08-14",128,51162
"SK","2021-08-15",143,51305
"SK","2021-08-16",85,51390
"SK","2021-08-17",109,51499
"SK","2021-08-18",131,51630
"SK","2021-08-19",191,51821
"SK","2021-08-20",244,52065
"SK","2021-08-21",187,52252
"SK","2021-08-22",220,52472
"SK","2021-08-23",188,52660
"SK","2021-08-24",140,52800
"SK","2021-08-25",45,52845
"SK","2021-08-26",159,53004
"SK","2021-08-27",258,53262
"SK","2021-08-28",355,53617
"SK","2021-08-29",258,53875
"SK","2021-08-30",201,54076
"SK","2021-08-31",291,54367
"SK","2021-09-01",321,54688
"SK","2021-09-02",265,54953
"SK","2021-09-03",443,55396
"SK","2021-09-04",354,55750
"SK","2021-09-05",389,56139
"SK","2021-09-06",394,56533
"SK","2021-09-07",305,56838
"SK","2021-09-08",405,57243
"SK","2021-09-09",278,57521
"SK","2021-09-10",431,57952
"SK","2021-09-11",341,58293
"SK","2021-09-12",422,58715
"SK","2021-09-13",450,59165
"SK","2021-09-14",508,59673
"SK","2021-09-15",476,60149
"SK","2021-09-16",440,60589
"SK","2021-09-17",476,61065
"SK","2021-09-18",493,61558
"SK","2021-09-19",543,62101
"SK","2021-09-20",519,62620
"SK","2021-09-21",369,62989
"SK","2021-09-22",426,63415
"SK","2021-09-23",460,63875
"SK","2021-09-24",527,64402
"SK","2021-09-25",547,64949
"SK","2021-09-26",552,65501
"SK","2021-09-27",396,65897
"SK","2021-09-28",446,66343
"SK","2021-09-29",394,66737
"SK","2021-09-30",602,67339
"SK","2021-10-01",471,67810
"SK","2021-10-02",480,68290
"SK","2021-10-03",354,68644
"SK","2021-10-04",445,69089
"SK","2021-10-05",242,69331
"SK","2021-10-06",478,69809
"SK","2021-10-07",648,70457
"SK","2021-10-08",577,71034
"SK","2021-10-09",492,71526
"SK","2021-10-10",507,72033
"SK","2021-10-11",425,72458
"SK","2021-10-12",272,72730
"SK","2021-10-13",327,73057
"SK","2021-10-14",293,73350
"SK","2021-10-15",312,73662
"SK","2021-10-16",412,74074
"SK","2021-10-17",320,74394
"SK","2021-10-18",279,74673
"SK","2021-10-19",267,74940
"SK","2021-10-20",245,75185
"SK","2021-10-21",355,75540
"SK","2021-10-22",302,75842
"SK","2021-10-23",232,76074
"SK","2021-10-24",237,76311
"SK","2021-10-25",170,76481
"SK","2021-10-26",126,76607
"SK","2021-10-27",223,76830
"SK","2021-10-28",237,77067
"SK","2021-10-29",238,77305
"SK","2021-10-30",189,77494
"SK","2021-10-31",170,77664
"SK","2021-11-01",129,77793
"SK","2021-11-02",109,77902
"SK","2021-11-03",173,78075
"SK","2021-11-04",187,78262
"SK","2021-11-05",141,78403
"SK","2021-11-06",164,78567
"SK","2021-11-07",157,78724
"SK","2021-11-08",100,78824
"SK","2021-11-09",86,78910
"SK","2021-11-10",120,79030
"SK","2021-11-11",182,79212
"SK","2021-11-12",122,79334
"SK","2021-11-13",53,79387
"SK","2021-11-14",110,79497
"SK","2021-11-15",97,79594
"SK","2021-11-16",16,79610
"SK","2021-11-17",173,79783
"SK","2021-11-18",154,79937
"SK","2021-11-19",88,80025
"SK","2021-11-20",253,80278
"SK","2021-11-21",62,80340
"SK","2021-11-22",73,80413
"SK","2021-11-23",68,80481
"SK","2021-11-24",90,80571
"SK","2021-11-25",96,80667
"SK","2021-11-26",108,80775
"SK","2021-11-27",73,80848
"SK","2021-11-28",53,80901
"SK","2021-11-29",49,80950
"SK","2021-11-30",42,80992
"SK","2021-12-01",82,81074
"SK","2021-12-02",71,81145
"SK","2021-12-03",80,81225
"SK","2021-12-04",68,81293
"SK","2021-12-05",70,81363
"SK","2021-12-06",47,81410
"SK","2021-12-07",52,81462
"SK","2021-12-08",48,81510
"SK","2021-12-09",62,81572
"SK","2021-12-10",74,81646
"SK","2021-12-11",134,81780
"SK","2021-12-12",37,81817
"SK","2021-12-13",35,81852
"SK","2021-12-14",47,81899
"SK","2021-12-15",62,81961
"SK","2021-12-16",54,82015
"SK","2021-12-17",54,82069
"SK","2021-12-18",62,82131
"SK","2021-12-19",77,82208
"SK","2021-12-20",59,82267
"SK","2021-12-21",67,82334
"SK","2021-12-22",108,82442
"SK","2021-12-23",198,82640
"SK","2021-12-24",0,82640
"SK","2021-12-25",0,82640
"SK","2021-12-26",0,82640
"SK","2021-12-27",0,82640
"SK","2021-12-28",918,83558
"SK","2021-12-29",297,83855
"SK","2021-12-30",591,84446
"SK","2021-12-31",742,85188
"SK","2022-01-01",0,85188
"SK","2022-01-02",0,85188
"SK","2022-01-03",0,85188
"SK","2022-01-04",1979,87167
"SK","2022-01-05",541,87708
"SK","2022-01-06",930,88638
"SK","2022-01-07",1183,89821
"SK","2022-01-08",944,90765
"SK","2022-01-09",1095,91860
"SK","2022-01-10",1080,92940
"SK","2022-01-11",1140,94080
"SK","2022-01-12",1094,95174
"SK","2022-01-13",951,96125
"SK","2022-01-14",1420,97545
"SK","2022-01-15",1154,98699
"SK","2022-01-16",1474,100173
"SK","2022-01-17",1364,101537
"SK","2022-01-18",1104,102641
"SK","2022-01-19",1260,103901
"SK","2022-01-20",1171,105072
"SK","2022-01-21",1256,106328
"SK","2022-01-22",1514,107842
"SK","2022-01-23",1642,109484
"SK","2022-01-24",915,110399
"SK","2022-01-25",1048,111447
"SK","2022-01-26",1246,112693
"SK","2022-01-27",1300,113993
"SK","2022-01-28",1412,115405
"SK","2022-01-29",1106,116511
"SK","2022-01-30",1347,117858
"SK","2022-01-31",748,118606
"SK","2022-02-01",666,119272
"SK","2022-02-02",622,119894
"SK","2022-02-03",851,120745
"SK","2022-02-04",771,121516
"SK","2022-02-05",1009,122525
"SK","2022-02-06",733,123258
"SK","2022-02-07",0,123258
"SK","2022-02-08",0,123258
"SK","2022-02-09",0,123258
"SK","2022-02-10",0,123258
"SK","2022-02-11",0,123258
"SK","2022-02-12",2522,125780
"SK","2022-02-13",0,125780
"SK","2022-02-14",0,125780
"SK","2022-02-15",0,125780
"SK","2022-02-16",0,125780
"SK","2022-02-17",0,125780
"SK","2022-02-18",0,125780
"SK","2022-02-19",1407,127187
"SK","2022-02-20",0,127187
"SK","2022-02-21",0,127187
"SK","2022-02-22",0,127187
"SK","2022-02-23",0,127187
"SK","2022-02-24",0,127187
"SK","2022-02-25",0,127187
"SK","2022-02-26",1101,128288
"SK","2022-02-27",0,128288
"SK","2022-02-28",0,128288
"SK","2022-03-01",0,128288
"SK","2022-03-02",0,128288
"SK","2022-03-03",0,128288
"SK","2022-03-04",0,128288
"SK","2022-03-05",1013,129301
"SK","2022-03-06",0,129301
"SK","2022-03-07",0,129301
"SK","2022-03-08",0,129301
"SK","2022-03-09",0,129301
"SK","2022-03-10",0,129301
"SK","2022-03-11",0,129301
"SK","2022-03-12",832,130133
"SK","2022-03-13",0,130133
"SK","2022-03-14",0,130133
"SK","2022-03-15",0,130133
"SK","2022-03-16",0,130133
"SK","2022-03-17",0,130133
"SK","2022-03-18",0,130133
"SK","2022-03-19",895,131028
"SK","2022-03-20",0,131028
"SK","2022-03-21",0,131028
"SK","2022-03-22",0,131028
"SK","2022-03-23",0,131028
"SK","2022-03-24",0,131028
"SK","2022-03-25",0,131028
"SK","2022-03-26",1196,132224
"SK","2022-03-27",0,132224
"SK","2022-03-28",0,132224
"SK","2022-03-29",0,132224
"SK","2022-03-30",0,132224
"SK","2022-03-31",0,132224
"SK","2022-04-01",0,132224
"SK","2022-04-02",1032,133256
"SK","2022-04-03",0,133256
"SK","2022-04-04",0,133256
"SK","2022-04-05",0,133256
"SK","2022-04-06",0,133256
"SK","2022-04-07",0,133256
"SK","2022-04-08",0,133256
"SK","2022-04-09",1051,134307
"SK","2022-04-10",0,134307
"SK","2022-04-11",0,134307
"SK","2022-04-12",0,134307
"SK","2022-04-13",0,134307
"SK","2022-04-14",0,134307
"SK","2022-04-15",0,134307
"SK","2022-04-16",890,135197
"SK","2022-04-17",0,135197
"SK","2022-04-18",0,135197
"SK","2022-04-19",0,135197
"SK","2022-04-20",0,135197
"SK","2022-04-21",0,135197
"SK","2022-04-22",0,135197
"SK","2022-04-23",829,136026
"SK","2022-04-24",0,136026
"SK","2022-04-25",0,136026
"SK","2022-04-26",0,136026
"SK","2022-04-27",0,136026
"SK","2022-04-28",0,136026
"SK","2022-04-29",0,136026
"SK","2022-04-30",766,136792
"SK","2022-05-01",0,136792
"SK","2022-05-02",0,136792
"SK","2022-05-03",0,136792
"SK","2022-05-04",0,136792
"SK","2022-05-05",0,136792
"SK","2022-05-06",0,136792
"SK","2022-05-07",710,137502
"SK","2022-05-08",0,137502
"SK","2022-05-09",0,137502
"SK","2022-05-10",0,137502
"SK","2022-05-11",0,137502
"SK","2022-05-12",0,137502
"SK","2022-05-13",0,137502
"SK","2022-05-14",465,137967
"SK","2022-05-15",0,137967
"SK","2022-05-16",0,137967
"SK","2022-05-17",0,137967
"SK","2022-05-18",0,137967
"SK","2022-05-19",0,137967
"SK","2022-05-20",0,137967
"SK","2022-05-21",376,138343
"SK","2022-05-22",0,138343
"SK","2022-05-23",0,138343
"SK","2022-05-24",0,138343
"SK","2022-05-25",0,138343
"SK","2022-05-26",0,138343
"SK","2022-05-27",0,138343
"SK","2022-05-28",364,138707
"SK","2022-05-29",0,138707
"SK","2022-05-30",0,138707
"SK","2022-05-31",0,138707
"SK","2022-06-01",0,138707
"SK","2022-06-02",0,138707
"SK","2022-06-03",0,138707
"SK","2022-06-04",285,138992
"SK","2022-06-05",0,138992
"SK","2022-06-06",0,138992
"SK","2022-06-07",0,138992
"SK","2022-06-08",0,138992
"SK","2022-06-09",0,138992
"SK","2022-06-10",0,138992
"SK","2022-06-11",232,139224
"SK","2022-06-12",0,139224
"SK","2022-06-13",0,139224
"SK","2022-06-14",0,139224
"SK","2022-06-15",0,139224
"SK","2022-06-16",0,139224
"SK","2022-06-17",0,139224
"SK","2022-06-18",229,139453
"SK","2022-06-19",0,139453
"SK","2022-06-20",0,139453
"SK","2022-06-21",0,139453
"SK","2022-06-22",0,139453
"SK","2022-06-23",0,139453
"SK","2022-06-24",0,139453
"SK","2022-06-25",208,139661
"SK","2022-06-26",0,139661
"SK","2022-06-27",0,139661
"SK","2022-06-28",0,139661
"SK","2022-06-29",0,139661
"SK","2022-06-30",0,139661
"SK","2022-07-01",0,139661
"SK","2022-07-02",210,139871
"SK","2022-07-03",0,139871
"SK","2022-07-04",0,139871
"SK","2022-07-05",0,139871
"SK","2022-07-06",0,139871
"SK","2022-07-07",0,139871
"SK","2022-07-08",0,139871
"SK","2022-07-09",209,140080
"SK","2022-07-10",0,140080
"SK","2022-07-11",0,140080
"SK","2022-07-12",0,140080
"SK","2022-07-13",0,140080
"SK","2022-07-14",0,140080
"SK","2022-07-15",0,140080
"SK","2022-07-16",209,140289
"SK","2022-07-17",0,140289
"SK","2022-07-18",0,140289
"SK","2022-07-19",0,140289
"SK","2022-07-20",0,140289
"SK","2022-07-21",0,140289
"SK","2022-07-22",0,140289
"SK","2022-07-23",381,140670
"SK","2022-07-24",0,140670
"SK","2022-07-25",0,140670
"SK","2022-07-26",0,140670
"SK","2022-07-27",0,140670
"SK","2022-07-28",0,140670
"SK","2022-07-29",0,140670
"SK","2022-07-30",381,141051
"SK","2022-07-31",0,141051
"SK","2022-08-01",0,141051
"SK","2022-08-02",0,141051
"SK","2022-08-03",0,141051
"SK","2022-08-04",0,141051
"SK","2022-08-05",0,141051
"SK","2022-08-06",381,141432
"SK","2022-08-07",0,141432
"SK","2022-08-08",0,141432
"SK","2022-08-09",0,141432
"SK","2022-08-10",0,141432
"SK","2022-08-11",0,141432
"SK","2022-08-12",0,141432
"SK","2022-08-13",383,141815
"SK","2022-08-14",0,141815
"SK","2022-08-15",0,141815
"SK","2022-08-16",0,141815
"SK","2022-08-17",0,141815
"SK","2022-08-18",0,141815
"SK","2022-08-19",0,141815
"SK","2022-08-20",483,142298
"SK","2022-08-21",0,142298
"SK","2022-08-22",0,142298
"SK","2022-08-23",0,142298
"SK","2022-08-24",0,142298
"SK","2022-08-25",0,142298
"SK","2022-08-26",0,142298
"SK","2022-08-27",483,142781
"SK","2022-08-28",0,142781
"SK","2022-08-29",0,142781
"SK","2022-08-30",0,142781
"SK","2022-08-31",0,142781
"SK","2022-09-01",0,142781
"SK","2022-09-02",0,142781
"SK","2022-09-03",483,143264
"SK","2022-09-04",0,143264
"SK","2022-09-05",0,143264
"SK","2022-09-06",0,143264
"SK","2022-09-07",0,143264
"SK","2022-09-08",0,143264
"SK","2022-09-09",0,143264
"SK","2022-09-10",483,143747
"SK","2022-09-11",0,143747
"SK","2022-09-12",0,143747
"SK","2022-09-13",0,143747
"SK","2022-09-14",0,143747
"SK","2022-09-15",0,143747
"SK","2022-09-16",0,143747
"SK","2022-09-17",488,144235
"SK","2022-09-18",0,144235
"SK","2022-09-19",0,144235
"SK","2022-09-20",0,144235
"SK","2022-09-21",0,144235
"SK","2022-09-22",0,144235
"SK","2022-09-23",0,144235
"SK","2022-09-24",469,144704
"SK","2022-09-25",0,144704
"SK","2022-09-26",0,144704
"SK","2022-09-27",0,144704
"SK","2022-09-28",0,144704
"SK","2022-09-29",0,144704
"SK","2022-09-30",0,144704
"SK","2022-10-01",556,145260
"SK","2022-10-02",0,145260
"SK","2022-10-03",0,145260
"SK","2022-10-04",0,145260
"SK","2022-10-05",0,145260
"SK","2022-10-06",0,145260
"SK","2022-10-07",0,145260
"SK","2022-10-08",474,145734
"SK","2022-10-09",0,145734
"SK","2022-10-10",0,145734
"SK","2022-10-11",0,145734
"SK","2022-10-12",0,145734
"SK","2022-10-13",0,145734
"SK","2022-10-14",0,145734
"SK","2022-10-15",488,146222
"SK","2022-10-16",0,146222
"SK","2022-10-17",0,146222
"SK","2022-10-18",0,146222
"SK","2022-10-19",0,146222
"SK","2022-10-20",0,146222
"SK","2022-10-21",0,146222
"SK","2022-10-22",666,146888
"SK","2022-10-23",0,146888
"SK","2022-10-24",0,146888
"SK","2022-10-25",0,146888
"SK","2022-10-26",0,146888
"SK","2022-10-27",0,146888
"SK","2022-10-28",0,146888
"SK","2022-10-29",800,147688
"SK","2022-10-30",0,147688
"SK","2022-10-31",0,147688
"SK","2022-11-01",0,147688
"SK","2022-11-02",0,147688
"SK","2022-11-03",0,147688
"SK","2022-11-04",0,147688
"SK","2022-11-05",600,148288
"SK","2022-11-06",0,148288
"SK","2022-11-07",0,148288
"SK","2022-11-08",0,148288
"SK","2022-11-09",0,148288
"SK","2022-11-10",0,148288
"SK","2022-11-11",0,148288
"SK","2022-11-12",448,148736
"SK","2022-11-13",0,148736
"SK","2022-11-14",0,148736
"SK","2022-11-15",0,148736
"SK","2022-11-16",0,148736
"SK","2022-11-17",0,148736
"SK","2022-11-18",0,148736
"SK","2022-11-19",453,149189
"SK","2022-11-20",0,149189
"SK","2022-11-21",0,149189
"SK","2022-11-22",0,149189
"SK","2022-11-23",0,149189
"SK","2022-11-24",0,149189
"SK","2022-11-25",0,149189
"SK","2022-11-26",489,149678
"SK","2022-11-27",0,149678
"SK","2022-11-28",0,149678
"SK","2022-11-29",0,149678
"SK","2022-11-30",0,149678
"SK","2022-12-01",0,149678
"SK","2022-12-02",0,149678
"SK","2022-12-03",461,150139
"SK","2022-12-04",0,150139
"SK","2022-12-05",0,150139
"SK","2022-12-06",0,150139
"SK","2022-12-07",0,150139
"SK","2022-12-08",0,150139
"SK","2022-12-09",0,150139
"SK","2022-12-10",427,150566
"SK","2022-12-11",0,150566
"SK","2022-12-12",0,150566
"SK","2022-12-13",0,150566
"SK","2022-12-14",0,150566
"SK","2022-12-15",0,150566
"SK","2022-12-16",0,150566
"SK","2022-12-17",376,150942
"SK","2022-12-18",0,150942
"SK","2022-12-19",0,150942
"SK","2022-12-20",0,150942
"SK","2022-12-21",0,150942
"SK","2022-12-22",0,150942
"SK","2022-12-23",0,150942
"SK","2022-12-24",326,151268
"SK","2022-12-25",0,151268
"SK","2022-12-26",0,151268
"SK","2022-12-27",0,151268
"SK","2022-12-28",0,151268
"SK","2022-12-29",0,151268
"SK","2022-12-30",0,151268
"SK","2022-12-31",302,151570
"SK","2023-01-01",0,151570
"SK","2023-01-02",0,151570
"SK","2023-01-03",0,151570
"SK","2023-01-04",0,151570
"SK","2023-01-05",0,151570
"SK","2023-01-06",0,151570
"SK","2023-01-07",371,151941
"SK","2023-01-08",0,151941
"SK","2023-01-09",0,151941
"SK","2023-01-10",0,151941
"SK","2023-01-11",0,151941
"SK","2023-01-12",0,151941
"SK","2023-01-13",0,151941
"SK","2023-01-14",317,152258
"SK","2023-01-15",0,152258
"SK","2023-01-16",0,152258
"SK","2023-01-17",0,152258
"SK","2023-01-18",0,152258
"SK","2023-01-19",0,152258
"SK","2023-01-20",0,152258
"SK","2023-01-21",273,152531
"SK","2023-01-22",0,152531
"SK","2023-01-23",0,152531
"SK","2023-01-24",0,152531
"SK","2023-01-25",0,152531
"SK","2023-01-26",0,152531
"SK","2023-01-27",0,152531
"SK","2023-01-28",242,152773
"SK","2023-01-29",0,152773
"SK","2023-01-30",0,152773
"SK","2023-01-31",0,152773
"SK","2023-02-01",0,152773
"SK","2023-02-02",0,152773
"SK","2023-02-03",0,152773
"SK","2023-02-04",275,153048
"SK","2023-02-05",0,153048
"SK","2023-02-06",0,153048
"SK","2023-02-07",0,153048
"SK","2023-02-08",0,153048
"SK","2023-02-09",0,153048
"SK","2023-02-10",0,153048
"SK","2023-02-11",207,153255
"SK","2023-02-12",0,153255
"SK","2023-02-13",0,153255
"SK","2023-02-14",0,153255
"SK","2023-02-15",0,153255
"SK","2023-02-16",0,153255
"SK","2023-02-17",0,153255
"SK","2023-02-18",202,153457
"SK","2023-02-19",0,153457
"SK","2023-02-20",0,153457
"SK","2023-02-21",0,153457
"SK","2023-02-22",0,153457
"SK","2023-02-23",0,153457
"SK","2023-02-24",0,153457
"SK","2023-02-25",194,153651
"SK","2023-02-26",0,153651
"SK","2023-02-27",0,153651
"SK","2023-02-28",0,153651
"SK","2023-03-01",0,153651
"SK","2023-03-02",0,153651
"SK","2023-03-03",0,153651
"SK","2023-03-04",217,153868
"SK","2023-03-05",0,153868
"SK","2023-03-06",0,153868
"SK","2023-03-07",0,153868
"SK","2023-03-08",0,153868
"SK","2023-03-09",0,153868
"SK","2023-03-10",0,153868
"SK","2023-03-11",237,154105
"SK","2023-03-12",0,154105
"SK","2023-03-13",0,154105
"SK","2023-03-14",0,154105
"SK","2023-03-15",0,154105
"SK","2023-03-16",0,154105
"SK","2023-03-17",0,154105
"SK","2023-03-18",222,154327
"SK","2023-03-19",0,154327
"SK","2023-03-20",0,154327
"SK","2023-03-21",0,154327
"SK","2023-03-22",0,154327
"SK","2023-03-23",0,154327
"SK","2023-03-24",0,154327
"SK","2023-03-25",242,154569
"SK","2023-03-26",0,154569
"SK","2023-03-27",0,154569
"SK","2023-03-28",0,154569
"SK","2023-03-29",0,154569
"SK","2023-03-30",0,154569
"SK","2023-03-31",0,154569
"SK","2023-04-01",243,154812
"SK","2023-04-02",0,154812
"SK","2023-04-03",0,154812
"SK","2023-04-04",0,154812
"SK","2023-04-05",0,154812
"SK","2023-04-06",0,154812
"SK","2023-04-07",0,154812
"SK","2023-04-08",170,154982
"SK","2023-04-09",0,154982
"SK","2023-04-10",0,154982
"SK","2023-04-11",0,154982
"SK","2023-04-12",0,154982
"SK","2023-04-13",0,154982
"SK","2023-04-14",0,154982
"SK","2023-04-15",208,155190
"SK","2023-04-16",0,155190
"SK","2023-04-17",0,155190
"SK","2023-04-18",0,155190
"SK","2023-04-19",0,155190
"SK","2023-04-20",0,155190
"SK","2023-04-21",0,155190
"SK","2023-04-22",191,155381
"SK","2023-04-23",0,155381
"SK","2023-04-24",0,155381
"SK","2023-04-25",0,155381
"SK","2023-04-26",0,155381
"SK","2023-04-27",0,155381
"SK","2023-04-28",0,155381
"SK","2023-04-29",162,155543
"SK","2023-04-30",0,155543
"SK","2023-05-01",0,155543
"SK","2023-05-02",0,155543
"SK","2023-05-03",0,155543
"SK","2023-05-04",0,155543
"SK","2023-05-05",0,155543
"SK","2023-05-06",142,155685
"SK","2023-05-07",0,155685
"SK","2023-05-08",0,155685
"SK","2023-05-09",0,155685
"SK","2023-05-10",0,155685
"SK","2023-05-11",0,155685
"SK","2023-05-12",0,155685
"SK","2023-05-13",127,155812
"SK","2023-05-14",0,155812
"SK","2023-05-15",0,155812
"SK","2023-05-16",0,155812
"SK","2023-05-17",0,155812
"SK","2023-05-18",0,155812
"SK","2023-05-19",0,155812
"SK","2023-05-20",93,155905
"SK","2023-05-21",0,155905
"SK","2023-05-22",0,155905
"SK","2023-05-23",0,155905
"SK","2023-05-24",0,155905
"SK","2023-05-25",0,155905
"SK","2023-05-26",0,155905
"SK","2023-05-27",76,155981
"SK","2023-05-28",0,155981
"SK","2023-05-29",0,155981
"SK","2023-05-30",0,155981
"SK","2023-05-31",0,155981
"SK","2023-06-01",0,155981
"SK","2023-06-02",0,155981
"SK","2023-06-03",36,156017
"SK","2023-06-04",0,156017
"SK","2023-06-05",0,156017
"SK","2023-06-06",0,156017
"SK","2023-06-07",0,156017
"SK","2023-06-08",0,156017
"SK","2023-06-09",0,156017
"SK","2023-06-10",36,156053
"SK","2023-06-11",0,156053
"SK","2023-06-12",0,156053
"SK","2023-06-13",0,156053
"SK","2023-06-14",0,156053
"SK","2023-06-15",0,156053
"SK","2023-06-16",0,156053
"SK","2023-06-17",37,156090
"SK","2023-06-18",0,156090
"SK","2023-06-19",0,156090
"SK","2023-06-20",0,156090
"SK","2023-06-21",0,156090
"SK","2023-06-22",0,156090
"SK","2023-06-23",0,156090
"SK","2023-06-24",33,156123
"SK","2023-06-25",0,156123
"SK","2023-06-26",0,156123
"SK","2023-06-27",0,156123
"SK","2023-06-28",0,156123
"SK","2023-06-29",0,156123
"SK","2023-06-30",0,156123
"SK","2023-07-01",34,156157
"SK","2023-07-02",0,156157
"SK","2023-07-03",0,156157
"SK","2023-07-04",0,156157
"SK","2023-07-05",0,156157
"SK","2023-07-06",0,156157
"SK","2023-07-07",0,156157
"SK","2023-07-08",27,156184
"SK","2023-07-09",0,156184
"SK","2023-07-10",0,156184
"SK","2023-07-11",0,156184
"SK","2023-07-12",0,156184
"SK","2023-07-13",0,156184
"SK","2023-07-14",0,156184
"SK","2023-07-15",44,156228
"SK","2023-07-16",0,156228
"SK","2023-07-17",0,156228
"SK","2023-07-18",0,156228
"SK","2023-07-19",0,156228
"SK","2023-07-20",0,156228
"SK","2023-07-21",0,156228
"SK","2023-07-22",53,156281
"SK","2023-07-23",0,156281
"SK","2023-07-24",0,156281
"SK","2023-07-25",0,156281
"SK","2023-07-26",0,156281
"SK","2023-07-27",0,156281
"SK","2023-07-28",0,156281
"SK","2023-07-29",77,156358
"SK","2023-07-30",0,156358
"SK","2023-07-31",0,156358
"SK","2023-08-01",0,156358
"SK","2023-08-02",0,156358
"SK","2023-08-03",0,156358
"SK","2023-08-04",0,156358
"SK","2023-08-05",41,156399
"SK","2023-08-06",0,156399
"SK","2023-08-07",0,156399
"SK","2023-08-08",0,156399
"SK","2023-08-09",0,156399
"SK","2023-08-10",0,156399
"SK","2023-08-11",0,156399
"SK","2023-08-12",36,156435
"SK","2023-08-13",0,156435
"SK","2023-08-14",0,156435
"SK","2023-08-15",0,156435
"SK","2023-08-16",0,156435
"SK","2023-08-17",0,156435
"SK","2023-08-18",0,156435
"SK","2023-08-19",51,156486
"SK","2023-08-20",0,156486
"SK","2023-08-21",0,156486
"SK","2023-08-22",0,156486
"SK","2023-08-23",0,156486
"SK","2023-08-24",0,156486
"SK","2023-08-25",0,156486
"SK","2023-08-26",81,156567
"SK","2023-08-27",0,156567
"SK","2023-08-28",0,156567
"SK","2023-08-29",0,156567
"SK","2023-08-30",0,156567
"SK","2023-08-31",0,156567
"SK","2023-09-01",0,156567
"SK","2023-09-02",67,156634
"SK","2023-09-03",0,156634
"SK","2023-09-04",0,156634
"SK","2023-09-05",0,156634
"SK","2023-09-06",0,156634
"SK","2023-09-07",0,156634
"SK","2023-09-08",0,156634
"SK","2023-09-09",96,156730
"SK","2023-09-10",0,156730
"SK","2023-09-11",0,156730
"SK","2023-09-12",0,156730
"SK","2023-09-13",0,156730
"SK","2023-09-14",0,156730
"SK","2023-09-15",0,156730
"SK","2023-09-16",123,156853
"SK","2023-09-17",0,156853
"SK","2023-09-18",0,156853
"SK","2023-09-19",0,156853
"SK","2023-09-20",0,156853
"SK","2023-09-21",0,156853
"SK","2023-09-22",0,156853
"SK","2023-09-23",159,157012
"SK","2023-09-24",0,157012
"SK","2023-09-25",0,157012
"SK","2023-09-26",0,157012
"SK","2023-09-27",0,157012
"SK","2023-09-28",0,157012
"SK","2023-09-29",0,157012
"SK","2023-09-30",229,157241
"SK","2023-10-01",0,157241
"SK","2023-10-02",0,157241
"SK","2023-10-03",0,157241
"SK","2023-10-04",0,157241
"SK","2023-10-05",0,157241
"SK","2023-10-06",0,157241
"SK","2023-10-07",270,157511
"SK","2023-10-08",0,157511
"SK","2023-10-09",0,157511
"SK","2023-10-10",0,157511
"SK","2023-10-11",0,157511
"SK","2023-10-12",0,157511
"SK","2023-10-13",0,157511
"SK","2023-10-14",345,157856
"SK","2023-10-15",0,157856
"SK","2023-10-16",0,157856
"SK","2023-10-17",0,157856
"SK","2023-10-18",0,157856
"SK","2023-10-19",0,157856
"SK","2023-10-20",0,157856
"SK","2023-10-21",390,158246
"SK","2023-10-22",0,158246
"SK","2023-10-23",0,158246
"SK","2023-10-24",0,158246
"SK","2023-10-25",0,158246
"SK","2023-10-26",0,158246
"SK","2023-10-27",0,158246
"SK","2023-10-28",396,158642
"SK","2023-10-29",0,158642
"SK","2023-10-30",0,158642
"SK","2023-10-31",0,158642
"SK","2023-11-01",0,158642
"SK","2023-11-02",0,158642
"SK","2023-11-03",0,158642
"SK","2023-11-04",442,159084
"SK","2023-11-05",0,159084
"SK","2023-11-06",0,159084
"SK","2023-11-07",0,159084
"SK","2023-11-08",0,159084
"SK","2023-11-09",0,159084
"SK","2023-11-10",0,159084
"SK","2023-11-11",496,159580
"SK","2023-11-12",0,159580
"SK","2023-11-13",0,159580
"SK","2023-11-14",0,159580
"SK","2023-11-15",0,159580
"SK","2023-11-16",0,159580
"SK","2023-11-17",0,159580
"SK","2023-11-18",426,160006
"SK","2023-11-19",0,160006
"SK","2023-11-20",0,160006
"SK","2023-11-21",0,160006
"SK","2023-11-22",0,160006
"SK","2023-11-23",0,160006
"SK","2023-11-24",0,160006
"SK","2023-11-25",395,160401
"SK","2023-11-26",0,160401
"SK","2023-11-27",0,160401
"SK","2023-11-28",0,160401
"SK","2023-11-29",0,160401
"SK","2023-11-30",0,160401
"SK","2023-12-01",0,160401
"SK","2023-12-02",308,160709
"SK","2023-12-03",0,160709
"SK","2023-12-04",0,160709
"SK","2023-12-05",0,160709
"SK","2023-12-06",0,160709
"SK","2023-12-07",0,160709
"SK","2023-12-08",0,160709
"SK","2023-12-09",307,161016
"SK","2023-12-10",0,161016
"SK","2023-12-11",0,161016
"SK","2023-12-12",0,161016
"SK","2023-12-13",0,161016
"SK","2023-12-14",0,161016
"SK","2023-12-15",0,161016
"SK","2023-12-16",262,161278
"SK","2023-12-17",0,161278
"SK","2023-12-18",0,161278
"SK","2023-12-19",0,161278
"SK","2023-12-20",0,161278
"SK","2023-12-21",0,161278
"SK","2023-12-22",0,161278
"SK","2023-12-23",221,161499
"SK","2023-12-24",0,161499
"SK","2023-12-25",0,161499
"SK","2023-12-26",0,161499
"SK","2023-12-27",0,161499
"SK","2023-12-28",0,161499
"SK","2023-12-29",0,161499
"SK","2023-12-30",202,161701
"YT","2020-03-19",2,2
"YT","2020-03-20",0,2
"YT","2020-03-21",0,2
"YT","2020-03-22",0,2
"YT","2020-03-23",1,3
"YT","2020-03-24",1,4
"YT","2020-03-25",0,4
"YT","2020-03-26",1,5
"YT","2020-03-27",1,6
"YT","2020-03-28",1,7
"YT","2020-03-29",0,7
"YT","2020-03-30",0,7
"YT","2020-03-31",2,9
"YT","2020-04-01",0,9
"YT","2020-04-02",1,10
"YT","2020-04-03",0,10
"YT","2020-04-04",1,11
"YT","2020-04-05",0,11
"YT","2020-04-06",0,11
"YT","2020-04-07",0,11
"YT","2020-04-08",0,11
"YT","2020-04-09",0,11
"YT","2020-04-10",0,11
"YT","2020-04-11",0,11
"YT","2020-04-12",0,11
"YT","2020-04-13",0,11
"YT","2020-04-14",0,11
"YT","2020-04-15",0,11
"YT","2020-04-16",0,11
"YT","2020-04-17",1,12
"YT","2020-04-18",2,14
"YT","2020-04-19",0,14
"YT","2020-04-20",0,14
"YT","2020-04-21",0,14
"YT","2020-04-22",0,14
"YT","2020-04-23",0,14
"YT","2020-04-24",0,14
"YT","2020-04-25",0,14
"YT","2020-04-26",0,14
"YT","2020-04-27",0,14
"YT","2020-04-28",0,14
"YT","2020-04-29",0,14
"YT","2020-04-30",0,14
"YT","2020-05-01",0,14
"YT","2020-05-02",0,14
"YT","2020-05-03",0,14
"YT","2020-05-04",0,14
"YT","2020-05-05",0,14
"YT","2020-05-06",0,14
"YT","2020-05-07",0,14
"YT","2020-05-08",0,14
"YT","2020-05-09",0,14
"YT","2020-05-10",0,14
"YT","2020-05-11",0,14
"YT","2020-05-12",0,14
"YT","2020-05-13",0,14
"YT","2020-05-14",0,14
"YT","2020-05-15",0,14
"YT","2020-05-16",0,14
"YT","2020-05-17",0,14
"YT","2020-05-18",0,14
"YT","2020-05-19",0,14
"YT","2020-05-20",0,14
"YT","2020-05-21",0,14
"YT","2020-05-22",0,14
"YT","2020-05-23",0,14
"YT","2020-05-24",0,14
"YT","2020-05-25",0,14
"YT","2020-05-26",0,14
"YT","2020-05-27",0,14
"YT","2020-05-28",0,14
"YT","2020-05-29",0,14
"YT","2020-05-30",0,14
"YT","2020-05-31",0,14
"YT","2020-06-01",0,14
"YT","2020-06-02",0,14
"YT","2020-06-03",0,14
"YT","2020-06-04",0,14
"YT","2020-06-05",0,14
"YT","2020-06-06",0,14
"YT","2020-06-07",0,14
"YT","2020-06-08",0,14
"YT","2020-06-09",0,14
"YT","2020-06-10",0,14
"YT","2020-06-11",0,14
"YT","2020-06-12",0,14
"YT","2020-06-13",0,14
"YT","2020-06-14",0,14
"YT","2020-06-15",0,14
"YT","2020-06-16",0,14
"YT","2020-06-17",0,14
"YT","2020-06-18",0,14
"YT","2020-06-19",0,14
"YT","2020-06-20",0,14
"YT","2020-06-21",0,14
"YT","2020-06-22",0,14
"YT","2020-06-23",0,14
"YT","2020-06-24",0,14
"YT","2020-06-25",0,14
"YT","2020-06-26",0,14
"YT","2020-06-27",0,14
"YT","2020-06-28",0,14
"YT","2020-06-29",0,14
"YT","2020-06-30",0,14
"YT","2020-07-01",0,14
"YT","2020-07-02",0,14
"YT","2020-07-03",0,14
"YT","2020-07-04",0,14
"YT","2020-07-05",0,14
"YT","2020-07-06",0,14
"YT","2020-07-07",0,14
"YT","2020-07-08",0,14
"YT","2020-07-09",0,14
"YT","2020-07-10",0,14
"YT","2020-07-11",0,14
"YT","2020-07-12",0,14
"YT","2020-07-13",0,14
"YT","2020-07-14",0,14
"YT","2020-07-15",0,14
"YT","2020-07-16",1,15
"YT","2020-07-17",3,18
"YT","2020-07-18",0,18
"YT","2020-07-19",0,18
"YT","2020-07-20",0,18
"YT","2020-07-21",0,18
"YT","2020-07-22",0,18
"YT","2020-07-23",0,18
"YT","2020-07-24",0,18
"YT","2020-07-25",0,18
"YT","2020-07-26",0,18
"YT","2020-07-27",0,18
"YT","2020-07-28",0,18
"YT","2020-07-29",0,18
"YT","2020-07-30",0,18
"YT","2020-07-31",0,18
"YT","2020-08-01",0,18
"YT","2020-08-02",0,18
"YT","2020-08-03",0,18
"YT","2020-08-04",0,18
"YT","2020-08-05",0,18
"YT","2020-08-06",0,18
"YT","2020-08-07",0,18
"YT","2020-08-08",1,19
"YT","2020-08-09",0,19
"YT","2020-08-10",0,19
"YT","2020-08-11",0,19
"YT","2020-08-12",0,19
"YT","2020-08-13",0,19
"YT","2020-08-14",0,19
"YT","2020-08-15",0,19
"YT","2020-08-16",0,19
"YT","2020-08-17",0,19
"YT","2020-08-18",0,19
"YT","2020-08-19",0,19
"YT","2020-08-20",0,19
"YT","2020-08-21",0,19
"YT","2020-08-22",0,19
"YT","2020-08-23",0,19
"YT","2020-08-24",0,19
"YT","2020-08-25",0,19
"YT","2020-08-26",0,19
"YT","2020-08-27",0,19
"YT","2020-08-28",0,19
"YT","2020-08-29",0,19
"YT","2020-08-30",0,19
"YT","2020-08-31",0,19
"YT","2020-09-01",0,19
"YT","2020-09-02",0,19
"YT","2020-09-03",0,19
"YT","2020-09-04",0,19
"YT","2020-09-05",0,19
"YT","2020-09-06",0,19
"YT","2020-09-07",0,19
"YT","2020-09-08",0,19
"YT","2020-09-09",0,19
"YT","2020-09-10",0,19
"YT","2020-09-11",0,19
"YT","2020-09-12",0,19
"YT","2020-09-13",0,19
"YT","2020-09-14",0,19
"YT","2020-09-15",0,19
"YT","2020-09-16",0,19
"YT","2020-09-17",0,19
"YT","2020-09-18",0,19
"YT","2020-09-19",0,19
"YT","2020-09-20",0,19
"YT","2020-09-21",0,19
"YT","2020-09-22",0,19
"YT","2020-09-23",0,19
"YT","2020-09-24",0,19
"YT","2020-09-25",1,20
"YT","2020-09-26",0,20
"YT","2020-09-27",0,20
"YT","2020-09-28",0,20
"YT","2020-09-29",0,20
"YT","2020-09-30",0,20
"YT","2020-10-01",0,20
"YT","2020-10-02",0,20
"YT","2020-10-03",0,20
"YT","2020-10-04",0,20
"YT","2020-10-05",0,20
"YT","2020-10-06",0,20
"YT","2020-10-07",0,20
"YT","2020-10-08",0,20
"YT","2020-10-09",0,20
"YT","2020-10-10",0,20
"YT","2020-10-11",0,20
"YT","2020-10-12",0,20
"YT","2020-10-13",0,20
"YT","2020-10-14",0,20
"YT","2020-10-15",0,20
"YT","2020-10-16",0,20
"YT","2020-10-17",0,20
"YT","2020-10-18",2,22
"YT","2020-10-19",1,23
"YT","2020-10-20",0,23
"YT","2020-10-21",0,23
"YT","2020-10-22",3,26
"YT","2020-10-23",0,26
"YT","2020-10-24",0,26
"YT","2020-10-25",0,26
"YT","2020-10-26",2,28
"YT","2020-10-27",0,28
"YT","2020-10-28",0,28
"YT","2020-10-29",0,28
"YT","2020-10-30",0,28
"YT","2020-10-31",0,28
"YT","2020-11-01",0,28
"YT","2020-11-02",0,28
"YT","2020-11-03",1,29
"YT","2020-11-04",0,29
"YT","2020-11-05",0,29
"YT","2020-11-06",0,29
"YT","2020-11-07",0,29
"YT","2020-11-08",0,29
"YT","2020-11-09",1,30
"YT","2020-11-10",0,30
"YT","2020-11-11",1,31
"YT","2020-11-12",0,31
"YT","2020-11-13",0,31
"YT","2020-11-14",2,33
"YT","2020-11-15",0,33
"YT","2020-11-16",1,34
"YT","2020-11-17",0,34
"YT","2020-11-18",6,40
"YT","2020-11-19",4,44
"YT","2020-11-20",0,44
"YT","2020-11-21",2,46
"YT","2020-11-22",0,46
"YT","2020-11-23",2,48
"YT","2020-11-24",1,49
"YT","2020-11-25",3,52
"YT","2020-11-26",2,54
"YT","2020-11-27",2,56
"YT","2020-11-28",1,57
"YT","2020-11-29",1,58
"YT","2020-11-30",2,60
"YT","2020-12-01",1,61
"YT","2020-12-02",2,63
"YT","2020-12-03",4,67
"YT","2020-12-04",0,67
"YT","2020-12-05",2,69
"YT","2020-12-06",0,69
"YT","2020-12-07",0,69
"YT","2020-12-08",0,69
"YT","2020-12-09",0,69
"YT","2020-12-10",0,69
"YT","2020-12-11",0,69
"YT","2020-12-12",0,69
"YT","2020-12-13",0,69
"YT","2020-12-14",0,69
"YT","2020-12-15",0,69
"YT","2020-12-16",0,69
"YT","2020-12-17",0,69
"YT","2020-12-18",0,69
"YT","2020-12-19",0,69
"YT","2020-12-20",0,69
"YT","2020-12-21",0,69
"YT","2020-12-22",0,69
"YT","2020-12-23",0,69
"YT","2020-12-24",1,70
"YT","2020-12-25",0,70
"YT","2020-12-26",0,70
"YT","2020-12-27",0,70
"YT","2020-12-28",0,70
"YT","2020-12-29",0,70
"YT","2020-12-30",0,70
"YT","2020-12-31",1,71
"YT","2021-01-01",7,78
"YT","2021-01-02",0,78
"YT","2021-01-03",1,79
"YT","2021-01-04",1,80
"YT","2021-01-05",1,81
"YT","2021-01-06",2,83
"YT","2021-01-07",0,83
"YT","2021-01-08",0,83
"YT","2021-01-09",0,83
"YT","2021-01-10",0,83
"YT","2021-01-11",0,83
"YT","2021-01-12",0,83
"YT","2021-01-13",0,83
"YT","2021-01-14",0,83
"YT","2021-01-15",0,83
"YT","2021-01-16",0,83
"YT","2021-01-17",0,83
"YT","2021-01-18",0,83
"YT","2021-01-19",0,83
"YT","2021-01-20",0,83
"YT","2021-01-21",0,83
"YT","2021-01-22",0,83
"YT","2021-01-23",0,83
"YT","2021-01-24",0,83
"YT","2021-01-25",0,83
"YT","2021-01-26",0,83
"YT","2021-01-27",0,83
"YT","2021-01-28",0,83
"YT","2021-01-29",0,83
"YT","2021-01-30",0,83
"YT","2021-01-31",0,83
"YT","2021-02-01",0,83
"YT","2021-02-02",0,83
"YT","2021-02-03",0,83
"YT","2021-02-04",0,83
"YT","2021-02-05",0,83
"YT","2021-02-06",1,84
"YT","2021-02-07",0,84
"YT","2021-02-08",0,84
"YT","2021-02-09",0,84
"YT","2021-02-10",0,84
"YT","2021-02-11",0,84
"YT","2021-02-12",1,85
"YT","2021-02-13",1,86
"YT","2021-02-14",0,86
"YT","2021-02-15",0,86
"YT","2021-02-16",0,86
"YT","2021-02-17",0,86
"YT","2021-02-18",0,86
"YT","2021-02-19",0,86
"YT","2021-02-20",0,86
"YT","2021-02-21",0,86
"YT","2021-02-22",0,86
"YT","2021-02-23",0,86
"YT","2021-02-24",0,86
"YT","2021-02-25",0,86
"YT","2021-02-26",0,86
"YT","2021-02-27",0,86
"YT","2021-02-28",0,86
"YT","2021-03-01",0,86
"YT","2021-03-02",0,86
"YT","2021-03-03",0,86
"YT","2021-03-04",0,86
"YT","2021-03-05",0,86
"YT","2021-03-06",0,86
"YT","2021-03-07",0,86
"YT","2021-03-08",0,86
"YT","2021-03-09",0,86
"YT","2021-03-10",0,86
"YT","2021-03-11",0,86
"YT","2021-03-12",0,86
"YT","2021-03-13",0,86
"YT","2021-03-14",1,87
"YT","2021-03-15",0,87
"YT","2021-03-16",0,87
"YT","2021-03-17",0,87
"YT","2021-03-18",0,87
"YT","2021-03-19",0,87
"YT","2021-03-20",0,87
"YT","2021-03-21",0,87
"YT","2021-03-22",0,87
"YT","2021-03-23",0,87
"YT","2021-03-24",1,88
"YT","2021-03-25",0,88
"YT","2021-03-26",1,89
"YT","2021-03-27",2,91
"YT","2021-03-28",0,91
"YT","2021-03-29",0,91
"YT","2021-03-30",0,91
"YT","2021-03-31",0,91
"YT","2021-04-01",1,92
"YT","2021-04-02",0,92
"YT","2021-04-03",0,92
"YT","2021-04-04",0,92
"YT","2021-04-05",0,92
"YT","2021-04-06",0,92
"YT","2021-04-07",0,92
"YT","2021-04-08",0,92
"YT","2021-04-09",0,92
"YT","2021-04-10",1,93
"YT","2021-04-11",0,93
"YT","2021-04-12",4,97
"YT","2021-04-13",0,97
"YT","2021-04-14",0,97
"YT","2021-04-15",0,97
"YT","2021-04-16",0,97
"YT","2021-04-17",1,98
"YT","2021-04-18",0,98
"YT","2021-04-19",0,98
"YT","2021-04-20",0,98
"YT","2021-04-21",2,100
"YT","2021-04-22",1,101
"YT","2021-04-23",1,102
"YT","2021-04-24",0,102
"YT","2021-04-25",0,102
"YT","2021-04-26",0,102
"YT","2021-04-27",0,102
"YT","2021-04-28",0,102
"YT","2021-04-29",0,102
"YT","2021-04-30",1,103
"YT","2021-05-01",0,103
"YT","2021-05-02",0,103
"YT","2021-05-03",0,103
"YT","2021-05-04",0,103
"YT","2021-05-05",0,103
"YT","2021-05-06",0,103
"YT","2021-05-07",0,103
"YT","2021-05-08",0,103
"YT","2021-05-09",0,103
"YT","2021-05-10",1,104
"YT","2021-05-11",1,105
"YT","2021-05-12",0,105
"YT","2021-05-13",0,105
"YT","2021-05-14",0,105
"YT","2021-05-15",0,105
"YT","2021-05-16",0,105
"YT","2021-05-17",0,105
"YT","2021-05-18",0,105
"YT","2021-05-19",0,105
"YT","2021-05-20",0,105
"YT","2021-05-21",0,105
"YT","2021-05-22",0,105
"YT","2021-05-23",0,105
"YT","2021-05-24",0,105
"YT","2021-05-25",0,105
"YT","2021-05-26",0,105
"YT","2021-05-27",0,105
"YT","2021-05-28",0,105
"YT","2021-05-29",0,105
"YT","2021-05-30",0,105
"YT","2021-05-31",0,105
"YT","2021-06-01",0,105
"YT","2021-06-02",0,105
"YT","2021-06-03",0,105
"YT","2021-06-04",0,105
"YT","2021-06-05",4,109
"YT","2021-06-06",0,109
"YT","2021-06-07",0,109
"YT","2021-06-08",2,111
"YT","2021-06-09",4,115
"YT","2021-06-10",3,118
"YT","2021-06-11",5,123
"YT","2021-06-12",0,123
"YT","2021-06-13",10,133
"YT","2021-06-14",10,143
"YT","2021-06-15",20,163
"YT","2021-06-16",16,179
"YT","2021-06-17",16,195
"YT","2021-06-18",25,220
"YT","2021-06-19",29,249
"YT","2021-06-20",7,256
"YT","2021-06-21",8,264
"YT","2021-06-22",20,284
"YT","2021-06-23",5,289
"YT","2021-06-24",9,298
"YT","2021-06-25",10,308
"YT","2021-06-26",26,334
"YT","2021-06-27",25,359
"YT","2021-06-28",17,376
"YT","2021-06-29",15,391
"YT","2021-06-30",12,403
"YT","2021-07-01",11,414
"YT","2021-07-02",16,430
"YT","2021-07-03",13,443
"YT","2021-07-04",25,468
"YT","2021-07-05",13,481
"YT","2021-07-06",7,488
"YT","2021-07-07",6,494
"YT","2021-07-08",13,507
"YT","2021-07-09",6,513
"YT","2021-07-10",7,520
"YT","2021-07-11",6,526
"YT","2021-07-12",2,528
"YT","2021-07-13",2,530
"YT","2021-07-14",3,533
"YT","2021-07-15",4,537
"YT","2021-07-16",6,543
"YT","2021-07-17",13,556
"YT","2021-07-18",7,563
"YT","2021-07-19",4,567
"YT","2021-07-20",8,575
"YT","2021-07-21",6,581
"YT","2021-07-22",3,584
"YT","2021-07-23",10,594
"YT","2021-07-24",21,615
"YT","2021-07-25",10,625
"YT","2021-07-26",3,628
"YT","2021-07-27",6,634
"YT","2021-07-28",7,641
"YT","2021-07-29",5,646
"YT","2021-07-30",5,651
"YT","2021-07-31",8,659
"YT","2021-08-01",3,662
"YT","2021-08-02",3,665
"YT","2021-08-03",3,668
"YT","2021-08-04",2,670
"YT","2021-08-05",1,671
"YT","2021-08-06",6,677
"YT","2021-08-07",2,679
"YT","2021-08-08",6,685
"YT","2021-08-09",4,689
"YT","2021-08-10",4,693
"YT","2021-08-11",3,696
"YT","2021-08-12",1,697
"YT","2021-08-13",6,703
"YT","2021-08-14",1,704
"YT","2021-08-15",10,714
"YT","2021-08-16",0,714
"YT","2021-08-17",1,715
"YT","2021-08-18",9,724
"YT","2021-08-19",5,729
"YT","2021-08-20",4,733
"YT","2021-08-21",0,733
"YT","2021-08-22",1,734
"YT","2021-08-23",0,734
"YT","2021-08-24",1,735
"YT","2021-08-25",1,736
"YT","2021-08-26",0,736
"YT","2021-08-27",1,737
"YT","2021-08-28",3,740
"YT","2021-08-29",1,741
"YT","2021-08-30",3,744
"YT","2021-08-31",1,745
"YT","2021-09-01",2,747
"YT","2021-09-02",3,750
"YT","2021-09-03",2,752
"YT","2021-09-04",2,754
"YT","2021-09-05",1,755
"YT","2021-09-06",0,755
"YT","2021-09-07",1,756
"YT","2021-09-08",4,760
"YT","2021-09-09",0,760
"YT","2021-09-10",2,762
"YT","2021-09-11",3,765
"YT","2021-09-12",0,765
"YT","2021-09-13",2,767
"YT","2021-09-14",6,773
"YT","2021-09-15",2,775
"YT","2021-09-16",3,778
"YT","2021-09-17",1,779
"YT","2021-09-18",6,785
"YT","2021-09-19",4,789
"YT","2021-09-20",5,794
"YT","2021-09-21",7,801
"YT","2021-09-22",4,805
"YT","2021-09-23",7,812
"YT","2021-09-24",7,819
"YT","2021-09-25",4,823
"YT","2021-09-26",2,825
"YT","2021-09-27",4,829
"YT","2021-09-28",1,830
"YT","2021-09-29",0,830
"YT","2021-09-30",1,831
"YT","2021-10-01",5,836
"YT","2021-10-02",0,836
"YT","2021-10-03",8,844
"YT","2021-10-04",10,854
"YT","2021-10-05",0,854
"YT","2021-10-06",16,870
"YT","2021-10-07",11,881
"YT","2021-10-08",7,888
"YT","2021-10-09",4,892
"YT","2021-10-10",6,898
"YT","2021-10-11",7,905
"YT","2021-10-12",11,916
"YT","2021-10-13",7,923
"YT","2021-10-14",8,931
"YT","2021-10-15",3,934
"YT","2021-10-16",16,950
"YT","2021-10-17",16,966
"YT","2021-10-18",4,970
"YT","2021-10-19",3,973
"YT","2021-10-20",11,984
"YT","2021-10-21",5,989
"YT","2021-10-22",14,1003
"YT","2021-10-23",5,1008
"YT","2021-10-24",10,1018
"YT","2021-10-25",3,1021
"YT","2021-10-26",7,1028
"YT","2021-10-27",5,1033
"YT","2021-10-28",8,1041
"YT","2021-10-29",13,1054
"YT","2021-10-30",4,1058
"YT","2021-10-31",14,1072
"YT","2021-11-01",5,1077
"YT","2021-11-02",9,1086
"YT","2021-11-03",20,1106
"YT","2021-11-04",30,1136
"YT","2021-11-05",15,1151
"YT","2021-11-06",23,1174
"YT","2021-11-07",23,1197
"YT","2021-11-08",22,1219
"YT","2021-11-09",29,1248
"YT","2021-11-10",15,1263
"YT","2021-11-11",23,1286
"YT","2021-11-12",22,1308
"YT","2021-11-13",24,1332
"YT","2021-11-14",38,1370
"YT","2021-11-15",27,1397
"YT","2021-11-16",17,1414
"YT","2021-11-17",24,1438
"YT","2021-11-18",28,1466
"YT","2021-11-19",33,1499
"YT","2021-11-20",17,1516
"YT","2021-11-21",15,1531
"YT","2021-11-22",16,1547
"YT","2021-11-23",18,1565
"YT","2021-11-24",14,1579
"YT","2021-11-25",17,1596
"YT","2021-11-26",8,1604
"YT","2021-11-27",21,1625
"YT","2021-11-28",7,1632
"YT","2021-11-29",5,1637
"YT","2021-11-30",8,1645
"YT","2021-12-01",4,1649
"YT","2021-12-02",13,1662
"YT","2021-12-03",7,1669
"YT","2021-12-04",10,1679
"YT","2021-12-05",7,1686
"YT","2021-12-06",6,1692
"YT","2021-12-07",1,1693
"YT","2021-12-08",5,1698
"YT","2021-12-09",7,1705
"YT","2021-12-10",14,1719
"YT","2021-12-11",6,1725
"YT","2021-12-12",10,1735
"YT","2021-12-13",5,1740
"YT","2021-12-14",4,1744
"YT","2021-12-15",7,1751
"YT","2021-12-16",6,1757
"YT","2021-12-17",7,1764
"YT","2021-12-18",13,1777
"YT","2021-12-19",9,1786
"YT","2021-12-20",8,1794
"YT","2021-12-21",2,1796
"YT","2021-12-22",2,1798
"YT","2021-12-23",12,1810
"YT","2021-12-24",9,1819
"YT","2021-12-25",1,1820
"YT","2021-12-26",4,1824
"YT","2021-12-27",3,1827
"YT","2021-12-28",9,1836
"YT","2021-12-29",14,1850
"YT","2021-12-30",39,1889
"YT","2021-12-31",31,1920
"YT","2022-01-01",54,1974
"YT","2022-01-02",35,2009
"YT","2022-01-03",76,2085
"YT","2022-01-04",38,2123
"YT","2022-01-05",78,2201
"YT","2022-01-06",73,2274
"YT","2022-01-07",48,2322
"YT","2022-01-08",85,2407
"YT","2022-01-09",56,2463
"YT","2022-01-10",68,2531
"YT","2022-01-11",130,2661
"YT","2022-01-12",76,2737
"YT","2022-01-13",65,2802
"YT","2022-01-14",53,2855
"YT","2022-01-15",64,2919
"YT","2022-01-16",38,2957
"YT","2022-01-17",22,2979
"YT","2022-01-18",32,3011
"YT","2022-01-19",47,3058
"YT","2022-01-20",49,3107
"YT","2022-01-21",42,3149
"YT","2022-01-22",39,3188
"YT","2022-01-23",34,3222
"YT","2022-01-24",39,3261
"YT","2022-01-25",21,3282
"YT","2022-01-26",32,3314
"YT","2022-01-27",32,3346
"YT","2022-01-28",29,3375
"YT","2022-01-29",23,3398
"YT","2022-01-30",21,3419
"YT","2022-01-31",10,3429
"YT","2022-02-01",25,3454
"YT","2022-02-02",22,3476
"YT","2022-02-03",24,3500
"YT","2022-02-04",21,3521
"YT","2022-02-05",17,3538
"YT","2022-02-06",24,3562
"YT","2022-02-07",14,3576
"YT","2022-02-08",18,3594
"YT","2022-02-09",12,3606
"YT","2022-02-10",26,3632
"YT","2022-02-11",19,3651
"YT","2022-02-12",12,3663
"YT","2022-02-13",17,3680
"YT","2022-02-14",9,3689
"YT","2022-02-15",1,3690
"YT","2022-02-16",12,3702
"YT","2022-02-17",13,3715
"YT","2022-02-18",9,3724
"YT","2022-02-19",10,3734
"YT","2022-02-20",11,3745
"YT","2022-02-21",9,3754
"YT","2022-02-22",6,3760
"YT","2022-02-23",9,3769
"YT","2022-02-24",15,3784
"YT","2022-02-25",12,3796
"YT","2022-02-26",11,3807
"YT","2022-02-27",9,3816
"YT","2022-02-28",8,3824
"YT","2022-03-01",4,3828
"YT","2022-03-02",9,3837
"YT","2022-03-03",6,3843
"YT","2022-03-04",8,3851
"YT","2022-03-05",9,3860
"YT","2022-03-06",15,3875
"YT","2022-03-07",13,3888
"YT","2022-03-08",12,3900
"YT","2022-03-09",14,3914
"YT","2022-03-10",13,3927
"YT","2022-03-11",12,3939
"YT","2022-03-12",4,3943
"YT","2022-03-13",10,3953
"YT","2022-03-14",8,3961
"YT","2022-03-15",8,3969
"YT","2022-03-16",17,3986
"YT","2022-03-17",18,4004
"YT","2022-03-18",13,4017
"YT","2022-03-19",19,4036
"YT","2022-03-20",11,4047
"YT","2022-03-21",12,4059
"YT","2022-03-22",7,4066
"YT","2022-03-23",21,4087
"YT","2022-03-24",16,4103
"YT","2022-03-25",19,4122
"YT","2022-03-26",25,4147
"YT","2022-03-27",21,4168
"YT","2022-03-28",7,4175
"YT","2022-03-29",15,4190
"YT","2022-03-30",10,4200
"YT","2022-03-31",25,4225
"YT","2022-04-01",24,4249
"YT","2022-04-02",16,4265
"YT","2022-04-03",14,4279
"YT","2022-04-04",7,4286
"YT","2022-04-05",9,4295
"YT","2022-04-06",24,4319
"YT","2022-04-07",22,4341
"YT","2022-04-08",15,4356
"YT","2022-04-09",15,4371
"YT","2022-04-10",17,4388
"YT","2022-04-11",13,4401
"YT","2022-04-12",12,4413
"YT","2022-04-13",14,4427
"YT","2022-04-14",23,4450
"YT","2022-04-15",12,4462
"YT","2022-04-16",9,4471
"YT","2022-04-17",7,4478
"YT","2022-04-18",10,4488
"YT","2022-04-19",10,4498
"YT","2022-04-20",22,4520
"YT","2022-04-21",18,4538
"YT","2022-04-22",23,4561
"YT","2022-04-23",22,4583
"YT","2022-04-24",6,4589
"YT","2022-04-25",0,4589
"YT","2022-04-26",17,4606
"YT","2022-04-27",16,4622
"YT","2022-04-28",21,4643
"YT","2022-04-29",11,4654
"YT","2022-04-30",8,4662
"YT","2022-05-01",6,4668
"YT","2022-05-02",6,4674
"YT","2022-05-03",11,4685
"YT","2022-05-04",12,4697
"YT","2022-05-05",17,4714
"YT","2022-05-06",10,4724
"YT","2022-05-07",14,4738
"YT","2022-05-08",6,4744
"YT","2022-05-09",8,4752
"YT","2022-05-10",5,4757
"YT","2022-05-11",6,4763
"YT","2022-05-12",9,4772
"YT","2022-05-13",10,4782
"YT","2022-05-14",6,4788
"YT","2022-05-15",4,4792
"YT","2022-05-16",1,4793
"YT","2022-05-17",9,4802
"YT","2022-05-18",5,4807
"YT","2022-05-19",4,4811
"YT","2022-05-20",4,4815
"YT","2022-05-21",2,4817
"YT","2022-05-22",8,4825
"YT","2022-05-23",3,4828
"YT","2022-05-24",2,4830
"YT","2022-05-25",3,4833
"YT","2022-05-26",3,4836
"YT","2022-05-27",8,4844
"YT","2022-05-28",5,4849
"YT","2022-05-29",4,4853
"YT","2022-05-30",2,4855
"YT","2022-05-31",2,4857
"YT","2022-06-01",2,4859
"YT","2022-06-02",7,4866
"YT","2022-06-03",2,4868
"YT","2022-06-04",4,4872
"YT","2022-06-05",0,4872
"YT","2022-06-06",3,4875
"YT","2022-06-07",0,4875
"YT","2022-06-08",3,4878
"YT","2022-06-09",4,4882
"YT","2022-06-10",2,4884
"YT","2022-06-11",1,4885
"YT","2022-06-12",3,4888
"YT","2022-06-13",2,4890
"YT","2022-06-14",4,4894
"YT","2022-06-15",3,4897
"YT","2022-06-16",3,4900
"YT","2022-06-17",6,4906
"YT","2022-06-18",5,4911
"YT","2022-06-19",1,4912
"YT","2022-06-20",1,4913
"YT","2022-06-21",3,4916
"YT","2022-06-22",4,4920
"YT","2022-06-23",5,4925
"YT","2022-06-24",6,4931
"YT","2022-06-25",4,4935
"YT","2022-06-26",6,4941
"YT","2022-06-27",7,4948
"YT","2022-06-28",8,4956
"YT","2022-06-29",5,4961
"YT","2022-06-30",4,4965
"YT","2022-07-01",5,4970
"YT","2022-07-02",3,4973
"YT","2022-07-03",8,4981
"YT","2022-07-04",4,4985
"YT","2022-07-05",1,4986
"YT","2022-07-06",8,4994
"YT","2022-07-07",0,4994
"YT","2022-07-08",7,5001
"YT","2022-07-09",10,5011
"YT","2022-07-10",6,5017
"YT","2022-07-11",7,5024
"YT","2022-07-12",2,5026
"YT","2022-07-13",14,5040
"YT","2022-07-14",11,5051
"YT","2022-07-15",13,5064
"YT","2022-07-16",10,5074
"YT","2022-07-17",10,5084
"YT","2022-07-18",5,5089
"YT","2022-07-19",4,5093
"YT","2022-07-20",8,5101
"YT","2022-07-21",6,5107
"YT","2022-07-22",15,5122
"YT","2022-07-23",0,5122
"YT","2022-07-24",0,5122
"YT","2022-07-25",1,5123
"YT","2022-07-26",8,5131
"YT","2022-07-27",20,5151
"YT","2022-07-28",25,5176
"YT","2022-07-29",15,5191
"YT","2022-07-30",16,5207
"YT","2022-07-31",12,5219
"YT","2022-08-01",2,5221
"YT","2022-08-02",15,5236
"YT","2022-08-03",6,5242
"YT","2022-08-04",8,5250
"YT","2022-08-05",4,5254
"YT","2022-08-06",14,5268
"YT","2022-08-07",6,5274
"YT","2022-08-08",7,5281
"YT","2022-08-09",5,5286
"YT","2022-08-10",2,5288
"YT","2022-08-11",5,5293
"YT","2022-08-12",8,5301
"YT","2022-08-13",6,5307
"YT","2022-08-14",7,5314
"YT","2022-08-15",3,5317
"YT","2022-08-16",3,5320
"YT","2022-08-17",4,5324
"YT","2022-08-18",2,5326
"YT","2022-08-19",5,5331
"YT","2022-08-20",4,5335
"YT","2022-08-21",0,5335
"YT","2022-08-22",0,5335
"YT","2022-08-23",10,5345
"YT","2022-08-24",2,5347
"YT","2022-08-25",4,5351
"YT","2022-08-26",4,5355
"YT","2022-08-27",6,5361
"YT","2022-08-28",4,5365
"YT","2022-08-29",2,5367
"YT","2022-08-30",7,5374
"YT","2022-08-31",3,5377
"YT","2022-09-01",6,5383
"YT","2022-09-02",5,5388
"YT","2022-09-03",4,5392
"YT","2022-09-04",5,5397
"YT","2022-09-05",1,5398
"YT","2022-09-06",8,5406
"YT","2022-09-07",5,5411
"YT","2022-09-08",4,5415
"YT","2022-09-09",1,5416
"YT","2022-09-10",2,5418
"YT","2022-09-11",0,5418
"YT","2022-09-12",3,5421
"YT","2022-09-13",1,5422
"YT","2022-09-14",3,5425
"YT","2022-09-15",3,5428
"YT","2022-09-16",5,5433
"YT","2022-09-17",3,5436
"YT","2022-09-18",4,5440
"YT","2022-09-19",2,5442
"YT","2022-09-20",4,5446
"YT","2022-09-21",7,5453
"YT","2022-09-22",3,5456
"YT","2022-09-23",3,5459
"YT","2022-09-24",5,5464
"YT","2022-09-25",4,5468
"YT","2022-09-26",2,5470
"YT","2022-09-27",4,5474
"YT","2022-09-28",2,5476
"YT","2022-09-29",5,5481
"YT","2022-09-30",5,5486
"YT","2022-10-01",0,5486
"YT","2022-10-02",2,5488
"YT","2022-10-03",5,5493
"YT","2022-10-04",4,5497
"YT","2022-10-05",3,5500
"YT","2022-10-06",2,5502
"YT","2022-10-07",2,5504
"YT","2022-10-08",1,5505
"YT","2022-10-09",3,5508
"YT","2022-10-10",0,5508
"YT","2022-10-11",1,5509
"YT","2022-10-12",3,5512
"YT","2022-10-13",0,5512
"YT","2022-10-14",0,5512
"YT","2022-10-15",0,5512
"YT","2022-10-16",0,5512
"YT","2022-10-17",1,5513
"YT","2022-10-18",1,5514
"YT","2022-10-19",3,5517
"YT","2022-10-20",4,5521
"YT","2022-10-21",4,5525
"YT","2022-10-22",8,5533
"YT","2022-10-23",6,5539
"YT","2022-10-24",1,5540
"YT","2022-10-25",1,5541
"YT","2022-10-26",2,5543
"YT","2022-10-27",1,5544
"YT","2022-10-28",3,5547
"YT","2022-10-29",1,5548
"YT","2022-10-30",0,5548
"YT","2022-10-31",5,5553
"YT","2022-11-01",3,5556
"YT","2022-11-02",4,5560
"YT","2022-11-03",4,5564
"YT","2022-11-04",2,5566
"YT","2022-11-05",7,5573
"YT","2022-11-06",5,5578
"YT","2022-11-07",3,5581
"YT","2022-11-08",1,5582
"YT","2022-11-09",0,5582
"YT","2022-11-10",6,5588
